1017.0 1307.0 1.0
1044.0 1367.0 1.0
1201.0 2784.0 -1.0
2066.0 2673.0 1.0
1307.0 1889.0 1.0
2093.0 2469.0 1.0
1277.0 2570.0 1.0
2565.0 2897.0 1.0
835.0 985.0 1.0
1154.0 2539.0 1.0
2595.0 2678.0 1.0
675.0 1123.0 -1.0
3520.0 4730.0 1.0
2570.0 2931.0 1.0
1946.0 2916.0 1.0
2459.0 2595.0 1.0
3090.0 5105.0 1.0
1771.0 2822.0 1.0
1372.0 4919.0 1.0
614.0 2334.0 1.0
690.0 2299.0 1.0
85.0 3772.0 1.0
1569.0 2685.0 1.0
610.0 893.0 1.0
4595.0 4671.0 1.0
2603.0 3006.0 1.0
4169.0 4595.0 1.0
399.0 811.0 1.0
1763.0 3751.0 -1.0
1987.0 2283.0 1.0
994.0 1307.0 1.0
1951.0 3083.0 1.0
89.0 3723.0 1.0
4079.0 4633.0 1.0
827.0 2797.0 1.0
1069.0 1416.0 -1.0
78.0 2440.0 1.0
4236.0 4348.0 1.0
1931.0 4468.0 1.0
3624.0 3846.0 1.0
1063.0 3944.0 -1.0
367.0 3555.0 1.0
597.0 1620.0 -1.0
4002.0 4368.0 1.0
2031.0 3988.0 1.0
2141.0 4593.0 -1.0
801.0 3339.0 1.0
567.0 576.0 -1.0
259.0 1433.0 -1.0
713.0 2941.0 1.0
78.0 110.0 1.0
842.0 5087.0 -1.0
1117.0 2401.0 1.0
861.0 1577.0 1.0
945.0 4774.0 1.0
500.0 2136.0 -1.0
1861.0 4473.0 1.0
1354.0 2243.0 1.0
421.0 4602.0 1.0
1307.0 1335.0 1.0
303.0 2797.0 -1.0
1349.0 2620.0 1.0
337.0 1238.0 1.0
409.0 1209.0 1.0
696.0 4652.0 1.0
909.0 909.0 1.0
2286.0 4073.0 1.0
1154.0 3434.0 1.0
819.0 4398.0 -1.0
465.0 4468.0 -1.0
4790.0 4790.0 1.0
678.0 1076.0 1.0
3582.0 3680.0 -1.0
1364.0 1433.0 1.0
1028.0 5117.0 -1.0
1111.0 2358.0 1.0
759.0 4172.0 1.0
1320.0 3291.0 1.0
1498.0 3313.0 1.0
1717.0 5187.0 1.0
98.0 2761.0 1.0
1146.0 2550.0 1.0
444.0 2565.0 -1.0
2636.0 3118.0 -1.0
85.0 2139.0 1.0
623.0 1537.0 1.0
1813.0 4058.0 1.0
239.0 1172.0 1.0
2154.0 4828.0 -1.0
2440.0 4515.0 1.0
357.0 1881.0 1.0
1852.0 2786.0 1.0
5095.0 5209.0 1.0
561.0 3345.0 1.0
2109.0 2757.0 1.0
592.0 847.0 1.0
1368.0 4985.0 1.0
1654.0 2540.0 1.0
1433.0 3386.0 -1.0
2981.0 4006.0 1.0
2581.0 5117.0 1.0
313.0 675.0 1.0
290.0 2477.0 1.0
678.0 2828.0 1.0
779.0 1247.0 1.0
961.0 2093.0 1.0
227.0 2891.0 1.0
112.0 1343.0 -1.0
275.0 4593.0 1.0
1016.0 2065.0 -1.0
2376.0 2945.0 -1.0
2159.0 2159.0 1.0
1039.0 3023.0 1.0
1154.0 1154.0 1.0
3132.0 3207.0 1.0
1050.0 4205.0 1.0
1039.0 5230.0 1.0
1182.0 1188.0 1.0
1799.0 3805.0 1.0
2141.0 2376.0 -1.0
2678.0 4944.0 1.0
718.0 849.0 1.0
1901.0 3127.0 -1.0
41.0 216.0 -1.0
966.0 1550.0 1.0
2515.0 3870.0 -1.0
806.0 1095.0 1.0
2136.0 3188.0 -1.0
1323.0 2210.0 -1.0
285.0 2465.0 1.0
664.0 2666.0 1.0
85.0 3138.0 1.0
617.0 2118.0 1.0
1069.0 1876.0 1.0
4306.0 4754.0 1.0
175.0 2838.0 1.0
567.0 2539.0 1.0
4474.0 5065.0 1.0
806.0 2907.0 1.0
4415.0 5081.0 1.0
1182.0 3482.0 1.0
1433.0 1861.0 1.0
660.0 4303.0 -1.0
2565.0 4313.0 -1.0
2172.0 2565.0 1.0
567.0 2141.0 1.0
595.0 1209.0 1.0
4136.0 4843.0 -1.0
302.0 941.0 1.0
1006.0 1931.0 1.0
2854.0 4857.0 1.0
1013.0 4739.0 1.0
66.0 4843.0 -1.0
1433.0 1490.0 -1.0
596.0 1494.0 1.0
675.0 4435.0 1.0
2745.0 4218.0 1.0
4354.0 4595.0 1.0
2554.0 5014.0 1.0
2746.0 3032.0 -1.0
1292.0 2210.0 -1.0
4818.0 5095.0 1.0
491.0 1241.0 1.0
1529.0 2132.0 1.0
1218.0 1302.0 -1.0
1654.0 1808.0 1.0
3127.0 3721.0 -1.0
1997.0 2088.0 -1.0
2430.0 5166.0 -1.0
1283.0 1433.0 1.0
2739.0 5230.0 1.0
1241.0 1896.0 1.0
971.0 4300.0 1.0
646.0 2171.0 1.0
614.0 1501.0 1.0
1370.0 2829.0 1.0
946.0 1124.0 1.0
2376.0 2724.0 -1.0
2862.0 2983.0 1.0
1112.0 1495.0 1.0
498.0 1841.0 1.0
4001.0 4230.0 1.0
2565.0 2590.0 1.0
985.0 4805.0 1.0
1064.0 2024.0 1.0
1230.0 2297.0 1.0
4206.0 4371.0 -1.0
2017.0 2940.0 1.0
883.0 2660.0 -1.0
811.0 854.0 1.0
227.0 1137.0 1.0
1370.0 2118.0 1.0
881.0 973.0 1.0
1124.0 5081.0 1.0
510.0 1203.0 1.0
811.0 3812.0 1.0
678.0 1610.0 1.0
913.0 998.0 1.0
1781.0 4343.0 -1.0
624.0 2729.0 1.0
85.0 2128.0 1.0
894.0 2907.0 -1.0
390.0 4609.0 1.0
1433.0 2681.0 1.0
650.0 1121.0 1.0
2502.0 2557.0 -1.0
421.0 5037.0 1.0
136.0 1227.0 1.0
485.0 2652.0 1.0
3723.0 5213.0 -1.0
683.0 2907.0 1.0
1836.0 1925.0 -1.0
819.0 2151.0 1.0
2700.0 3339.0 1.0
1966.0 2907.0 1.0
2065.0 3449.0 1.0
1629.0 1946.0 1.0
4258.0 4850.0 1.0
914.0 914.0 1.0
2125.0 5105.0 -1.0
527.0 2557.0 1.0
718.0 2172.0 1.0
1561.0 1928.0 1.0
419.0 421.0 1.0
683.0 2564.0 1.0
4909.0 5000.0 1.0
1250.0 3128.0 1.0
4630.0 4711.0 1.0
1209.0 2814.0 1.0
660.0 2259.0 1.0
1182.0 4167.0 1.0
714.0 953.0 -1.0
2418.0 4890.0 1.0
2745.0 3546.0 1.0
1753.0 1791.0 1.0
678.0 1028.0 -1.0
1433.0 2219.0 1.0
876.0 2581.0 1.0
184.0 2669.0 1.0
610.0 1563.0 1.0
197.0 1064.0 1.0
624.0 1435.0 1.0
950.0 2141.0 -1.0
367.0 1800.0 -1.0
2154.0 4797.0 -1.0
3128.0 3484.0 1.0
842.0 2150.0 1.0
567.0 4290.0 1.0
695.0 1946.0 1.0
2114.0 2952.0 1.0
1268.0 2896.0 1.0
2336.0 5226.0 1.0
2565.0 4528.0 1.0
1493.0 2907.0 -1.0
1386.0 2547.0 1.0
421.0 2172.0 1.0
1037.0 3494.0 1.0
4200.0 4937.0 -1.0
971.0 1874.0 -1.0
469.0 5046.0 1.0
687.0 2907.0 1.0
1536.0 2875.0 1.0
1323.0 4775.0 -1.0
1245.0 1494.0 1.0
321.0 4792.0 1.0
85.0 4682.0 1.0
763.0 1193.0 1.0
1377.0 2571.0 1.0
1245.0 2078.0 1.0
614.0 678.0 -1.0
3685.0 4954.0 1.0
2729.0 4335.0 -1.0
1530.0 4999.0 1.0
567.0 3547.0 1.0
3773.0 4302.0 -1.0
1896.0 2907.0 1.0
776.0 1268.0 -1.0
1514.0 1584.0 1.0
699.0 2565.0 -1.0
2249.0 2907.0 1.0
559.0 3545.0 1.0
1529.0 4613.0 -1.0
1007.0 4258.0 1.0
624.0 4201.0 1.0
1905.0 4843.0 1.0
1620.0 1620.0 1.0
1209.0 4783.0 1.0
1288.0 2588.0 -1.0
3166.0 3719.0 1.0
3794.0 5115.0 -1.0
1182.0 1384.0 1.0
1952.0 2499.0 1.0
627.0 1067.0 -1.0
2125.0 2125.0 1.0
1400.0 1894.0 1.0
646.0 1333.0 1.0
300.0 300.0 1.0
1268.0 2807.0 1.0
1182.0 4682.0 1.0
596.0 4139.0 -1.0
384.0 1368.0 -1.0
5102.0 5194.0 1.0
961.0 1209.0 1.0
617.0 4818.0 -1.0
892.0 3460.0 1.0
2114.0 4792.0 -1.0
1078.0 4092.0 1.0
913.0 4951.0 -1.0
696.0 2125.0 1.0
1095.0 2565.0 -1.0
1460.0 2253.0 -1.0
156.0 4990.0 -1.0
360.0 2606.0 1.0
1749.0 1874.0 1.0
4450.0 4450.0 -1.0
982.0 1300.0 1.0
959.0 4702.0 1.0
9.0 811.0 1.0
883.0 4644.0 -1.0
1368.0 2118.0 1.0
931.0 2170.0 -1.0
994.0 1730.0 1.0
2945.0 4869.0 -1.0
1277.0 1562.0 1.0
1793.0 4232.0 1.0
614.0 2066.0 1.0
1725.0 2024.0 -1.0
567.0 2756.0 1.0
383.0 878.0 1.0
627.0 1238.0 1.0
3163.0 3710.0 1.0
819.0 1841.0 -1.0
269.0 2159.0 1.0
1076.0 2118.0 1.0
925.0 2658.0 1.0
3133.0 4864.0 1.0
945.0 2121.0 1.0
85.0 1185.0 1.0
2642.0 5164.0 1.0
1433.0 1505.0 1.0
1012.0 3540.0 1.0
1368.0 2833.0 1.0
1154.0 4300.0 1.0
1831.0 3747.0 -1.0
2939.0 4792.0 1.0
497.0 950.0 1.0
1802.0 2797.0 -1.0
2907.0 3805.0 1.0
647.0 3048.0 1.0
1213.0 3709.0 1.0
598.0 4961.0 1.0
1209.0 2856.0 1.0
696.0 1209.0 1.0
816.0 1433.0 1.0
478.0 2231.0 1.0
2097.0 2172.0 1.0
1847.0 2222.0 1.0
1280.0 3358.0 -1.0
1699.0 1896.0 1.0
675.0 944.0 1.0
610.0 2840.0 1.0
1831.0 2582.0 1.0
646.0 1494.0 1.0
217.0 862.0 1.0
1067.0 2097.0 1.0
1036.0 1997.0 1.0
624.0 3086.0 1.0
506.0 2565.0 1.0
2239.0 2869.0 -1.0
426.0 2022.0 -1.0
2700.0 3062.0 1.0
1847.0 2983.0 1.0
695.0 1324.0 1.0
2565.0 3425.0 -1.0
559.0 4889.0 1.0
987.0 3192.0 1.0
1858.0 2600.0 1.0
1110.0 2907.0 1.0
561.0 5152.0 1.0
1007.0 1847.0 1.0
1827.0 3843.0 1.0
1183.0 4169.0 1.0
2182.0 2182.0 1.0
945.0 2544.0 1.0
838.0 1799.0 1.0
748.0 1646.0 1.0
498.0 971.0 1.0
940.0 940.0 1.0
1026.0 1960.0 1.0
1227.0 4315.0 1.0
690.0 5095.0 1.0
1110.0 1298.0 1.0
917.0 2851.0 1.0
735.0 1013.0 1.0
1587.0 2414.0 1.0
85.0 2542.0 1.0
2522.0 2522.0 -1.0
2475.0 5014.0 1.0
610.0 4108.0 1.0
498.0 2121.0 1.0
1479.0 1836.0 -1.0
1013.0 1445.0 -1.0
2852.0 4781.0 -1.0
624.0 1172.0 1.0
971.0 1167.0 1.0
764.0 1329.0 1.0
971.0 1028.0 -1.0
2071.0 4769.0 1.0
964.0 1132.0 1.0
1209.0 1324.0 1.0
1654.0 2856.0 1.0
491.0 3681.0 1.0
2020.0 2051.0 1.0
491.0 1209.0 -1.0
1759.0 3658.0 1.0
655.0 1885.0 -1.0
1269.0 2828.0 1.0
361.0 1032.0 1.0
2381.0 4807.0 1.0
319.0 1889.0 -1.0
1799.0 5164.0 1.0
1182.0 2701.0 1.0
776.0 1433.0 1.0
395.0 871.0 1.0
1897.0 4678.0 1.0
1255.0 4014.0 -1.0
537.0 1368.0 1.0
816.0 5060.0 1.0
678.0 5117.0 1.0
810.0 1272.0 1.0
85.0 2070.0 1.0
1580.0 2062.0 1.0
696.0 2581.0 -1.0
510.0 736.0 1.0
753.0 821.0 1.0
1154.0 2201.0 1.0
1088.0 5057.0 -1.0
1037.0 1654.0 1.0
1038.0 1312.0 -1.0
376.0 630.0 1.0
85.0 1220.0 1.0
1562.0 3116.0 1.0
727.0 3630.0 1.0
1367.0 3793.0 1.0
987.0 2564.0 1.0
300.0 1065.0 1.0
2154.0 5209.0 1.0
1994.0 2581.0 1.0
2936.0 4030.0 1.0
1431.0 2350.0 1.0
646.0 940.0 1.0
3008.0 4843.0 -1.0
1907.0 2056.0 1.0
1362.0 2958.0 1.0
421.0 1055.0 1.0
1461.0 2700.0 1.0
491.0 1775.0 1.0
1218.0 2893.0 -1.0
704.0 2107.0 1.0
1449.0 2565.0 1.0
1037.0 1307.0 -1.0
178.0 819.0 -1.0
2106.0 2953.0 1.0
1901.0 5026.0 -1.0
1064.0 2802.0 1.0
1390.0 3736.0 1.0
421.0 3936.0 1.0
1023.0 3540.0 1.0
207.0 2839.0 1.0
310.0 1300.0 -1.0
2816.0 3736.0 1.0
1819.0 3341.0 1.0
1791.0 1815.0 -1.0
1245.0 1288.0 -1.0
1348.0 3628.0 1.0
1494.0 4754.0 1.0
3736.0 4053.0 1.0
862.0 2876.0 1.0
3069.0 3295.0 1.0
1463.0 3819.0 1.0
1775.0 1916.0 1.0
85.0 3203.0 1.0
1306.0 1363.0 -1.0
1874.0 2138.0 -1.0
1222.0 4595.0 1.0
718.0 2196.0 1.0
1095.0 5060.0 1.0
812.0 950.0 1.0
2989.0 5105.0 1.0
893.0 2546.0 1.0
765.0 2106.0 1.0
1271.0 1620.0 1.0
490.0 4620.0 1.0
645.0 2224.0 1.0
558.0 1741.0 -1.0
2474.0 3982.0 1.0
2290.0 5179.0 1.0
945.0 5141.0 1.0
1678.0 4595.0 1.0
478.0 1368.0 1.0
1718.0 3230.0 1.0
1136.0 1335.0 1.0
786.0 819.0 -1.0
624.0 2102.0 1.0
1090.0 1245.0 1.0
1422.0 2907.0 1.0
266.0 1067.0 1.0
1053.0 2158.0 1.0
1030.0 1799.0 1.0
1063.0 1172.0 1.0
5163.0 5163.0 1.0
626.0 5144.0 1.0
1889.0 2026.0 1.0
2546.0 2744.0 1.0
672.0 1462.0 1.0
337.0 1223.0 1.0
682.0 1288.0 -1.0
152.0 981.0 1.0
2066.0 2624.0 -1.0
2199.0 2536.0 1.0
1182.0 1673.0 1.0
2201.0 5107.0 1.0
811.0 4457.0 1.0
776.0 2856.0 1.0
893.0 893.0 1.0
2286.0 2588.0 -1.0
227.0 1209.0 -1.0
1976.0 4961.0 1.0
752.0 3709.0 1.0
1084.0 1097.0 1.0
1832.0 5136.0 1.0
2141.0 2391.0 -1.0
151.0 5090.0 1.0
627.0 1343.0 1.0
1290.0 4857.0 -1.0
985.0 2043.0 1.0
1443.0 2277.0 1.0
1908.0 3121.0 1.0
2928.0 3171.0 -1.0
2172.0 5044.0 -1.0
3747.0 5081.0 -1.0
567.0 567.0 -1.0
1494.0 2847.0 1.0
1992.0 2669.0 -1.0
941.0 5034.0 1.0
298.0 1362.0 1.0
1885.0 4357.0 1.0
1989.0 3389.0 1.0
680.0 2324.0 -1.0
690.0 1896.0 1.0
1370.0 1896.0 1.0
2231.0 5056.0 1.0
74.0 946.0 -1.0
109.0 2876.0 1.0
2588.0 4730.0 -1.0
974.0 1752.0 1.0
3280.0 3523.0 1.0
1123.0 2907.0 -1.0
2339.0 3190.0 1.0
3237.0 3357.0 1.0
1089.0 4940.0 1.0
669.0 731.0 1.0
2907.0 5212.0 1.0
1636.0 3450.0 1.0
245.0 1612.0 1.0
2764.0 3736.0 1.0
1041.0 1804.0 1.0
1861.0 4843.0 1.0
629.0 1307.0 1.0
2249.0 4908.0 1.0
950.0 1174.0 1.0
3035.0 3238.0 1.0
1185.0 1774.0 1.0
3710.0 5105.0 1.0
1684.0 2777.0 1.0
2398.0 4678.0 1.0
2746.0 2746.0 1.0
3349.0 3677.0 1.0
1799.0 4379.0 1.0
941.0 3811.0 1.0
2588.0 3663.0 -1.0
1550.0 2707.0 1.0
85.0 1970.0 1.0
469.0 3423.0 -1.0
85.0 1175.0 1.0
363.0 2565.0 1.0
1117.0 3555.0 1.0
966.0 4578.0 -1.0
2833.0 3359.0 1.0
729.0 1802.0 -1.0
2356.0 3736.0 1.0
194.0 640.0 1.0
598.0 1718.0 1.0
941.0 2114.0 1.0
43.0 3055.0 1.0
1831.0 1874.0 -1.0
216.0 1446.0 1.0
310.0 1889.0 -1.0
1800.0 2273.0 1.0
1904.0 2699.0 1.0
1039.0 4603.0 -1.0
362.0 862.0 1.0
1442.0 3128.0 1.0
846.0 2565.0 1.0
2502.0 3555.0 1.0
919.0 2615.0 1.0
862.0 925.0 1.0
1235.0 2161.0 1.0
683.0 1470.0 1.0
2065.0 3274.0 1.0
694.0 886.0 1.0
1452.0 4613.0 1.0
3466.0 5101.0 -1.0
1976.0 2241.0 1.0
1514.0 1585.0 1.0
966.0 3358.0 1.0
911.0 2202.0 1.0
485.0 4079.0 1.0
1925.0 2253.0 -1.0
776.0 2978.0 -1.0
481.0 925.0 1.0
1718.0 3608.0 -1.0
559.0 2653.0 1.0
1957.0 2380.0 1.0
1707.0 2750.0 -1.0
2517.0 3466.0 1.0
213.0 1974.0 1.0
782.0 2114.0 1.0
1377.0 2096.0 1.0
1324.0 4884.0 1.0
3128.0 5141.0 1.0
1732.0 2070.0 1.0
864.0 5053.0 -1.0
678.0 1367.0 1.0
85.0 3040.0 1.0
1154.0 1832.0 1.0
854.0 2566.0 1.0
1430.0 3220.0 1.0
683.0 1589.0 -1.0
1370.0 1644.0 1.0
2453.0 3119.0 -1.0
4029.0 4269.0 1.0
1476.0 2907.0 -1.0
1112.0 1673.0 1.0
2119.0 2585.0 1.0
3710.0 4688.0 1.0
2371.0 4595.0 1.0
614.0 2353.0 -1.0
1934.0 2141.0 1.0
682.0 1323.0 1.0
2373.0 2907.0 -1.0
1776.0 2907.0 1.0
1465.0 2141.0 1.0
567.0 2907.0 -1.0
1062.0 2739.0 -1.0
2902.0 5044.0 1.0
1368.0 2907.0 1.0
1973.0 2250.0 1.0
892.0 3607.0 1.0
1495.0 3736.0 1.0
1896.0 3422.0 1.0
660.0 1236.0 1.0
1362.0 3128.0 1.0
1453.0 3736.0 1.0
321.0 4928.0 -1.0
476.0 1753.0 1.0
903.0 963.0 1.0
1889.0 5081.0 -1.0
888.0 2125.0 1.0
1090.0 2153.0 1.0
1245.0 2118.0 1.0
451.0 3466.0 -1.0
2588.0 5081.0 -1.0
767.0 1110.0 1.0
110.0 1659.0 1.0
1182.0 2070.0 1.0
1288.0 4885.0 1.0
1120.0 1445.0 1.0
1763.0 4698.0 1.0
811.0 3795.0 1.0
321.0 2237.0 1.0
2939.0 4201.0 1.0
89.0 2876.0 1.0
421.0 1173.0 1.0
785.0 1804.0 1.0
945.0 1740.0 1.0
1641.0 2165.0 -1.0
7.0 2552.0 -1.0
680.0 2162.0 1.0
987.0 2700.0 1.0
625.0 643.0 1.0
214.0 675.0 -1.0
450.0 985.0 1.0
246.0 2673.0 1.0
421.0 2496.0 1.0
1466.0 2629.0 1.0
1227.0 1252.0 1.0
2114.0 2876.0 -1.0
1016.0 4380.0 -1.0
1120.0 4843.0 1.0
1799.0 2700.0 1.0
945.0 1133.0 1.0
2098.0 2582.0 1.0
2745.0 3058.0 1.0
1494.0 4200.0 1.0
1343.0 2165.0 -1.0
2029.0 4325.0 1.0
1474.0 1831.0 -1.0
4650.0 5178.0 1.0
2999.0 3867.0 1.0
678.0 3003.0 1.0
1929.0 4752.0 1.0
4345.0 5044.0 1.0
966.0 2588.0 1.0
1382.0 2023.0 -1.0
728.0 789.0 1.0
2418.0 5081.0 1.0
321.0 1960.0 -1.0
2536.0 2913.0 1.0
610.0 776.0 -1.0
2565.0 3723.0 1.0
693.0 2833.0 1.0
718.0 1875.0 1.0
819.0 5044.0 -1.0
782.0 2717.0 -1.0
624.0 1117.0 1.0
2104.0 4579.0 1.0
1352.0 1832.0 1.0
982.0 1889.0 1.0
469.0 4385.0 1.0
2418.0 5016.0 -1.0
1245.0 2257.0 1.0
1371.0 2118.0 1.0
567.0 1212.0 1.0
946.0 4652.0 -1.0
139.0 641.0 1.0
1154.0 1161.0 -1.0
888.0 1227.0 1.0
1048.0 1266.0 1.0
687.0 4506.0 1.0
1017.0 2654.0 1.0
675.0 1722.0 1.0
761.0 2173.0 1.0
2230.0 4931.0 1.0
687.0 2125.0 1.0
1173.0 2669.0 -1.0
465.0 4071.0 1.0
946.0 1368.0 1.0
1919.0 2243.0 1.0
2907.0 5042.0 -1.0
945.0 1967.0 1.0
842.0 1194.0 1.0
1154.0 1368.0 1.0
1911.0 2744.0 1.0
675.0 4522.0 1.0
1878.0 3055.0 -1.0
605.0 2065.0 1.0
197.0 217.0 1.0
693.0 2565.0 1.0
4659.0 5209.0 1.0
2717.0 2827.0 -1.0
1323.0 1503.0 -1.0
421.0 1406.0 1.0
617.0 2769.0 1.0
1052.0 2169.0 1.0
1172.0 2979.0 1.0
2715.0 5081.0 1.0
1967.0 3128.0 1.0
728.0 1976.0 1.0
1154.0 1874.0 -1.0
2249.0 2769.0 1.0
1897.0 3112.0 -1.0
2978.0 4468.0 -1.0
1327.0 5081.0 1.0
776.0 2199.0 1.0
1972.0 3709.0 1.0
614.0 2595.0 1.0
1182.0 2764.0 1.0
1111.0 2269.0 1.0
851.0 1047.0 1.0
251.0 2189.0 -1.0
17.0 2890.0 1.0
2876.0 4468.0 1.0
1138.0 2612.0 1.0
290.0 2820.0 1.0
31.0 4396.0 1.0
2198.0 5014.0 1.0
349.0 349.0 1.0
1487.0 1937.0 1.0
682.0 2201.0 -1.0
1799.0 1871.0 1.0
895.0 2952.0 1.0
624.0 2093.0 1.0
2029.0 2231.0 1.0
527.0 3717.0 1.0
491.0 4219.0 1.0
469.0 4195.0 1.0
245.0 4754.0 1.0
1579.0 2096.0 1.0
150.0 2750.0 -1.0
1681.0 3555.0 1.0
4235.0 4843.0 1.0
245.0 245.0 1.0
2585.0 2952.0 1.0
2093.0 5044.0 -1.0
561.0 3428.0 1.0
2098.0 3742.0 1.0
1067.0 5219.0 1.0
1497.0 4595.0 1.0
3566.0 4139.0 -1.0
672.0 1463.0 1.0
2305.0 5065.0 1.0
660.0 886.0 1.0
1252.0 1562.0 1.0
1818.0 2717.0 1.0
85.0 4327.0 1.0
369.0 696.0 1.0
1689.0 3856.0 1.0
2231.0 3542.0 1.0
285.0 834.0 1.0
576.0 763.0 -1.0
1478.0 2247.0 1.0
624.0 1062.0 1.0
630.0 1562.0 1.0
2546.0 5185.0 1.0
319.0 4908.0 1.0
1027.0 1146.0 1.0
982.0 1433.0 1.0
319.0 2459.0 1.0
2114.0 2136.0 -1.0
435.0 2297.0 1.0
2389.0 2574.0 1.0
683.0 2172.0 1.0
70.0 4274.0 1.0
235.0 1183.0 1.0
1477.0 5027.0 -1.0
2078.0 2546.0 1.0
235.0 953.0 1.0
696.0 4960.0 1.0
1831.0 2155.0 1.0
614.0 2678.0 1.0
1748.0 2164.0 1.0
1085.0 1347.0 1.0
1063.0 3273.0 1.0
2024.0 4888.0 1.0
38.0 3276.0 1.0
1693.0 2496.0 1.0
1799.0 2171.0 1.0
1370.0 2833.0 1.0
893.0 1834.0 1.0
718.0 987.0 1.0
1160.0 3003.0 1.0
1856.0 2651.0 1.0
1012.0 1146.0 1.0
940.0 2250.0 -1.0
1111.0 1229.0 1.0
451.0 2500.0 -1.0
2680.0 4013.0 1.0
1974.0 5054.0 -1.0
1477.0 3534.0 -1.0
157.0 1592.0 1.0
1067.0 1772.0 1.0
842.0 2869.0 -1.0
451.0 2231.0 -1.0
969.0 4040.0 -1.0
678.0 4702.0 1.0
3555.0 4613.0 1.0
643.0 2031.0 1.0
4928.0 5204.0 1.0
360.0 1898.0 1.0
624.0 1946.0 1.0
421.0 693.0 1.0
675.0 1050.0 1.0
1277.0 4424.0 1.0
2214.0 4077.0 1.0
900.0 2586.0 1.0
197.0 2153.0 1.0
1030.0 3607.0 1.0
1562.0 5107.0 1.0
1105.0 1529.0 1.0
1227.0 4301.0 1.0
811.0 816.0 1.0
1445.0 2078.0 1.0
2798.0 2798.0 1.0
1735.0 5026.0 -1.0
527.0 2154.0 1.0
1112.0 4629.0 1.0
1433.0 2118.0 -1.0
567.0 2717.0 -1.0
1154.0 2824.0 1.0
365.0 5204.0 -1.0
3536.0 4791.0 1.0
1370.0 2907.0 1.0
958.0 1911.0 1.0
678.0 2142.0 1.0
2038.0 3027.0 1.0
1039.0 2231.0 1.0
272.0 3837.0 1.0
1911.0 3029.0 1.0
288.0 1268.0 -1.0
819.0 2155.0 1.0
2637.0 2907.0 -1.0
940.0 3876.0 1.0
1182.0 4671.0 1.0
701.0 2090.0 1.0
1610.0 2932.0 1.0
1403.0 2249.0 1.0
1799.0 2911.0 1.0
3068.0 3329.0 -1.0
1718.0 2478.0 1.0
1853.0 4015.0 1.0
958.0 2907.0 1.0
2565.0 4568.0 -1.0
1154.0 2251.0 1.0
2297.0 2460.0 1.0
811.0 3538.0 1.0
395.0 1629.0 1.0
1208.0 4845.0 1.0
2565.0 4590.0 1.0
1154.0 2731.0 1.0
1680.0 1680.0 1.0
1433.0 5212.0 1.0
777.0 2118.0 1.0
886.0 1799.0 1.0
646.0 4944.0 1.0
2699.0 5004.0 1.0
2565.0 5064.0 1.0
2754.0 5101.0 -1.0
1965.0 4050.0 1.0
1209.0 2523.0 1.0
650.0 3806.0 -1.0
695.0 1832.0 -1.0
872.0 1288.0 1.0
1349.0 2907.0 -1.0
2234.0 4748.0 1.0
227.0 3582.0 -1.0
767.0 1085.0 1.0
545.0 2575.0 -1.0
4566.0 4703.0 1.0
1340.0 1858.0 -1.0
678.0 680.0 1.0
427.0 624.0 -1.0
610.0 1997.0 1.0
1268.0 2114.0 1.0
1016.0 2653.0 1.0
947.0 966.0 1.0
2128.0 3736.0 1.0
1413.0 3604.0 1.0
227.0 4762.0 -1.0
1793.0 3605.0 1.0
1494.0 2744.0 1.0
811.0 1212.0 -1.0
1856.0 5027.0 1.0
555.0 1117.0 1.0
1069.0 2822.0 1.0
629.0 1388.0 1.0
2440.0 5236.0 1.0
2118.0 2546.0 1.0
1614.0 2286.0 1.0
971.0 3586.0 -1.0
1071.0 1090.0 1.0
2570.0 2752.0 1.0
1953.0 2565.0 -1.0
49.0 1735.0 -1.0
2565.0 3269.0 1.0
2652.0 2971.0 1.0
329.0 1528.0 -1.0
2185.0 4055.0 1.0
2907.0 4702.0 1.0
2717.0 5053.0 -1.0
2687.0 3721.0 -1.0
592.0 1423.0 1.0
1414.0 2761.0 1.0
624.0 2684.0 1.0
2565.0 4840.0 -1.0
607.0 5123.0 -1.0
789.0 1622.0 1.0
7.0 2983.0 -1.0
1042.0 4205.0 1.0
1039.0 4450.0 -1.0
1372.0 2744.0 1.0
128.0 2724.0 -1.0
1227.0 4361.0 -1.0
1726.0 3980.0 1.0
1469.0 2876.0 1.0
1828.0 3843.0 1.0
527.0 2022.0 1.0
481.0 1803.0 1.0
152.0 873.0 1.0
1209.0 4050.0 1.0
2231.0 4186.0 1.0
3261.0 3261.0 -1.0
624.0 2118.0 1.0
1154.0 4447.0 1.0
687.0 690.0 1.0
3749.0 4747.0 -1.0
421.0 3243.0 -1.0
2281.0 2907.0 -1.0
819.0 2118.0 -1.0
1856.0 2820.0 1.0
703.0 4379.0 1.0
89.0 2172.0 1.0
945.0 1175.0 1.0
1796.0 2857.0 -1.0
2744.0 3546.0 1.0
76.0 493.0 1.0
1189.0 1543.0 1.0
2265.0 2735.0 1.0
675.0 786.0 -1.0
2907.0 3386.0 -1.0
2231.0 3638.0 1.0
3710.0 4660.0 1.0
696.0 2851.0 1.0
749.0 2249.0 1.0
1900.0 3127.0 -1.0
971.0 2842.0 1.0
1847.0 2880.0 1.0
1536.0 5016.0 1.0
943.0 4059.0 1.0
2852.0 4940.0 1.0
1498.0 4574.0 1.0
1575.0 2881.0 1.0
1799.0 2539.0 1.0
227.0 1885.0 1.0
878.0 1034.0 1.0
854.0 5215.0 -1.0
2600.0 3181.0 1.0
849.0 1205.0 1.0
2364.0 4107.0 1.0
269.0 3423.0 -1.0
1659.0 2056.0 1.0
321.0 365.0 -1.0
1569.0 3190.0 1.0
1291.0 2073.0 1.0
1296.0 2201.0 -1.0
2029.0 2029.0 1.0
1889.0 2552.0 -1.0
752.0 1433.0 1.0
1781.0 3771.0 1.0
1718.0 3771.0 1.0
2829.0 2829.0 1.0
985.0 1967.0 1.0
573.0 2528.0 1.0
2084.0 3563.0 1.0
5.0 3195.0 1.0
567.0 1580.0 1.0
4818.0 5005.0 -1.0
1562.0 2096.0 1.0
314.0 1416.0 -1.0
402.0 690.0 1.0
1111.0 3002.0 1.0
41.0 696.0 1.0
2029.0 5046.0 1.0
872.0 1491.0 -1.0
85.0 2764.0 1.0
624.0 927.0 1.0
2237.0 4013.0 1.0
1490.0 2890.0 -1.0
2263.0 4593.0 1.0
1819.0 2588.0 -1.0
798.0 3492.0 1.0
776.0 2153.0 1.0
2031.0 2262.0 -1.0
1069.0 2008.0 1.0
847.0 5204.0 1.0
540.0 5166.0 1.0
683.0 1307.0 1.0
1791.0 1831.0 -1.0
925.0 925.0 1.0
214.0 1741.0 1.0
646.0 1715.0 1.0
1293.0 5039.0 1.0
2350.0 2651.0 1.0
2265.0 2349.0 1.0
742.0 2022.0 -1.0
1125.0 2652.0 1.0
440.0 687.0 1.0
1718.0 4145.0 -1.0
678.0 2040.0 1.0
1494.0 2007.0 1.0
1300.0 2321.0 1.0
1272.0 2207.0 1.0
540.0 5060.0 1.0
1170.0 3944.0 -1.0
1477.0 2475.0 -1.0
1160.0 1569.0 -1.0
1335.0 1584.0 1.0
518.0 1085.0 1.0
1172.0 1469.0 -1.0
666.0 980.0 1.0
2933.0 4586.0 -1.0
961.0 2564.0 -1.0
4570.0 4993.0 1.0
4315.0 4315.0 1.0
14.0 1245.0 1.0
678.0 4136.0 1.0
985.0 3612.0 1.0
2380.0 4954.0 1.0
776.0 888.0 1.0
1641.0 4485.0 -1.0
1090.0 4630.0 1.0
675.0 2761.0 -1.0
2868.0 2868.0 1.0
1111.0 4805.0 1.0
985.0 991.0 1.0
1183.0 4774.0 1.0
811.0 1469.0 1.0
1751.0 2998.0 1.0
2783.0 3173.0 1.0
567.0 2195.0 1.0
169.0 2084.0 1.0
598.0 2907.0 -1.0
1372.0 1781.0 1.0
1935.0 5081.0 1.0
713.0 1247.0 1.0
402.0 4593.0 -1.0
1697.0 2565.0 1.0
678.0 1296.0 1.0
1166.0 4595.0 1.0
89.0 2588.0 1.0
559.0 3720.0 1.0
1320.0 1512.0 1.0
1997.0 5149.0 1.0
2565.0 3243.0 -1.0
321.0 646.0 1.0
1367.0 4295.0 1.0
1805.0 2614.0 1.0
41.0 946.0 -1.0
1571.0 1577.0 1.0
1928.0 4980.0 1.0
406.0 1156.0 1.0
733.0 4180.0 1.0
610.0 811.0 1.0
3480.0 4843.0 -1.0
1410.0 5163.0 1.0
2737.0 3261.0 1.0
1299.0 4524.0 1.0
3627.0 4843.0 1.0
892.0 2674.0 1.0
2251.0 2907.0 1.0
872.0 2210.0 -1.0
617.0 1824.0 1.0
2594.0 4067.0 1.0
3500.0 4595.0 1.0
1433.0 4941.0 1.0
771.0 4702.0 1.0
1182.0 2665.0 1.0
559.0 1362.0 1.0
4240.0 4595.0 1.0
2231.0 3853.0 1.0
80.0 1748.0 -1.0
1594.0 4740.0 -1.0
726.0 782.0 1.0
675.0 4343.0 -1.0
646.0 971.0 1.0
3943.0 4030.0 1.0
527.0 1268.0 1.0
2724.0 4090.0 1.0
1613.0 1786.0 -1.0
893.0 2201.0 -1.0
2876.0 3974.0 1.0
438.0 2024.0 -1.0
723.0 2666.0 -1.0
593.0 4525.0 1.0
646.0 2628.0 1.0
1368.0 4627.0 1.0
728.0 2536.0 1.0
1494.0 1501.0 1.0
1997.0 2576.0 1.0
2538.0 2565.0 1.0
2131.0 3704.0 1.0
1250.0 4132.0 -1.0
2890.0 4613.0 1.0
5032.0 5037.0 1.0
421.0 476.0 1.0
660.0 1356.0 1.0
510.0 2405.0 1.0
1112.0 4805.0 1.0
958.0 1063.0 1.0
1753.0 3201.0 1.0
1654.0 1771.0 1.0
227.0 2114.0 -1.0
2029.0 3879.0 1.0
727.0 5127.0 -1.0
1110.0 1237.0 1.0
971.0 1013.0 -1.0
1904.0 2978.0 1.0
675.0 1088.0 1.0
1896.0 2088.0 1.0
321.0 4773.0 1.0
2833.0 2833.0 1.0
687.0 1397.0 1.0
2302.0 4843.0 1.0
1809.0 2114.0 1.0
1154.0 2096.0 1.0
1433.0 2837.0 1.0
1470.0 1620.0 1.0
670.0 3970.0 1.0
1445.0 3431.0 1.0
1856.0 1856.0 1.0
2231.0 4773.0 -1.0
2078.0 2201.0 -1.0
351.0 1235.0 1.0
617.0 1160.0 1.0
1075.0 1494.0 1.0
1484.0 4834.0 1.0
735.0 2078.0 1.0
2079.0 4407.0 1.0
1693.0 2876.0 1.0
2024.0 3864.0 1.0
892.0 4791.0 1.0
2663.0 4961.0 1.0
842.0 1518.0 1.0
4128.0 4290.0 1.0
1781.0 5109.0 -1.0
654.0 2761.0 -1.0
1182.0 4992.0 1.0
1058.0 1368.0 1.0
2333.0 2669.0 -1.0
847.0 2937.0 -1.0
1069.0 1071.0 1.0
643.0 2707.0 1.0
763.0 2083.0 1.0
3503.0 4792.0 1.0
985.0 4420.0 1.0
1961.0 2179.0 1.0
820.0 1245.0 1.0
1847.0 2820.0 1.0
782.0 1433.0 -1.0
1717.0 5119.0 1.0
1077.0 4843.0 1.0
431.0 1209.0 -1.0
821.0 1130.0 1.0
3848.0 4222.0 -1.0
1112.0 2697.0 1.0
4140.0 4242.0 1.0
646.0 2029.0 1.0
2713.0 2741.0 1.0
84.0 5027.0 -1.0
695.0 2172.0 1.0
1103.0 2868.0 1.0
766.0 3238.0 1.0
2376.0 2700.0 -1.0
3082.0 3815.0 1.0
85.0 255.0 1.0
493.0 4095.0 1.0
646.0 3232.0 -1.0
727.0 3055.0 -1.0
4730.0 4993.0 1.0
2172.0 5168.0 1.0
1374.0 2565.0 1.0
1027.0 2907.0 1.0
1627.0 2820.0 1.0
1900.0 4775.0 -1.0
617.0 1417.0 1.0
410.0 646.0 1.0
3645.0 5120.0 1.0
72.0 1321.0 1.0
1943.0 4711.0 1.0
2613.0 4968.0 1.0
1307.0 5150.0 1.0
1193.0 1629.0 1.0
971.0 1088.0 1.0
17.0 2983.0 1.0
2151.0 2565.0 1.0
4179.0 4729.0 1.0
2376.0 5081.0 1.0
1063.0 1368.0 1.0
919.0 2093.0 -1.0
985.0 3138.0 1.0
66.0 5081.0 1.0
85.0 2689.0 1.0
2118.0 2829.0 1.0
559.0 667.0 1.0
1878.0 2691.0 -1.0
2581.0 3188.0 -1.0
1182.0 1426.0 1.0
2697.0 4843.0 1.0
528.0 1103.0 1.0
2136.0 5203.0 -1.0
893.0 2210.0 -1.0
1598.0 1831.0 -1.0
317.0 2827.0 1.0
588.0 1182.0 1.0
567.0 1432.0 -1.0
2141.0 2827.0 1.0
1716.0 1815.0 1.0
211.0 950.0 1.0
483.0 4762.0 -1.0
1729.0 4954.0 -1.0
2026.0 2560.0 -1.0
1501.0 2154.0 1.0
2136.0 3985.0 -1.0
1900.0 5026.0 -1.0
1182.0 1646.0 1.0
4006.0 4982.0 -1.0
1853.0 2546.0 1.0
234.0 1849.0 1.0
946.0 5026.0 -1.0
2154.0 4906.0 -1.0
1751.0 2111.0 1.0
275.0 2214.0 1.0
2125.0 5121.0 1.0
162.0 3745.0 1.0
683.0 2565.0 -1.0
1960.0 3166.0 1.0
683.0 4647.0 1.0
1145.0 2547.0 1.0
551.0 2595.0 1.0
683.0 1537.0 1.0
1069.0 1296.0 1.0
4179.0 4730.0 1.0
1851.0 2189.0 1.0
275.0 1433.0 1.0
590.0 2952.0 -1.0
881.0 2895.0 1.0
2231.0 5136.0 1.0
872.0 1943.0 1.0
680.0 2166.0 1.0
1070.0 5053.0 1.0
1252.0 5185.0 -1.0
1526.0 4297.0 1.0
946.0 4243.0 1.0
193.0 617.0 1.0
1746.0 3252.0 1.0
375.0 1621.0 1.0
842.0 1883.0 -1.0
774.0 2366.0 1.0
2231.0 5209.0 1.0
872.0 1013.0 1.0
2230.0 4754.0 1.0
1695.0 2724.0 1.0
631.0 875.0 1.0
617.0 1296.0 -1.0
1888.0 2642.0 1.0
2595.0 4944.0 1.0
1201.0 3100.0 1.0
941.0 958.0 1.0
1111.0 1442.0 1.0
2324.0 4290.0 1.0
551.0 2172.0 1.0
678.0 4300.0 1.0
85.0 1259.0 1.0
1800.0 3124.0 1.0
502.0 675.0 1.0
2947.0 3128.0 1.0
2154.0 2251.0 1.0
782.0 1759.0 1.0
1528.0 2499.0 1.0
4869.0 4891.0 -1.0
644.0 3089.0 1.0
254.0 2050.0 1.0
3625.0 3625.0 1.0
1182.0 1250.0 1.0
1533.0 1774.0 1.0
1933.0 4468.0 1.0
2907.0 5018.0 1.0
1767.0 3283.0 1.0
759.0 3723.0 -1.0
1901.0 4652.0 -1.0
958.0 2118.0 1.0
1584.0 2141.0 -1.0
1908.0 5060.0 -1.0
1292.0 2822.0 1.0
1714.0 4232.0 1.0
776.0 1440.0 1.0
945.0 1441.0 1.0
1296.0 2169.0 1.0
214.0 2286.0 1.0
941.0 2286.0 -1.0
1801.0 2052.0 1.0
598.0 1818.0 1.0
1924.0 4837.0 1.0
266.0 266.0 -1.0
180.0 2118.0 1.0
319.0 3685.0 -1.0
888.0 5060.0 1.0
3417.0 5203.0 1.0
950.0 958.0 -1.0
439.0 2125.0 -1.0
3055.0 3119.0 1.0
1370.0 2237.0 1.0
742.0 3813.0 1.0
4792.0 5204.0 1.0
731.0 1430.0 1.0
2983.0 4414.0 -1.0
1446.0 5121.0 1.0
3677.0 4792.0 1.0
2565.0 5037.0 1.0
1826.0 3466.0 -1.0
1182.0 1568.0 1.0
510.0 737.0 1.0
869.0 1965.0 1.0
457.0 3132.0 1.0
2600.0 2989.0 1.0
1182.0 2765.0 1.0
1246.0 1258.0 1.0
819.0 2814.0 1.0
1110.0 3857.0 1.0
695.0 759.0 1.0
966.0 5053.0 1.0
660.0 4339.0 -1.0
1802.0 3466.0 -1.0
2136.0 2565.0 1.0
696.0 4266.0 1.0
270.0 540.0 1.0
2013.0 3384.0 1.0
233.0 290.0 1.0
130.0 1960.0 1.0
2907.0 3703.0 1.0
3846.0 4818.0 -1.0
4387.0 5152.0 1.0
4640.0 5052.0 1.0
727.0 3978.0 1.0
321.0 1819.0 -1.0
411.0 2414.0 1.0
1690.0 1893.0 1.0
2806.0 3974.0 1.0
1180.0 4595.0 1.0
3778.0 5213.0 -1.0
617.0 847.0 -1.0
474.0 678.0 1.0
324.0 760.0 1.0
1751.0 4668.0 1.0
360.0 625.0 1.0
