734.0
734.0
734.0
734.0
734.0
734.0
734.0
734.0
734.0
734.0
734.0
734.0
734.0
1799.0
1799.0
1799.0
1799.0
1799.0
1799.0
1799.0
1799.0
1799.0
1799.0
1799.0
1799.0
1799.0
1799.0
1799.0
1799.0
1799.0
1799.0
1799.0
1799.0
1799.0
1799.0
1799.0
1799.0
1799.0
1799.0
1799.0
1799.0
1799.0
1799.0
1799.0
1799.0
1799.0
1799.0
1799.0
1799.0
1799.0
1799.0
1799.0
1799.0
1799.0
1799.0
1799.0
1799.0
1799.0
1799.0
1799.0
1799.0
1799.0
1799.0
1799.0
1799.0
1799.0
1799.0
1799.0
1799.0
1799.0
1799.0
1799.0
1799.0
1799.0
1799.0
1799.0
1799.0
1799.0
1799.0
1799.0
1799.0
1799.0
1799.0
1799.0
1799.0
1799.0
1799.0
1799.0
1799.0
1799.0
1799.0
1799.0
1799.0
1799.0
1799.0
1799.0
1799.0
1799.0
1799.0
1799.0
1799.0
1799.0
1799.0
1799.0
1799.0
1799.0
1799.0
1799.0
1799.0
1799.0
1799.0
1799.0
1799.0
1799.0
1799.0
1799.0
1799.0
1799.0
1799.0
1799.0
1799.0
1799.0
1799.0
1799.0
1799.0
1799.0
1799.0
1799.0
1799.0
1799.0
1799.0
1799.0
1799.0
1799.0
1799.0
1799.0
1799.0
1799.0
1799.0
1799.0
1799.0
1799.0
1799.0
1799.0
1799.0
1799.0
1799.0
1799.0
1799.0
1799.0
1799.0
1799.0
1799.0
1799.0
1799.0
1799.0
1799.0
1799.0
1799.0
1799.0
1799.0
1799.0
1799.0
1799.0
1799.0
1799.0
1799.0
1799.0
1799.0
1799.0
1799.0
1799.0
1799.0
1799.0
1799.0
1799.0
1799.0
1799.0
1799.0
1799.0
1799.0
1799.0
1799.0
1799.0
1799.0
1799.0
1799.0
1799.0
1799.0
1799.0
1799.0
1799.0
1799.0
1799.0
1799.0
2814.0
2814.0
2814.0
2814.0
3782.0
3782.0
3782.0
3782.0
3782.0
3782.0
3782.0
3782.0
3782.0
3782.0
3782.0
3228.0
3228.0
1137.0
1137.0
1137.0
1137.0
1137.0
1137.0
894.0
894.0
894.0
894.0
894.0
894.0
894.0
894.0
894.0
894.0
894.0
894.0
894.0
894.0
623.0
623.0
623.0
623.0
623.0
623.0
623.0
623.0
623.0
623.0
623.0
623.0
623.0
623.0
2831.0
2831.0
2831.0
2831.0
2831.0
2831.0
940.0
940.0
940.0
940.0
940.0
940.0
940.0
940.0
940.0
940.0
940.0
940.0
940.0
940.0
940.0
940.0
940.0
940.0
940.0
940.0
940.0
940.0
940.0
940.0
940.0
940.0
940.0
940.0
940.0
940.0
940.0
2373.0
80.0
80.0
80.0
80.0
2809.0
2809.0
2809.0
2809.0
2572.0
2572.0
2572.0
2572.0
2572.0
2572.0
2572.0
2572.0
2572.0
2572.0
3555.0
3555.0
3555.0
3555.0
3555.0
3555.0
3555.0
3555.0
3555.0
3555.0
3555.0
3555.0
3555.0
3555.0
3555.0
3555.0
3555.0
3555.0
3555.0
3555.0
3555.0
3555.0
3555.0
3555.0
3555.0
3555.0
3555.0
3555.0
3555.0
3555.0
3555.0
3555.0
3555.0
3555.0
3555.0
3555.0
3555.0
3555.0
3555.0
3555.0
3555.0
3555.0
3555.0
3555.0
3555.0
3555.0
3555.0
3555.0
3555.0
3555.0
3555.0
3555.0
3555.0
3555.0
3555.0
3555.0
3555.0
3555.0
3554.0
3554.0
3554.0
3554.0
1922.0
4919.0
4919.0
4919.0
4919.0
4919.0
4919.0
4919.0
4919.0
2213.0
2213.0
2213.0
2205.0
1073.0
1073.0
1073.0
1073.0
1073.0
1073.0
3538.0
3538.0
3538.0
3538.0
3538.0
3538.0
3538.0
3538.0
3538.0
3538.0
3538.0
3538.0
3538.0
3538.0
3538.0
3538.0
3538.0
3538.0
3538.0
3538.0
3538.0
3538.0
3538.0
3538.0
3538.0
3538.0
3538.0
2614.0
2614.0
2614.0
2614.0
2614.0
2614.0
2614.0
2614.0
2614.0
2614.0
665.0
665.0
665.0
665.0
1433.0
1433.0
1433.0
1433.0
1433.0
1433.0
1433.0
1433.0
1433.0
1433.0
1433.0
1433.0
1433.0
1433.0
1433.0
1433.0
1433.0
1433.0
1433.0
1433.0
1433.0
1433.0
1433.0
1433.0
1433.0
1433.0
1433.0
1433.0
1433.0
1433.0
1433.0
1433.0
1433.0
1433.0
1433.0
1433.0
1433.0
1433.0
1433.0
1433.0
1433.0
1433.0
1433.0
1433.0
1433.0
1433.0
1433.0
1433.0
1433.0
1433.0
1433.0
1433.0
1433.0
1433.0
1433.0
1433.0
1433.0
1433.0
1433.0
1433.0
1433.0
1433.0
1433.0
1433.0
1433.0
1433.0
1433.0
1433.0
1433.0
1433.0
1433.0
1433.0
1433.0
1433.0
1433.0
1433.0
1433.0
1433.0
1433.0
1433.0
1433.0
1433.0
1433.0
1433.0
1433.0
1433.0
1433.0
1433.0
1433.0
1433.0
1433.0
1433.0
1433.0
1433.0
1433.0
1433.0
1433.0
1433.0
1433.0
1364.0
1364.0
1364.0
1364.0
1364.0
1364.0
1364.0
1364.0
1364.0
1364.0
1364.0
2166.0
2166.0
2166.0
2166.0
2166.0
2166.0
2166.0
2166.0
2166.0
2166.0
2166.0
2166.0
2166.0
2166.0
2166.0
2166.0
2166.0
2166.0
2166.0
2166.0
2166.0
2166.0
2890.0
2890.0
2890.0
2890.0
2890.0
2890.0
2890.0
2890.0
2890.0
2890.0
2890.0
2890.0
2890.0
2890.0
2890.0
2890.0
2890.0
2890.0
2890.0
2890.0
2890.0
2890.0
2890.0
2890.0
2890.0
2890.0
2890.0
2890.0
2890.0
2890.0
2890.0
2890.0
2890.0
2890.0
2960.0
2960.0
2960.0
2960.0
2960.0
2960.0
2960.0
2960.0
2960.0
2960.0
2960.0
2960.0
2960.0
2960.0
2960.0
3959.0
3959.0
3959.0
1759.0
1759.0
1759.0
1759.0
1759.0
1759.0
1759.0
1759.0
1759.0
1759.0
1759.0
1759.0
1759.0
1759.0
1759.0
1759.0
1759.0
1759.0
1759.0
1759.0
1759.0
1759.0
1759.0
1759.0
1759.0
1759.0
1759.0
4702.0
4702.0
4702.0
4702.0
4702.0
4702.0
4702.0
4702.0
4702.0
1324.0
1324.0
1324.0
1324.0
1324.0
1324.0
1324.0
1324.0
1324.0
1324.0
1324.0
1324.0
1324.0
1324.0
1324.0
1324.0
1324.0
1324.0
1324.0
1324.0
1324.0
1324.0
1324.0
1324.0
1324.0
1324.0
1324.0
1324.0
1324.0
1324.0
1324.0
1324.0
1324.0
1324.0
1324.0
1324.0
1324.0
1324.0
1324.0
1324.0
1324.0
1324.0
1324.0
1324.0
1324.0
1324.0
1324.0
1324.0
1324.0
1324.0
1324.0
1324.0
1324.0
1819.0
1819.0
1819.0
1819.0
1819.0
1819.0
1819.0
1819.0
1819.0
1819.0
1819.0
1819.0
1819.0
1819.0
1819.0
1819.0
1819.0
1819.0
1819.0
1819.0
1819.0
1819.0
1819.0
1819.0
1819.0
1819.0
1819.0
1819.0
1819.0
1819.0
1819.0
1819.0
1819.0
1819.0
1819.0
1819.0
1819.0
1819.0
1819.0
1819.0
1819.0
1819.0
1819.0
1819.0
1819.0
1819.0
1819.0
1819.0
1819.0
1819.0
1819.0
1819.0
1819.0
1819.0
1819.0
1819.0
1819.0
1819.0
1819.0
1819.0
3243.0
3243.0
3243.0
4144.0
2339.0
2339.0
2339.0
2339.0
2339.0
2339.0
2339.0
2339.0
2339.0
2339.0
2339.0
2339.0
2339.0
2339.0
2339.0
2339.0
3662.0
3662.0
3662.0
3662.0
2539.0
2539.0
2539.0
2539.0
2539.0
2539.0
2539.0
2539.0
2829.0
2829.0
2829.0
2829.0
2829.0
2829.0
2829.0
2829.0
2829.0
2829.0
2829.0
2829.0
2829.0
2829.0
2829.0
2829.0
2829.0
2829.0
2829.0
2829.0
2829.0
2829.0
2829.0
2829.0
2829.0
2829.0
2829.0
2829.0
2829.0
2829.0
2829.0
2829.0
2829.0
2829.0
2829.0
2829.0
2829.0
2829.0
2829.0
2829.0
2829.0
2829.0
2829.0
2829.0
2829.0
2829.0
2829.0
2829.0
2829.0
4315.0
4315.0
4315.0
4315.0
4315.0
4315.0
4315.0
4315.0
4315.0
4315.0
4315.0
4315.0
4315.0
4315.0
4315.0
4315.0
4315.0
4315.0
4315.0
4315.0
4315.0
4315.0
4315.0
4315.0
4315.0
4315.0
4315.0
4315.0
4315.0
4315.0
4315.0
4315.0
4315.0
1123.0
1123.0
1123.0
1123.0
1123.0
1123.0
1123.0
1123.0
1123.0
1123.0
1123.0
1123.0
1123.0
1123.0
1123.0
2861.0
2861.0
2861.0
2861.0
2861.0
2861.0
2861.0
2861.0
2861.0
2861.0
2118.0
2118.0
2118.0
2118.0
2118.0
2118.0
2118.0
2118.0
2118.0
2118.0
2118.0
2118.0
2118.0
2118.0
2118.0
2118.0
2118.0
2118.0
2118.0
2118.0
2118.0
2118.0
2118.0
2118.0
2118.0
2118.0
2118.0
2118.0
2118.0
2118.0
2118.0
2118.0
2118.0
2118.0
2118.0
2118.0
2118.0
2118.0
2118.0
2118.0
2118.0
2118.0
2118.0
2118.0
2118.0
2118.0
2118.0
2118.0
2118.0
2118.0
2118.0
2118.0
2118.0
2118.0
2118.0
2118.0
2118.0
2118.0
2118.0
2118.0
2118.0
2118.0
2118.0
2118.0
2118.0
2118.0
2118.0
2118.0
2118.0
2118.0
2118.0
2118.0
2118.0
2118.0
2118.0
2118.0
2118.0
2118.0
2118.0
2118.0
4543.0
4543.0
4543.0
4543.0
4543.0
870.0
870.0
1277.0
1277.0
1277.0
1277.0
1277.0
1277.0
1277.0
1277.0
1277.0
1277.0
1277.0
1277.0
1277.0
1277.0
1277.0
1277.0
1277.0
1277.0
1277.0
1277.0
1277.0
1277.0
1277.0
1277.0
1277.0
1277.0
1277.0
1277.0
2700.0
2700.0
2700.0
2700.0
2700.0
2700.0
2700.0
2700.0
2700.0
2700.0
2700.0
2700.0
2700.0
2700.0
2700.0
2700.0
2700.0
2700.0
2700.0
2700.0
2700.0
2700.0
2700.0
2700.0
2700.0
2700.0
2700.0
2700.0
2700.0
2700.0
2700.0
2700.0
2700.0
2700.0
2700.0
2700.0
2700.0
2700.0
2700.0
2700.0
2734.0
2734.0
1889.0
1889.0
1889.0
1889.0
1889.0
1889.0
1889.0
1889.0
1889.0
1889.0
1889.0
1889.0
1889.0
1889.0
1889.0
1889.0
1889.0
1889.0
1889.0
1889.0
1889.0
1889.0
1889.0
1889.0
1889.0
782.0
782.0
782.0
782.0
782.0
782.0
782.0
782.0
782.0
782.0
782.0
782.0
782.0
782.0
782.0
782.0
782.0
782.0
782.0
782.0
782.0
782.0
782.0
782.0
782.0
782.0
782.0
4457.0
4608.0
4608.0
4608.0
4608.0
4608.0
4608.0
5143.0
5143.0
5143.0
5143.0
5143.0
3869.0
3869.0
3869.0
3869.0
419.0
419.0
786.0
786.0
786.0
786.0
786.0
786.0
786.0
786.0
786.0
786.0
786.0
786.0
786.0
786.0
786.0
786.0
786.0
786.0
786.0
786.0
786.0
786.0
2568.0
2568.0
2568.0
2568.0
3714.0
3714.0
3714.0
3714.0
3714.0
3714.0
3714.0
3714.0
5005.0
5005.0
508.0
508.0
508.0
508.0
508.0
508.0
508.0
508.0
508.0
508.0
508.0
508.0
508.0
508.0
508.0
508.0
186.0
186.0
1027.0
1027.0
1027.0
1027.0
1027.0
1027.0
1027.0
1027.0
1027.0
1027.0
1027.0
1935.0
1935.0
1935.0
1935.0
1935.0
1935.0
1935.0
1935.0
1935.0
1935.0
1935.0
1935.0
1935.0
1935.0
1935.0
1935.0
1028.0
1028.0
1028.0
1028.0
1028.0
1028.0
1028.0
954.0
2251.0
2251.0
2251.0
2251.0
2251.0
3876.0
3876.0
3876.0
3876.0
3876.0
3876.0
1095.0
1095.0
1095.0
1095.0
1095.0
1095.0
1095.0
1095.0
1095.0
1095.0
1095.0
1095.0
1095.0
1095.0
1095.0
1095.0
1095.0
1095.0
1095.0
1095.0
1095.0
1095.0
1095.0
1095.0
1095.0
1095.0
1095.0
1095.0
1095.0
1095.0
1095.0
1095.0
1095.0
231.0
231.0
231.0
231.0
231.0
231.0
3694.0
3694.0
3694.0
3694.0
3694.0
1966.0
1966.0
1966.0
1966.0
1966.0
1966.0
1966.0
1966.0
1966.0
1966.0
1966.0
1966.0
300.0
300.0
300.0
300.0
300.0
300.0
300.0
300.0
300.0
300.0
300.0
300.0
300.0
300.0
300.0
300.0
300.0
300.0
5042.0
2603.0
2603.0
2603.0
2603.0
2603.0
2603.0
2603.0
2603.0
2603.0
2603.0
2603.0
2171.0
2171.0
2171.0
2171.0
2171.0
2171.0
2171.0
2171.0
2171.0
2628.0
2628.0
2628.0
2628.0
1124.0
1124.0
1124.0
1124.0
1124.0
1124.0
1124.0
1124.0
1124.0
1124.0
1124.0
1124.0
1124.0
1124.0
1124.0
1124.0
1124.0
1124.0
1124.0
1124.0
1124.0
1124.0
1124.0
1124.0
1124.0
1124.0
1124.0
1124.0
1124.0
1124.0
1124.0
1124.0
1124.0
1124.0
1370.0
1370.0
1370.0
1370.0
1370.0
1370.0
1370.0
1370.0
1370.0
1370.0
1370.0
1370.0
1370.0
1370.0
1370.0
1370.0
1370.0
1370.0
1370.0
1370.0
1370.0
1370.0
1370.0
1370.0
1370.0
1370.0
1307.0
1307.0
1307.0
1307.0
1307.0
1307.0
1307.0
1307.0
1307.0
1307.0
1307.0
1307.0
1307.0
1307.0
1307.0
1307.0
1307.0
1307.0
1307.0
1307.0
1307.0
1307.0
1307.0
1307.0
1307.0
1307.0
1307.0
1307.0
1307.0
1307.0
1307.0
1307.0
1307.0
1307.0
1307.0
1307.0
1307.0
1307.0
1307.0
1307.0
1307.0
1307.0
1307.0
1307.0
1307.0
1307.0
1307.0
1307.0
1307.0
1307.0
1307.0
1307.0
1307.0
1307.0
1307.0
3628.0
3628.0
3628.0
3628.0
3628.0
3628.0
3628.0
3628.0
3628.0
3628.0
3628.0
3628.0
3628.0
3628.0
1145.0
1145.0
1145.0
1145.0
1145.0
1145.0
1145.0
1145.0
1145.0
1145.0
1145.0
1145.0
1145.0
1145.0
1145.0
1145.0
1145.0
1145.0
1145.0
4738.0
4738.0
4570.0
4570.0
4570.0
1602.0
1602.0
1602.0
1939.0
1939.0
1939.0
3345.0
3345.0
3345.0
3345.0
3345.0
3345.0
3345.0
3345.0
3345.0
2637.0
2637.0
2637.0
2637.0
2637.0
2637.0
2637.0
2637.0
2637.0
3573.0
3573.0
3573.0
3573.0
3573.0
4656.0
4656.0
4656.0
4656.0
1491.0
1491.0
1707.0
1707.0
4668.0
4668.0
4668.0
4668.0
4668.0
4668.0
4668.0
2088.0
2088.0
2088.0
2088.0
3663.0
3663.0
3663.0
3663.0
3663.0
3663.0
3663.0
3663.0
3663.0
3663.0
3663.0
3663.0
3663.0
3663.0
3663.0
3663.0
3663.0
3663.0
3663.0
3663.0
3663.0
3663.0
3663.0
3663.0
3663.0
4208.0
4208.0
1415.0
958.0
958.0
958.0
958.0
958.0
958.0
958.0
958.0
958.0
958.0
958.0
958.0
958.0
958.0
958.0
958.0
958.0
958.0
958.0
958.0
958.0
958.0
958.0
958.0
958.0
958.0
958.0
958.0
958.0
958.0
958.0
958.0
958.0
958.0
958.0
958.0
958.0
958.0
958.0
958.0
958.0
958.0
958.0
958.0
958.0
958.0
958.0
958.0
1896.0
1896.0
1896.0
1896.0
1896.0
1896.0
1896.0
89.0
89.0
89.0
89.0
89.0
89.0
89.0
89.0
89.0
89.0
89.0
89.0
89.0
89.0
89.0
89.0
89.0
89.0
89.0
89.0
89.0
89.0
89.0
89.0
89.0
89.0
89.0
89.0
89.0
89.0
89.0
89.0
89.0
89.0
1598.0
1598.0
1598.0
1598.0
1598.0
1598.0
1598.0
1598.0
1598.0
1598.0
1598.0
1212.0
1212.0
1212.0
1212.0
1212.0
1212.0
1212.0
1212.0
1212.0
1212.0
1212.0
1212.0
1212.0
1212.0
1212.0
1212.0
1212.0
4741.0
4741.0
1059.0
1059.0
1059.0
1059.0
1059.0
1059.0
1059.0
1410.0
1410.0
1410.0
1410.0
1410.0
1410.0
1410.0
1410.0
1410.0
1410.0
1410.0
1410.0
1410.0
1410.0
1410.0
1410.0
1410.0
1410.0
1410.0
1410.0
1410.0
1410.0
1410.0
1410.0
1410.0
1410.0
1410.0
1410.0
1410.0
941.0
941.0
941.0
941.0
941.0
941.0
941.0
941.0
941.0
941.0
941.0
941.0
941.0
941.0
941.0
941.0
941.0
941.0
941.0
941.0
941.0
941.0
911.0
911.0
911.0
911.0
911.0
911.0
911.0
911.0
911.0
911.0
911.0
911.0
911.0
911.0
911.0
911.0
911.0
911.0
911.0
178.0
178.0
178.0
178.0
3703.0
5102.0
5102.0
5102.0
5102.0
5102.0
5102.0
5102.0
5102.0
5102.0
5102.0
5102.0
5102.0
5102.0
5102.0
5102.0
5102.0
5102.0
5102.0
5102.0
5102.0
5102.0
5102.0
5102.0
5102.0
5102.0
5102.0
5102.0
5102.0
5102.0
5102.0
5102.0
5102.0
5102.0
5102.0
5102.0
5102.0
5102.0
5102.0
1584.0
1584.0
1584.0
1584.0
1584.0
1584.0
1584.0
1584.0
1584.0
1584.0
1584.0
1584.0
1584.0
1584.0
1584.0
1584.0
1584.0
1584.0
1584.0
1584.0
1584.0
1584.0
1584.0
1584.0
1584.0
1584.0
1584.0
1584.0
1584.0
1584.0
1584.0
1584.0
4207.0
5185.0
5185.0
5185.0
5185.0
5185.0
4226.0
5043.0
5043.0
446.0
446.0
446.0
446.0
446.0
446.0
446.0
1992.0
1992.0
1992.0
1992.0
610.0
610.0
610.0
610.0
610.0
610.0
610.0
610.0
610.0
610.0
610.0
610.0
610.0
610.0
610.0
610.0
610.0
610.0
610.0
610.0
610.0
610.0
610.0
610.0
610.0
610.0
610.0
610.0
610.0
610.0
610.0
610.0
610.0
610.0
610.0
610.0
610.0
610.0
610.0
610.0
610.0
610.0
610.0
610.0
610.0
610.0
610.0
610.0
610.0
610.0
610.0
610.0
610.0
610.0
610.0
610.0
610.0
610.0
687.0
687.0
687.0
687.0
687.0
687.0
687.0
687.0
687.0
687.0
687.0
687.0
687.0
687.0
687.0
687.0
687.0
687.0
687.0
687.0
687.0
687.0
687.0
687.0
687.0
687.0
687.0
687.0
687.0
687.0
687.0
687.0
687.0
687.0
687.0
687.0
421.0
421.0
421.0
421.0
421.0
421.0
421.0
421.0
421.0
421.0
421.0
421.0
421.0
421.0
421.0
421.0
421.0
421.0
421.0
421.0
421.0
421.0
421.0
421.0
421.0
421.0
421.0
421.0
421.0
421.0
421.0
421.0
421.0
421.0
421.0
421.0
421.0
421.0
421.0
421.0
421.0
421.0
421.0
421.0
421.0
421.0
421.0
421.0
421.0
421.0
421.0
421.0
421.0
421.0
421.0
421.0
421.0
421.0
421.0
421.0
421.0
421.0
421.0
421.0
421.0
421.0
421.0
421.0
421.0
421.0
421.0
421.0
421.0
421.0
421.0
421.0
421.0
421.0
421.0
421.0
421.0
421.0
421.0
421.0
421.0
421.0
421.0
421.0
421.0
421.0
421.0
421.0
421.0
421.0
421.0
421.0
421.0
421.0
421.0
421.0
421.0
421.0
421.0
421.0
421.0
421.0
421.0
421.0
421.0
421.0
421.0
421.0
421.0
421.0
421.0
421.0
421.0
421.0
421.0
421.0
421.0
421.0
421.0
421.0
421.0
421.0
421.0
421.0
421.0
421.0
421.0
421.0
421.0
421.0
2565.0
2565.0
2565.0
2565.0
2565.0
2565.0
2565.0
2565.0
2565.0
2565.0
2565.0
2565.0
2565.0
2565.0
2565.0
2565.0
2565.0
2565.0
2565.0
2565.0
2565.0
2565.0
2565.0
2565.0
2565.0
2565.0
2565.0
2565.0
2565.0
2565.0
2565.0
2565.0
2565.0
2565.0
2565.0
2565.0
2565.0
2565.0
2565.0
2565.0
2565.0
2565.0
2565.0
2565.0
2565.0
2565.0
2565.0
2565.0
2565.0
2565.0
2565.0
2565.0
2565.0
2565.0
2565.0
2565.0
2565.0
2565.0
2565.0
2565.0
2565.0
2565.0
2565.0
2565.0
2565.0
2565.0
2565.0
2565.0
2565.0
2565.0
2565.0
2565.0
2565.0
2565.0
2565.0
2565.0
2565.0
2565.0
2565.0
2565.0
2565.0
2565.0
2565.0
2565.0
2565.0
2565.0
2565.0
2565.0
2565.0
2565.0
2565.0
2565.0
2565.0
2565.0
2565.0
2565.0
2565.0
2565.0
2565.0
2565.0
2565.0
2565.0
2565.0
2565.0
2565.0
2565.0
2565.0
2565.0
2565.0
2565.0
2565.0
2565.0
2565.0
2565.0
2565.0
2565.0
2565.0
1050.0
1050.0
1050.0
1050.0
1050.0
1050.0
1050.0
5018.0
5018.0
5018.0
5018.0
5018.0
5018.0
5018.0
5018.0
5018.0
5018.0
5018.0
5018.0
5018.0
5018.0
5018.0
5018.0
5018.0
5018.0
1308.0
1308.0
1308.0
1308.0
1308.0
5081.0
5081.0
5081.0
5081.0
5081.0
5081.0
5081.0
5081.0
5081.0
5081.0
5081.0
5081.0
5081.0
5081.0
5081.0
5081.0
5081.0
5081.0
5081.0
5081.0
5081.0
5081.0
5081.0
5081.0
5081.0
5081.0
5081.0
5081.0
5081.0
5081.0
5081.0
5081.0
5081.0
5081.0
5081.0
5081.0
5081.0
5081.0
5081.0
5081.0
5081.0
5081.0
5081.0
5081.0
5081.0
5081.0
5081.0
5081.0
5081.0
5081.0
5081.0
5081.0
5081.0
5081.0
5081.0
5081.0
5081.0
5081.0
5081.0
5081.0
5081.0
5081.0
5081.0
5081.0
5081.0
5081.0
5081.0
5081.0
5081.0
5081.0
5081.0
5081.0
5081.0
5081.0
5081.0
5081.0
5081.0
5081.0
5081.0
5081.0
5081.0
5081.0
5081.0
5081.0
5081.0
5081.0
5081.0
5081.0
5081.0
5081.0
5081.0
5081.0
5081.0
5081.0
5081.0
5081.0
5081.0
5081.0
5081.0
5081.0
5081.0
5081.0
5081.0
5081.0
5081.0
5081.0
5081.0
5081.0
5081.0
5081.0
5081.0
535.0
535.0
858.0
858.0
858.0
858.0
858.0
858.0
858.0
858.0
858.0
1484.0
1484.0
1484.0
1484.0
1484.0
1484.0
1484.0
1484.0
1484.0
1484.0
1484.0
1484.0
1484.0
1484.0
1484.0
1484.0
1484.0
1484.0
1484.0
1484.0
1484.0
1484.0
1484.0
1484.0
1484.0
1484.0
3242.0
2602.0
2602.0
2602.0
2602.0
2602.0
2602.0
2602.0
3386.0
2717.0
2717.0
2717.0
2717.0
2717.0
2717.0
2717.0
2717.0
2717.0
2717.0
2717.0
2717.0
2717.0
2717.0
2717.0
2717.0
2717.0
2717.0
2717.0
2717.0
2717.0
2717.0
2717.0
2717.0
1349.0
1349.0
1349.0
1349.0
1349.0
1349.0
1349.0
1349.0
1349.0
1349.0
690.0
690.0
690.0
690.0
690.0
690.0
690.0
690.0
690.0
690.0
690.0
690.0
690.0
690.0
690.0
690.0
690.0
690.0
690.0
690.0
690.0
690.0
690.0
690.0
690.0
690.0
690.0
690.0
690.0
690.0
690.0
690.0
690.0
690.0
690.0
690.0
690.0
690.0
690.0
888.0
888.0
888.0
888.0
888.0
888.0
888.0
888.0
888.0
888.0
888.0
5089.0
5089.0
3728.0
3728.0
838.0
838.0
838.0
1776.0
1776.0
1776.0
1030.0
1030.0
1030.0
1030.0
559.0
559.0
559.0
559.0
559.0
559.0
559.0
559.0
559.0
559.0
559.0
559.0
559.0
559.0
559.0
559.0
559.0
559.0
559.0
559.0
559.0
559.0
559.0
559.0
559.0
559.0
559.0
559.0
559.0
559.0
559.0
559.0
559.0
559.0
559.0
559.0
559.0
559.0
559.0
559.0
559.0
886.0
886.0
886.0
886.0
886.0
886.0
886.0
886.0
886.0
886.0
886.0
886.0
886.0
1071.0
1071.0
1071.0
2149.0
2149.0
2149.0
2149.0
2149.0
2911.0
2911.0
2911.0
2911.0
950.0
950.0
950.0
950.0
950.0
950.0
950.0
950.0
950.0
950.0
950.0
950.0
950.0
950.0
950.0
950.0
950.0
950.0
950.0
950.0
950.0
950.0
950.0
950.0
950.0
950.0
950.0
950.0
950.0
950.0
950.0
950.0
950.0
950.0
950.0
950.0
950.0
950.0
950.0
950.0
950.0
950.0
950.0
950.0
950.0
950.0
950.0
950.0
950.0
3805.0
3805.0
431.0
431.0
431.0
431.0
431.0
431.0
431.0
431.0
431.0
431.0
3542.0
2078.0
2078.0
2078.0
2078.0
2078.0
2078.0
2078.0
2078.0
2078.0
2078.0
2078.0
2078.0
2078.0
2078.0
2078.0
2078.0
2078.0
2078.0
2078.0
2078.0
2078.0
2078.0
2078.0
2078.0
2078.0
2078.0
2078.0
2078.0
4710.0
4710.0
4710.0
4710.0
4710.0
4710.0
1481.0
1481.0
1481.0
1481.0
1481.0
1481.0
214.0
214.0
214.0
1120.0
1120.0
1120.0
1120.0
1120.0
1120.0
1120.0
1120.0
1120.0
1120.0
1120.0
3811.0
3811.0
3811.0
3811.0
4016.0
4016.0
801.0
801.0
801.0
801.0
801.0
801.0
801.0
801.0
801.0
801.0
801.0
801.0
614.0
614.0
614.0
614.0
614.0
614.0
614.0
614.0
614.0
614.0
614.0
614.0
614.0
614.0
614.0
614.0
567.0
567.0
567.0
567.0
567.0
567.0
567.0
567.0
567.0
567.0
567.0
567.0
567.0
567.0
567.0
567.0
567.0
567.0
567.0
567.0
567.0
567.0
567.0
567.0
567.0
567.0
567.0
567.0
567.0
567.0
567.0
567.0
567.0
567.0
2026.0
2026.0
2026.0
2026.0
2026.0
2026.0
2026.0
2026.0
2026.0
2026.0
2026.0
2026.0
2026.0
2026.0
2026.0
2026.0
2026.0
2026.0
2026.0
2026.0
2026.0
2026.0
1997.0
1997.0
1997.0
1997.0
1997.0
1997.0
1997.0
1997.0
1997.0
1997.0
1997.0
1997.0
1997.0
1997.0
1997.0
1997.0
1997.0
1997.0
1997.0
1997.0
1997.0
1997.0
1997.0
1997.0
1997.0
1997.0
1997.0
1997.0
1997.0
1997.0
1997.0
1997.0
1997.0
1997.0
1997.0
1997.0
1997.0
1997.0
1997.0
1997.0
1997.0
1997.0
1997.0
1997.0
1997.0
1997.0
1997.0
1997.0
1997.0
1997.0
1997.0
1997.0
1997.0
1997.0
1997.0
1997.0
1997.0
1997.0
1997.0
1997.0
1997.0
1997.0
1997.0
1997.0
1997.0
1997.0
1997.0
1997.0
1997.0
1997.0
1997.0
1997.0
1997.0
1997.0
1997.0
1997.0
1997.0
1997.0
1997.0
966.0
966.0
966.0
966.0
966.0
966.0
966.0
966.0
966.0
966.0
966.0
966.0
966.0
966.0
966.0
966.0
966.0
966.0
966.0
966.0
966.0
966.0
966.0
966.0
966.0
966.0
966.0
624.0
624.0
624.0
624.0
624.0
624.0
624.0
624.0
624.0
624.0
624.0
624.0
624.0
624.0
624.0
624.0
624.0
624.0
624.0
624.0
624.0
624.0
624.0
624.0
624.0
624.0
624.0
624.0
624.0
624.0
624.0
624.0
624.0
624.0
624.0
624.0
624.0
624.0
624.0
624.0
624.0
624.0
624.0
624.0
624.0
624.0
624.0
624.0
624.0
624.0
624.0
624.0
624.0
624.0
624.0
624.0
624.0
624.0
624.0
624.0
624.0
624.0
624.0
624.0
624.0
624.0
624.0
624.0
624.0
624.0
624.0
624.0
624.0
624.0
2250.0
2250.0
2250.0
2250.0
2250.0
2250.0
2250.0
2250.0
2250.0
2250.0
2250.0
2250.0
2250.0
2250.0
2250.0
2250.0
683.0
683.0
683.0
683.0
683.0
683.0
683.0
683.0
683.0
683.0
683.0
683.0
683.0
683.0
683.0
683.0
683.0
683.0
683.0
683.0
683.0
683.0
683.0
683.0
683.0
683.0
683.0
683.0
683.0
683.0
683.0
683.0
683.0
683.0
683.0
683.0
3757.0
3757.0
3757.0
3757.0
1377.0
1377.0
1377.0
1377.0
1276.0
1276.0
1276.0
1276.0
1276.0
1276.0
1276.0
1276.0
1276.0
1276.0
1276.0
1276.0
1276.0
1276.0
1276.0
1276.0
1276.0
5068.0
5068.0
5068.0
1535.0
1535.0
1535.0
1535.0
1535.0
1535.0
1535.0
1535.0
1535.0
1535.0
1535.0
1535.0
1748.0
1748.0
1748.0
1748.0
1748.0
1748.0
1748.0
1748.0
1748.0
1748.0
1748.0
1748.0
1748.0
1748.0
1748.0
1748.0
1748.0
1748.0
1748.0
1748.0
1748.0
1748.0
1748.0
1748.0
1748.0
1748.0
4379.0
4379.0
4379.0
4379.0
4379.0
5164.0
5164.0
5164.0
5164.0
5164.0
5164.0
1493.0
1235.0
1235.0
1235.0
1235.0
318.0
5014.0
5014.0
5014.0
5014.0
5014.0
5014.0
5014.0
5014.0
5014.0
5014.0
5014.0
5014.0
5014.0
5014.0
5014.0
5014.0
5014.0
5014.0
5014.0
5014.0
5014.0
5014.0
4114.0
4114.0
4114.0
1871.0
86.0
86.0
86.0
86.0
86.0
86.0
4449.0
4449.0
2271.0
2271.0
2161.0
2161.0
2161.0
2161.0
2161.0
2161.0
2161.0
2161.0
2907.0
2907.0
2907.0
2907.0
2907.0
2907.0
2907.0
2907.0
2907.0
2907.0
2907.0
2907.0
2907.0
2907.0
2907.0
2907.0
2907.0
2907.0
2907.0
2907.0
2907.0
2907.0
2907.0
2907.0
2907.0
2907.0
2907.0
2907.0
2907.0
4239.0
4239.0
4239.0
4239.0
4239.0
4239.0
4239.0
3006.0
3770.0
4578.0
4578.0
4578.0
4578.0
4578.0
4578.0
4698.0
4698.0
4698.0
971.0
971.0
971.0
971.0
971.0
971.0
971.0
971.0
971.0
971.0
971.0
971.0
971.0
971.0
971.0
971.0
971.0
971.0
971.0
971.0
971.0
971.0
971.0
971.0
971.0
971.0
971.0
971.0
971.0
971.0
971.0
971.0
971.0
971.0
971.0
971.0
971.0
971.0
971.0
971.0
971.0
971.0
971.0
971.0
971.0
971.0
971.0
971.0
971.0
971.0
971.0
971.0
971.0
971.0
971.0
971.0
971.0
971.0
971.0
971.0
971.0
971.0
971.0
971.0
971.0
971.0
971.0
971.0
971.0
971.0
971.0
971.0
971.0
971.0
971.0
971.0
971.0
971.0
971.0
971.0
971.0
971.0
971.0
971.0
971.0
971.0
971.0
971.0
971.0
971.0
971.0
971.0
971.0
971.0
971.0
971.0
971.0
971.0
971.0
971.0
971.0
971.0
971.0
971.0
971.0
971.0
971.0
971.0
971.0
971.0
971.0
971.0
971.0
971.0
971.0
971.0
1797.0
1797.0
1797.0
1797.0
964.0
964.0
964.0
964.0
964.0
964.0
964.0
964.0
964.0
964.0
4357.0
4357.0
4357.0
4357.0
4357.0
942.0
942.0
942.0
942.0
942.0
942.0
942.0
942.0
942.0
942.0
942.0
942.0
2769.0
2769.0
2769.0
498.0
498.0
498.0
498.0
498.0
498.0
498.0
498.0
498.0
498.0
498.0
498.0
498.0
498.0
498.0
498.0
498.0
498.0
498.0
498.0
498.0
498.0
498.0
498.0
498.0
498.0
498.0
498.0
498.0
498.0
498.0
498.0
498.0
498.0
498.0
498.0
498.0
498.0
498.0
498.0
498.0
498.0
498.0
498.0
498.0
498.0
498.0
498.0
498.0
498.0
498.0
498.0
498.0
498.0
498.0
498.0
498.0
498.0
498.0
498.0
498.0
498.0
498.0
498.0
498.0
498.0
498.0
498.0
498.0
498.0
498.0
1474.0
1474.0
1474.0
1474.0
1474.0
1467.0
1467.0
1467.0
2042.0
2042.0
2042.0
2042.0
3825.0
3825.0
3825.0
4956.0
4956.0
2827.0
2827.0
2827.0
2827.0
2827.0
2827.0
2827.0
2827.0
2827.0
2827.0
2827.0
2827.0
2827.0
2827.0
2827.0
2827.0
2827.0
2827.0
2827.0
2827.0
2827.0
2827.0
2827.0
2827.0
2827.0
2827.0
2827.0
1716.0
5207.0
5207.0
4615.0
4615.0
4615.0
4615.0
4791.0
4791.0
4791.0
1094.0
1434.0
4044.0
4044.0
2822.0
2822.0
2822.0
2822.0
2822.0
2822.0
2822.0
2822.0
2822.0
2822.0
2822.0
2822.0
2822.0
2822.0
2822.0
2822.0
2822.0
2822.0
2822.0
2822.0
2822.0
2822.0
2822.0
2822.0
2822.0
2822.0
2822.0
404.0
404.0
404.0
404.0
404.0
404.0
404.0
404.0
404.0
404.0
404.0
939.0
1835.0
1.0
1.0
1.0
2155.0
2155.0
2155.0
2155.0
2155.0
1013.0
1013.0
1013.0
1013.0
1013.0
1013.0
1013.0
1013.0
1013.0
1013.0
1013.0
1013.0
1013.0
1013.0
1013.0
1013.0
1013.0
1013.0
1013.0
1013.0
1013.0
1013.0
1013.0
1013.0
1013.0
4797.0
4797.0
4797.0
4797.0
4797.0
771.0
771.0
771.0
771.0
771.0
771.0
771.0
771.0
771.0
771.0
771.0
771.0
771.0
771.0
771.0
771.0
771.0
771.0
771.0
1532.0
1532.0
2110.0
2110.0
2110.0
2110.0
2110.0
2110.0
2110.0
2110.0
2110.0
2110.0
4071.0
4071.0
4071.0
4071.0
1268.0
1268.0
1268.0
1268.0
1268.0
1268.0
1268.0
1268.0
1268.0
1268.0
1268.0
1268.0
1268.0
1268.0
1268.0
1268.0
1268.0
1268.0
1268.0
1268.0
5063.0
5063.0
2748.0
2748.0
40.0
40.0
4717.0
4717.0
3417.0
1270.0
1270.0
1270.0
1962.0
2286.0
2286.0
2286.0
2286.0
2286.0
2286.0
2286.0
2286.0
2286.0
2286.0
2286.0
2286.0
2286.0
2286.0
2286.0
2286.0
2286.0
2286.0
2286.0
2286.0
2286.0
2286.0
2286.0
2286.0
2286.0
2286.0
2422.0
2422.0
2422.0
2422.0
2422.0
2422.0
4300.0
4300.0
4300.0
4300.0
4300.0
4300.0
4300.0
4300.0
4300.0
4300.0
4300.0
4300.0
4300.0
4300.0
4300.0
4300.0
4300.0
3813.0
3813.0
14.0
14.0
14.0
14.0
14.0
14.0
14.0
14.0
14.0
14.0
5233.0
5233.0
5233.0
5233.0
5233.0
5233.0
5233.0
5233.0
5233.0
5233.0
5233.0
5233.0
5233.0
4907.0
4907.0
4907.0
5022.0
5022.0
1445.0
1445.0
1445.0
1445.0
1445.0
1445.0
1445.0
1445.0
1445.0
1445.0
1445.0
1445.0
1445.0
1445.0
1445.0
1445.0
1445.0
1445.0
1445.0
1445.0
2674.0
2674.0
4129.0
4129.0
4129.0
777.0
777.0
777.0
777.0
777.0
777.0
777.0
777.0
777.0
777.0
655.0
655.0
655.0
655.0
1160.0
1160.0
1160.0
1160.0
1160.0
1160.0
1160.0
1160.0
1160.0
1160.0
1160.0
1160.0
1160.0
1160.0
1160.0
1160.0
1160.0
1160.0
1160.0
1160.0
1160.0
1160.0
1160.0
2059.0
2059.0
2059.0
2059.0
4834.0
4834.0
4834.0
4834.0
4834.0
4834.0
4834.0
4834.0
4834.0
4834.0
4834.0
4834.0
4834.0
4834.0
4834.0
4834.0
5241.0
680.0
680.0
680.0
680.0
680.0
680.0
680.0
680.0
680.0
680.0
680.0
680.0
680.0
680.0
680.0
680.0
2582.0
2582.0
2582.0
2582.0
2582.0
2582.0
2582.0
2582.0
2582.0
2582.0
2582.0
2582.0
2582.0
2582.0
2582.0
2582.0
2582.0
2582.0
2582.0
2582.0
2582.0
2582.0
2582.0
2842.0
2576.0
2576.0
598.0
598.0
598.0
598.0
598.0
598.0
598.0
598.0
598.0
598.0
2934.0
3586.0
3586.0
3586.0
3586.0
3586.0
1076.0
1076.0
1076.0
1076.0
1076.0
1076.0
1076.0
1076.0
1076.0
1076.0
5151.0
5151.0
5151.0
3880.0
3880.0
3880.0
3880.0
2799.0
2799.0
2760.0
4906.0
1501.0
1501.0
1501.0
1501.0
1501.0
1501.0
1501.0
1501.0
1501.0
1501.0
1501.0
1501.0
1501.0
1501.0
1501.0
1501.0
5209.0
5209.0
5209.0
5209.0
5209.0
5209.0
5209.0
5209.0
5209.0
5209.0
5209.0
5209.0
5209.0
5209.0
5209.0
5209.0
5209.0
5209.0
5209.0
5209.0
5209.0
5209.0
5209.0
846.0
4164.0
4164.0
4164.0
4164.0
4164.0
4164.0
4164.0
4164.0
4164.0
1721.0
1721.0
1721.0
1721.0
1721.0
1721.0
2823.0
2823.0
2823.0
2823.0
1290.0
1290.0
1290.0
1290.0
1290.0
1290.0
1290.0
1290.0
92.0
1088.0
1088.0
1088.0
1088.0
1088.0
3891.0
3891.0
1841.0
1841.0
1841.0
1841.0
1841.0
1841.0
1841.0
1841.0
4904.0
4904.0
4904.0
776.0
776.0
776.0
776.0
776.0
776.0
776.0
776.0
776.0
776.0
776.0
776.0
776.0
776.0
776.0
776.0
776.0
776.0
776.0
776.0
776.0
776.0
776.0
776.0
776.0
776.0
776.0
776.0
776.0
776.0
776.0
776.0
776.0
776.0
776.0
776.0
776.0
776.0
776.0
776.0
776.0
776.0
776.0
776.0
776.0
776.0
776.0
776.0
776.0
776.0
776.0
776.0
2549.0
2549.0
646.0
646.0
646.0
646.0
646.0
646.0
646.0
646.0
646.0
646.0
646.0
646.0
646.0
646.0
646.0
646.0
646.0
646.0
646.0
646.0
646.0
646.0
646.0
646.0
646.0
646.0
646.0
646.0
646.0
646.0
646.0
646.0
646.0
646.0
646.0
646.0
646.0
646.0
646.0
646.0
646.0
646.0
646.0
646.0
646.0
646.0
646.0
646.0
646.0
646.0
646.0
646.0
646.0
646.0
646.0
646.0
646.0
646.0
646.0
646.0
646.0
646.0
646.0
646.0
646.0
646.0
646.0
646.0
646.0
646.0
646.0
646.0
646.0
646.0
646.0
646.0
646.0
646.0
646.0
646.0
646.0
646.0
646.0
646.0
646.0
646.0
646.0
646.0
646.0
646.0
646.0
646.0
646.0
646.0
646.0
646.0
646.0
646.0
646.0
646.0
646.0
646.0
646.0
646.0
646.0
646.0
646.0
646.0
646.0
646.0
646.0
646.0
646.0
646.0
646.0
646.0
646.0
646.0
646.0
646.0
646.0
646.0
1860.0
1860.0
3747.0
3747.0
3747.0
3747.0
1874.0
1874.0
1874.0
1874.0
1874.0
1874.0
1874.0
1874.0
1874.0
1874.0
1874.0
1874.0
1874.0
1874.0
1403.0
1403.0
1403.0
1403.0
1403.0
1403.0
1403.0
1403.0
1403.0
1403.0
1403.0
1403.0
1403.0
1403.0
1403.0
1403.0
1403.0
1403.0
5235.0
5235.0
5235.0
5235.0
5235.0
5235.0
893.0
893.0
893.0
893.0
893.0
893.0
893.0
893.0
893.0
893.0
893.0
1167.0
1167.0
1167.0
2012.0
2012.0
2012.0
4186.0
4186.0
4186.0
4186.0
4186.0
4186.0
550.0
550.0
1831.0
1831.0
1831.0
1831.0
1831.0
1831.0
1831.0
1831.0
1831.0
1831.0
1831.0
1831.0
1831.0
1831.0
1831.0
1831.0
1831.0
1831.0
1831.0
2154.0
2154.0
2154.0
2154.0
2154.0
2154.0
2154.0
2154.0
2154.0
2154.0
2154.0
2154.0
2154.0
2154.0
2154.0
3928.0
1209.0
1209.0
1209.0
1209.0
1209.0
1209.0
1209.0
1209.0
1209.0
1209.0
1209.0
1209.0
1209.0
1209.0
1209.0
1209.0
1209.0
1209.0
1209.0
1209.0
1209.0
1209.0
1209.0
1209.0
1209.0
1209.0
1209.0
1209.0
1209.0
1209.0
1209.0
1209.0
1209.0
1209.0
1209.0
1209.0
1209.0
1209.0
1209.0
1209.0
1209.0
1209.0
1209.0
1209.0
1209.0
1209.0
1209.0
1209.0
1209.0
1209.0
1209.0
1209.0
1209.0
1209.0
1209.0
1209.0
1209.0
1209.0
1209.0
1209.0
1209.0
1209.0
1209.0
1209.0
1209.0
1209.0
1209.0
1209.0
1209.0
1209.0
1209.0
1209.0
1209.0
1209.0
1209.0
1209.0
1209.0
1209.0
1209.0
1209.0
1209.0
1209.0
1209.0
1209.0
1209.0
1209.0
1209.0
1209.0
1209.0
1209.0
1209.0
1209.0
1209.0
1209.0
1209.0
1209.0
1209.0
1209.0
1209.0
1209.0
1209.0
1209.0
1209.0
1209.0
1209.0
1209.0
1209.0
1209.0
1209.0
1209.0
1209.0
1209.0
1209.0
1209.0
1209.0
1209.0
1209.0
1209.0
1209.0
1209.0
1209.0
1209.0
1209.0
1209.0
1209.0
1209.0
1209.0
1209.0
1209.0
1209.0
1209.0
1209.0
1209.0
1209.0
1154.0
1154.0
1154.0
1154.0
1154.0
1154.0
1154.0
1154.0
1154.0
1154.0
1154.0
1154.0
1154.0
1154.0
1154.0
1154.0
1154.0
1154.0
1154.0
1154.0
1154.0
1154.0
1154.0
1154.0
1154.0
1154.0
1154.0
1154.0
1154.0
1154.0
1154.0
1154.0
1154.0
1154.0
1154.0
1154.0
1154.0
1154.0
1154.0
1154.0
1154.0
1154.0
1154.0
1154.0
1154.0
1154.0
1154.0
1154.0
3956.0
3956.0
3956.0
3956.0
3956.0
1417.0
1417.0
1417.0
1417.0
1417.0
1417.0
1417.0
1417.0
1417.0
1417.0
1417.0
1417.0
1417.0
1417.0
1417.0
1417.0
1417.0
1417.0
1417.0
1417.0
1417.0
1417.0
1417.0
1417.0
1417.0
1417.0
1417.0
1417.0
1417.0
4842.0
4842.0
4842.0
4842.0
4842.0
4842.0
4842.0
4842.0
4842.0
4842.0
4842.0
4842.0
4842.0
4842.0
4842.0
4842.0
4842.0
4842.0
4842.0
2141.0
2141.0
2141.0
2141.0
2141.0
2141.0
2141.0
2141.0
2141.0
2141.0
2141.0
2141.0
2141.0
2141.0
2141.0
2141.0
2141.0
2141.0
2141.0
2141.0
2141.0
2141.0
2141.0
2141.0
2141.0
2141.0
2141.0
2141.0
2141.0
2141.0
2141.0
2141.0
2141.0
2141.0
2141.0
2141.0
2141.0
2141.0
2141.0
2141.0
2141.0
2141.0
2141.0
2141.0
2141.0
2141.0
2141.0
2141.0
2141.0
2141.0
2141.0
2141.0
2141.0
2141.0
2141.0
2141.0
2141.0
2141.0
2141.0
2141.0
2141.0
2141.0
2141.0
2141.0
2141.0
2141.0
2141.0
2141.0
2141.0
2141.0
2141.0
2141.0
2141.0
2141.0
2141.0
2141.0
2141.0
2141.0
2141.0
2141.0
2141.0
402.0
402.0
402.0
402.0
402.0
402.0
402.0
402.0
3332.0
3332.0
2642.0
2642.0
2642.0
2642.0
2642.0
2642.0
2642.0
2642.0
2642.0
2642.0
2642.0
2642.0
763.0
763.0
763.0
763.0
763.0
763.0
763.0
763.0
763.0
763.0
763.0
763.0
763.0
763.0
763.0
763.0
763.0
763.0
763.0
763.0
763.0
763.0
763.0
3839.0
3839.0
2263.0
2715.0
2715.0
2715.0
2715.0
2715.0
2715.0
2715.0
2715.0
2715.0
1916.0
1916.0
1916.0
1916.0
1916.0
1916.0
1916.0
2268.0
2268.0
4613.0
4613.0
4613.0
4613.0
4613.0
4613.0
4613.0
4613.0
4613.0
4613.0
4613.0
4613.0
4613.0
4613.0
4613.0
4613.0
4613.0
1529.0
1529.0
1529.0
1529.0
1529.0
1529.0
1529.0
1529.0
1529.0
1529.0
1529.0
1529.0
1529.0
1529.0
1529.0
1529.0
1529.0
1529.0
438.0
438.0
438.0
438.0
438.0
438.0
2592.0
2592.0
2592.0
2592.0
2592.0
2592.0
2592.0
2592.0
2592.0
2592.0
2592.0
2592.0
2592.0
2592.0
2592.0
2592.0
2592.0
1193.0
1193.0
1193.0
1193.0
1193.0
1193.0
1193.0
1193.0
1117.0
1117.0
1117.0
1117.0
1117.0
1117.0
1117.0
1117.0
1117.0
1117.0
1117.0
1117.0
1117.0
1117.0
1117.0
367.0
367.0
367.0
367.0
367.0
367.0
367.0
367.0
367.0
367.0
367.0
367.0
367.0
367.0
367.0
367.0
367.0
367.0
5158.0
5158.0
5158.0
5158.0
3604.0
3604.0
3604.0
3604.0
3604.0
3604.0
3604.0
3604.0
3604.0
3604.0
3604.0
3604.0
3604.0
3604.0
983.0
983.0
983.0
983.0
983.0
983.0
983.0
983.0
983.0
983.0
4593.0
4593.0
4593.0
4593.0
4593.0
4593.0
2039.0
4187.0
4187.0
1083.0
439.0
439.0
439.0
439.0
439.0
439.0
2391.0
2391.0
2391.0
2391.0
2391.0
2391.0
2391.0
2391.0
2391.0
2391.0
2519.0
2519.0
3252.0
3252.0
3252.0
3252.0
3252.0
3252.0
3252.0
3252.0
3252.0
3252.0
3252.0
3252.0
3252.0
3252.0
3252.0
4076.0
4076.0
4076.0
4076.0
4076.0
4076.0
4076.0
4632.0
2249.0
2249.0
2249.0
2249.0
2249.0
2249.0
2249.0
2249.0
2249.0
2249.0
2249.0
2249.0
2249.0
2249.0
2249.0
2249.0
2249.0
2249.0
2249.0
2249.0
2249.0
2249.0
2249.0
2249.0
2249.0
2249.0
2249.0
2249.0
2249.0
2249.0
2249.0
879.0
879.0
879.0
879.0
879.0
879.0
5140.0
5085.0
5085.0
1169.0
1169.0
1169.0
1169.0
4352.0
4352.0
4352.0
4352.0
4352.0
617.0
617.0
617.0
617.0
617.0
617.0
617.0
617.0
617.0
617.0
617.0
617.0
617.0
617.0
617.0
617.0
617.0
617.0
617.0
617.0
617.0
617.0
617.0
617.0
617.0
617.0
617.0
617.0
617.0
617.0
617.0
617.0
617.0
617.0
617.0
617.0
617.0
617.0
617.0
617.0
617.0
617.0
617.0
617.0
617.0
617.0
617.0
617.0
617.0
617.0
617.0
617.0
617.0
617.0
617.0
617.0
617.0
617.0
617.0
617.0
4773.0
4773.0
4773.0
4773.0
4773.0
4773.0
4773.0
4773.0
2951.0
2951.0
2951.0
2951.0
2951.0
2951.0
2951.0
2951.0
2951.0
2951.0
2951.0
2951.0
2951.0
2951.0
2951.0
4387.0
4387.0
4387.0
4387.0
4387.0
4387.0
4387.0
4387.0
1464.0
1464.0
1464.0
1464.0
1464.0
1464.0
1464.0
1464.0
1464.0
1464.0
1464.0
1464.0
1464.0
1464.0
1464.0
1464.0
1464.0
1464.0
1464.0
1464.0
5152.0
3407.0
3822.0
3822.0
3822.0
3822.0
3822.0
3822.0
2009.0
2009.0
2009.0
4871.0
4871.0
4005.0
4005.0
4356.0
4356.0
4552.0
4552.0
4552.0
1711.0
4082.0
5065.0
5065.0
5065.0
5065.0
5065.0
5065.0
5065.0
5065.0
5065.0
5065.0
5065.0
5065.0
5065.0
5065.0
5065.0
5065.0
5065.0
5065.0
5065.0
5065.0
811.0
811.0
811.0
811.0
811.0
811.0
811.0
811.0
811.0
811.0
811.0
811.0
811.0
811.0
811.0
811.0
811.0
811.0
811.0
811.0
811.0
811.0
811.0
811.0
811.0
811.0
811.0
811.0
811.0
811.0
811.0
811.0
811.0
811.0
811.0
811.0
811.0
811.0
811.0
811.0
811.0
811.0
811.0
811.0
811.0
811.0
811.0
811.0
811.0
811.0
811.0
811.0
811.0
811.0
811.0
811.0
811.0
811.0
811.0
811.0
811.0
811.0
811.0
811.0
811.0
811.0
811.0
811.0
811.0
811.0
811.0
811.0
811.0
811.0
811.0
811.0
811.0
811.0
811.0
811.0
811.0
811.0
811.0
811.0
811.0
811.0
811.0
811.0
811.0
811.0
811.0
811.0
811.0
811.0
811.0
811.0
811.0
811.0
811.0
811.0
811.0
811.0
811.0
811.0
811.0
811.0
811.0
811.0
811.0
811.0
811.0
811.0
811.0
811.0
811.0
811.0
811.0
811.0
811.0
811.0
811.0
4597.0
4597.0
4597.0
3466.0
3466.0
3466.0
3466.0
3466.0
3466.0
3466.0
3466.0
3466.0
3466.0
3466.0
3466.0
3466.0
3466.0
3466.0
3466.0
3466.0
3466.0
3466.0
3466.0
3466.0
3466.0
3466.0
3466.0
3139.0
279.0
279.0
279.0
279.0
279.0
279.0
279.0
279.0
3125.0
3967.0
726.0
726.0
726.0
726.0
726.0
726.0
726.0
726.0
726.0
726.0
726.0
726.0
726.0
726.0
726.0
726.0
726.0
2029.0
2029.0
2029.0
2029.0
2029.0
2029.0
2029.0
2029.0
2029.0
2029.0
2029.0
2029.0
2029.0
2029.0
2029.0
2029.0
2029.0
2029.0
2029.0
2029.0
2029.0
2029.0
2029.0
2029.0
2029.0
2029.0
2029.0
2029.0
2029.0
2029.0
2029.0
2029.0
2029.0
2029.0
2029.0
2029.0
3879.0
3879.0
3879.0
3879.0
3879.0
2231.0
2231.0
2231.0
2231.0
2231.0
2231.0
2231.0
2231.0
2231.0
2231.0
2231.0
2231.0
2231.0
2231.0
2231.0
2231.0
2231.0
2231.0
2231.0
2231.0
2231.0
2231.0
2231.0
2231.0
2231.0
2231.0
2231.0
2231.0
2231.0
2231.0
2231.0
2231.0
2231.0
2231.0
2231.0
2231.0
2231.0
2231.0
2231.0
2231.0
2231.0
2231.0
2231.0
2231.0
2231.0
2231.0
2231.0
2231.0
2231.0
2231.0
2231.0
2231.0
2231.0
2231.0
2231.0
2231.0
2231.0
2231.0
2231.0
2231.0
2231.0
2231.0
2231.0
2231.0
2231.0
2231.0
2231.0
2231.0
2231.0
2231.0
2231.0
675.0
675.0
675.0
675.0
675.0
675.0
675.0
675.0
675.0
675.0
675.0
675.0
675.0
675.0
675.0
675.0
675.0
675.0
675.0
675.0
675.0
675.0
675.0
675.0
675.0
675.0
675.0
675.0
675.0
675.0
675.0
675.0
675.0
675.0
675.0
675.0
675.0
675.0
675.0
675.0
675.0
675.0
675.0
675.0
675.0
675.0
675.0
675.0
675.0
675.0
675.0
675.0
675.0
675.0
675.0
675.0
675.0
675.0
675.0
675.0
675.0
675.0
675.0
675.0
675.0
675.0
675.0
675.0
675.0
675.0
675.0
675.0
675.0
675.0
675.0
675.0
675.0
675.0
675.0
675.0
675.0
675.0
675.0
675.0
675.0
675.0
675.0
675.0
675.0
675.0
675.0
675.0
675.0
675.0
675.0
675.0
675.0
675.0
675.0
675.0
675.0
675.0
675.0
675.0
675.0
675.0
675.0
675.0
675.0
675.0
675.0
675.0
675.0
675.0
675.0
675.0
675.0
675.0
675.0
675.0
675.0
675.0
675.0
675.0
675.0
675.0
675.0
675.0
675.0
675.0
675.0
675.0
675.0
675.0
675.0
4854.0
4854.0
4854.0
4854.0
4854.0
3194.0
4301.0
4301.0
4301.0
4301.0
4301.0
4301.0
4301.0
4301.0
4301.0
4301.0
38.0
38.0
2350.0
2350.0
2350.0
3106.0
2061.0
2061.0
2061.0
2188.0
4996.0
4996.0
4996.0
1234.0
1234.0
2131.0
2131.0
2131.0
2131.0
2131.0
2131.0
2131.0
2131.0
2131.0
2131.0
4438.0
4438.0
2678.0
2678.0
2678.0
2678.0
2678.0
2678.0
4558.0
1832.0
1832.0
1832.0
1832.0
1832.0
1832.0
1832.0
1832.0
1832.0
1832.0
1832.0
1832.0
1832.0
1832.0
1832.0
1832.0
1832.0
1832.0
1832.0
1832.0
1832.0
1832.0
1832.0
1832.0
1832.0
1832.0
1173.0
1173.0
1173.0
1173.0
1469.0
1469.0
1469.0
1469.0
1469.0
1469.0
1469.0
1469.0
1469.0
1469.0
1469.0
1469.0
1469.0
1469.0
1469.0
1469.0
1469.0
1469.0
1469.0
1469.0
1469.0
1469.0
3369.0
3369.0
3369.0
3369.0
3369.0
3369.0
3369.0
3369.0
3369.0
1232.0
4325.0
854.0
854.0
854.0
854.0
854.0
854.0
854.0
854.0
854.0
854.0
365.0
365.0
365.0
365.0
365.0
1951.0
1951.0
1951.0
1951.0
1951.0
1951.0
1951.0
1951.0
2500.0
2500.0
2500.0
2500.0
2500.0
2500.0
2500.0
2500.0
2500.0
2500.0
2500.0
4818.0
4818.0
4818.0
4818.0
4818.0
4818.0
4818.0
4818.0
4818.0
4818.0
4818.0
4818.0
4818.0
4818.0
4818.0
4818.0
4818.0
4818.0
4818.0
4818.0
4818.0
4818.0
4818.0
4818.0
4818.0
4818.0
4818.0
4993.0
4993.0
4993.0
4993.0
4993.0
4993.0
4993.0
4993.0
4993.0
4993.0
4993.0
4993.0
4993.0
4993.0
4993.0
4993.0
4993.0
4993.0
4993.0
4993.0
4993.0
4993.0
4993.0
4730.0
4730.0
4730.0
4730.0
4730.0
4730.0
4730.0
4730.0
4730.0
4730.0
3733.0
465.0
465.0
465.0
465.0
465.0
465.0
2913.0
2913.0
2913.0
2913.0
2913.0
2913.0
2913.0
2913.0
2913.0
2913.0
2913.0
2913.0
5101.0
5101.0
5101.0
5101.0
5101.0
5101.0
5101.0
5101.0
1722.0
4729.0
4729.0
4729.0
4729.0
4729.0
4729.0
4729.0
4729.0
4729.0
4729.0
4729.0
4729.0
1002.0
1002.0
1002.0
1002.0
1002.0
1002.0
1002.0
1002.0
1002.0
1002.0
1002.0
1002.0
1002.0
943.0
943.0
943.0
943.0
943.0
943.0
1039.0
1039.0
1039.0
1039.0
1039.0
1039.0
1039.0
1039.0
1039.0
1039.0
1039.0
1039.0
1039.0
1039.0
1039.0
1039.0
1039.0
1039.0
1039.0
1039.0
1039.0
1039.0
1039.0
1039.0
1039.0
1039.0
3095.0
3095.0
3095.0
1251.0
1251.0
3200.0
1505.0
1505.0
426.0
426.0
426.0
426.0
426.0
426.0
4133.0
4739.0
4739.0
4739.0
4244.0
4244.0
4244.0
4244.0
4244.0
1778.0
1778.0
1778.0
1778.0
1778.0
1778.0
1778.0
3178.0
3178.0
3178.0
3178.0
3178.0
3178.0
2557.0
2557.0
2557.0
2557.0
2557.0
2557.0
2557.0
2557.0
2557.0
2557.0
2557.0
2557.0
2557.0
2557.0
2557.0
2557.0
2557.0
2557.0
2557.0
2557.0
2426.0
2426.0
2426.0
2027.0
2027.0
2210.0
2210.0
2210.0
2210.0
2210.0
2210.0
2210.0
2210.0
2210.0
2210.0
678.0
678.0
678.0
678.0
678.0
678.0
678.0
678.0
678.0
678.0
678.0
678.0
678.0
678.0
678.0
678.0
678.0
678.0
678.0
678.0
678.0
678.0
678.0
678.0
678.0
678.0
678.0
678.0
678.0
678.0
678.0
678.0
678.0
678.0
678.0
678.0
678.0
678.0
678.0
678.0
678.0
678.0
678.0
678.0
678.0
678.0
678.0
678.0
678.0
678.0
678.0
678.0
678.0
678.0
678.0
678.0
678.0
678.0
678.0
678.0
678.0
678.0
678.0
678.0
678.0
678.0
678.0
678.0
678.0
678.0
678.0
678.0
678.0
678.0
678.0
678.0
678.0
678.0
678.0
678.0
678.0
678.0
678.0
678.0
678.0
678.0
678.0
678.0
678.0
678.0
678.0
678.0
678.0
678.0
678.0
678.0
678.0
678.0
678.0
678.0
678.0
678.0
678.0
678.0
678.0
678.0
678.0
678.0
678.0
678.0
678.0
678.0
678.0
678.0
678.0
678.0
678.0
678.0
678.0
678.0
678.0
678.0
678.0
678.0
678.0
678.0
678.0
678.0
678.0
678.0
678.0
4201.0
4201.0
4201.0
4201.0
4201.0
4201.0
4201.0
4201.0
4201.0
4201.0
4201.0
4201.0
4201.0
4201.0
4201.0
4201.0
4201.0
4201.0
4201.0
3009.0
3009.0
3009.0
3009.0
3009.0
3009.0
3009.0
3009.0
1372.0
1372.0
1372.0
1372.0
1372.0
1372.0
1372.0
1372.0
1372.0
1372.0
1372.0
1372.0
1372.0
1372.0
1372.0
1372.0
1372.0
1372.0
1372.0
1372.0
1372.0
1372.0
3107.0
3107.0
3107.0
3107.0
3107.0
3107.0
3107.0
3107.0
3107.0
3107.0
1065.0
1065.0
1065.0
1065.0
1065.0
1065.0
4050.0
4050.0
4050.0
491.0
491.0
491.0
491.0
491.0
491.0
491.0
491.0
491.0
491.0
491.0
491.0
491.0
491.0
491.0
491.0
491.0
491.0
491.0
491.0
491.0
491.0
491.0
491.0
491.0
4506.0
4506.0
4506.0
4506.0
4506.0
4754.0
4754.0
4754.0
810.0
810.0
810.0
810.0
810.0
810.0
810.0
810.0
2792.0
2880.0
2880.0
2880.0
2880.0
2880.0
2880.0
2880.0
2880.0
2880.0
2880.0
409.0
409.0
409.0
409.0
1929.0
1929.0
1929.0
1929.0
1929.0
1929.0
1929.0
1929.0
1929.0
1929.0
1929.0
1929.0
1929.0
1929.0
1929.0
1929.0
1929.0
1929.0
1929.0
1929.0
1929.0
1929.0
1929.0
1929.0
1929.0
1929.0
1979.0
1979.0
1979.0
1979.0
1979.0
1979.0
1979.0
1979.0
1979.0
1979.0
1979.0
1979.0
1979.0
1979.0
1979.0
1979.0
1979.0
1979.0
1979.0
1979.0
1979.0
1979.0
1979.0
1979.0
1979.0
1979.0
864.0
864.0
864.0
864.0
1960.0
1960.0
1960.0
1960.0
1960.0
1960.0
1960.0
1960.0
1960.0
1960.0
1960.0
1960.0
1960.0
1960.0
1960.0
1960.0
1960.0
1960.0
1749.0
1749.0
1749.0
1749.0
1749.0
3978.0
3405.0
2691.0
2691.0
2691.0
2691.0
2691.0
2691.0
2691.0
2691.0
2691.0
2691.0
2691.0
4631.0
2611.0
2611.0
2876.0
2876.0
2876.0
2876.0
2876.0
2876.0
2876.0
2876.0
2876.0
2876.0
2876.0
2876.0
2876.0
2876.0
2876.0
2876.0
2876.0
2876.0
2876.0
2876.0
2876.0
2876.0
2876.0
2876.0
2876.0
2876.0
2876.0
2876.0
2876.0
2876.0
2876.0
2876.0
2876.0
2876.0
2876.0
2876.0
2876.0
2876.0
2876.0
2876.0
2876.0
2876.0
2876.0
2876.0
2876.0
2876.0
2876.0
2876.0
2876.0
2876.0
2876.0
2876.0
2876.0
2876.0
2876.0
2876.0
2876.0
2876.0
2876.0
2876.0
2876.0
2876.0
2876.0
2876.0
1635.0
1635.0
227.0
227.0
227.0
227.0
227.0
227.0
227.0
227.0
227.0
227.0
227.0
227.0
227.0
227.0
227.0
227.0
227.0
227.0
3870.0
3870.0
3870.0
2376.0
2376.0
2376.0
2376.0
2376.0
2376.0
2376.0
2376.0
2376.0
2376.0
2376.0
2376.0
215.0
215.0
215.0
215.0
1906.0
1906.0
1906.0
1906.0
1906.0
213.0
213.0
3061.0
3061.0
3061.0
3061.0
1288.0
1288.0
1288.0
1288.0
1288.0
1288.0
1288.0
1288.0
1288.0
1288.0
1288.0
1288.0
1288.0
1288.0
1288.0
1288.0
1288.0
1288.0
1288.0
1288.0
2620.0
321.0
321.0
321.0
321.0
321.0
321.0
321.0
321.0
321.0
321.0
321.0
321.0
321.0
321.0
321.0
321.0
321.0
321.0
321.0
321.0
2333.0
2333.0
1070.0
1070.0
1070.0
1070.0
1070.0
3996.0
1431.0
1431.0
1431.0
1431.0
1431.0
1431.0
1431.0
1431.0
1431.0
1431.0
1431.0
1431.0
1431.0
1431.0
1431.0
1304.0
1304.0
1304.0
1304.0
1304.0
1304.0
4450.0
4450.0
3723.0
3723.0
3723.0
3723.0
3723.0
3723.0
3723.0
3723.0
3723.0
3723.0
3723.0
3723.0
3723.0
3723.0
3723.0
3723.0
3723.0
3723.0
3723.0
3723.0
3723.0
3723.0
3723.0
3723.0
3723.0
3723.0
16.0
16.0
16.0
16.0
16.0
16.0
1521.0
1521.0
349.0
443.0
443.0
1656.0
1092.0
1092.0
1092.0
1092.0
1092.0
1092.0
2222.0
2222.0
2222.0
493.0
493.0
493.0
493.0
493.0
493.0
493.0
493.0
493.0
493.0
927.0
4175.0
2933.0
2848.0
2230.0
2230.0
2230.0
2230.0
2230.0
2230.0
2230.0
2230.0
2230.0
2230.0
2230.0
2230.0
2230.0
2230.0
2230.0
2230.0
2230.0
2230.0
2230.0
1781.0
1781.0
1781.0
1781.0
1781.0
1781.0
1781.0
1781.0
1781.0
1781.0
1781.0
1781.0
1781.0
1781.0
1781.0
1781.0
1781.0
1781.0
1781.0
1781.0
1781.0
1781.0
1781.0
1781.0
1781.0
1781.0
1781.0
1781.0
1781.0
1781.0
1781.0
1781.0
1781.0
1781.0
1781.0
1781.0
1781.0
1781.0
1781.0
1781.0
1781.0
1781.0
1781.0
1781.0
1781.0
1781.0
1781.0
1781.0
1781.0
1781.0
1781.0
1781.0
1781.0
1781.0
1781.0
1781.0
1781.0
1781.0
1781.0
1781.0
1781.0
1781.0
1781.0
1781.0
1781.0
1781.0
1781.0
1800.0
1800.0
1800.0
1800.0
1800.0
1800.0
1800.0
1800.0
1800.0
3326.0
3326.0
3326.0
3326.0
3326.0
2093.0
2093.0
2093.0
2093.0
2093.0
2093.0
2093.0
2093.0
2093.0
2093.0
2093.0
2093.0
2093.0
2093.0
2093.0
2093.0
2093.0
2093.0
2093.0
2093.0
2093.0
2377.0
2377.0
3068.0
629.0
629.0
629.0
629.0
629.0
629.0
629.0
629.0
629.0
629.0
629.0
629.0
2114.0
2114.0
2114.0
2114.0
2114.0
2114.0
2114.0
2114.0
2114.0
2114.0
2114.0
2114.0
2114.0
2114.0
2114.0
2114.0
2114.0
2114.0
2114.0
2114.0
2114.0
2114.0
2114.0
2114.0
2114.0
2114.0
2114.0
2114.0
2114.0
2114.0
3685.0
3685.0
3685.0
3685.0
3685.0
3685.0
3685.0
3685.0
3685.0
3685.0
3685.0
3685.0
3685.0
3685.0
3685.0
3685.0
3685.0
3685.0
926.0
926.0
304.0
304.0
2871.0
4490.0
4490.0
285.0
285.0
285.0
285.0
285.0
285.0
285.0
285.0
285.0
285.0
285.0
285.0
285.0
285.0
285.0
2856.0
2856.0
2856.0
2856.0
2856.0
2856.0
2856.0
2856.0
2856.0
2856.0
2856.0
2856.0
2856.0
386.0
595.0
595.0
595.0
595.0
595.0
595.0
595.0
595.0
2957.0
2957.0
2957.0
2957.0
2957.0
2957.0
2957.0
2624.0
2624.0
2624.0
2624.0
2624.0
2624.0
925.0
925.0
925.0
925.0
925.0
925.0
925.0
925.0
925.0
925.0
925.0
925.0
925.0
925.0
925.0
925.0
696.0
696.0
696.0
696.0
696.0
696.0
696.0
696.0
696.0
696.0
696.0
696.0
696.0
696.0
696.0
696.0
696.0
696.0
696.0
696.0
696.0
696.0
696.0
696.0
696.0
696.0
696.0
696.0
696.0
696.0
696.0
696.0
696.0
696.0
696.0
696.0
696.0
696.0
2570.0
2570.0
2570.0
2570.0
2570.0
2570.0
2570.0
2570.0
2570.0
2570.0
2570.0
2570.0
4917.0
2560.0
2560.0
2560.0
4447.0
961.0
961.0
4783.0
5215.0
5213.0
5213.0
5213.0
5213.0
5213.0
5213.0
5213.0
5213.0
5213.0
5213.0
5213.0
5213.0
5213.0
5213.0
5213.0
5213.0
5213.0
5213.0
5213.0
1494.0
1494.0
1494.0
1494.0
1494.0
1494.0
1494.0
1494.0
1494.0
1494.0
1494.0
1494.0
1494.0
1494.0
1494.0
1494.0
1494.0
1494.0
1494.0
1494.0
1494.0
1494.0
1494.0
1494.0
1494.0
1494.0
1455.0
1455.0
3358.0
3358.0
3358.0
3358.0
3358.0
3358.0
3358.0
3358.0
3358.0
3358.0
3358.0
3358.0
3358.0
3358.0
4243.0
2619.0
288.0
288.0
288.0
288.0
288.0
288.0
288.0
288.0
288.0
288.0
288.0
288.0
288.0
288.0
288.0
288.0
288.0
288.0
288.0
288.0
288.0
288.0
2593.0
2593.0
2593.0
2593.0
2566.0
2566.0
2566.0
2566.0
2566.0
4822.0
4822.0
4822.0
3761.0
5044.0
5044.0
5044.0
2172.0
2172.0
2172.0
2172.0
2172.0
2172.0
2172.0
2172.0
2172.0
2172.0
2172.0
2172.0
2172.0
2172.0
2172.0
2172.0
2172.0
2172.0
2172.0
2172.0
2172.0
2172.0
2172.0
2172.0
2172.0
2172.0
2172.0
2172.0
2643.0
2643.0
2902.0
2902.0
2902.0
4345.0
4345.0
4205.0
4205.0
4205.0
4205.0
4205.0
4408.0
819.0
819.0
819.0
819.0
819.0
819.0
819.0
819.0
819.0
819.0
819.0
819.0
819.0
819.0
819.0
819.0
819.0
819.0
819.0
819.0
819.0
4086.0
2173.0
2173.0
1919.0
1919.0
1432.0
141.0
350.0
350.0
3234.0
3234.0
3234.0
4003.0
4003.0
3778.0
3778.0
3778.0
3778.0
3778.0
1861.0
1861.0
1861.0
1861.0
1861.0
731.0
731.0
731.0
731.0
731.0
731.0
731.0
731.0
731.0
731.0
731.0
715.0
715.0
715.0
715.0
715.0
715.0
715.0
715.0
715.0
715.0
715.0
715.0
715.0
715.0
715.0
715.0
812.0
812.0
812.0
812.0
812.0
812.0
812.0
812.0
849.0
849.0
849.0
3434.0
2744.0
2744.0
2744.0
2744.0
2744.0
2744.0
2744.0
2744.0
2857.0
2857.0
2857.0
2857.0
2857.0
2857.0
2857.0
2857.0
2857.0
2857.0
2857.0
497.0
1878.0
1878.0
1878.0
3988.0
3988.0
3988.0
3988.0
2851.0
2851.0
2851.0
2851.0
2851.0
2851.0
2851.0
2851.0
1839.0
3060.0
4341.0
1279.0
1279.0
1279.0
1279.0
1279.0
5027.0
5027.0
5027.0
5027.0
5027.0
5027.0
5027.0
5027.0
5027.0
5027.0
5027.0
5027.0
5027.0
5027.0
5027.0
5027.0
5027.0
5027.0
1200.0
1200.0
1200.0
1200.0
1200.0
1200.0
1200.0
1200.0
1200.0
1200.0
1200.0
1200.0
1200.0
1200.0
847.0
847.0
847.0
847.0
847.0
847.0
847.0
847.0
847.0
847.0
1032.0
1032.0
1032.0
1032.0
1032.0
1032.0
1032.0
1032.0
1032.0
1032.0
1063.0
1063.0
1063.0
1063.0
1063.0
1063.0
1063.0
1063.0
1063.0
1063.0
1063.0
1063.0
1063.0
1063.0
1063.0
1063.0
1063.0
1063.0
1718.0
1718.0
1718.0
1718.0
1718.0
1718.0
1718.0
1718.0
1718.0
1718.0
1718.0
1718.0
1718.0
1718.0
1718.0
1718.0
1718.0
1718.0
1718.0
1718.0
1718.0
1718.0
1718.0
1718.0
1718.0
1718.0
1718.0
1718.0
1718.0
1718.0
1718.0
1718.0
1718.0
1718.0
1718.0
1718.0
1718.0
1718.0
1718.0
1718.0
1718.0
1060.0
1060.0
1060.0
3929.0
2797.0
2797.0
2797.0
2797.0
2797.0
2797.0
2797.0
2797.0
2797.0
2797.0
2797.0
2797.0
2797.0
2392.0
2392.0
2392.0
1368.0
1368.0
1368.0
1368.0
1368.0
1368.0
1368.0
1368.0
1368.0
1368.0
1368.0
1368.0
1368.0
1368.0
1368.0
1368.0
1368.0
1368.0
1368.0
1368.0
1368.0
1368.0
1368.0
1368.0
1368.0
1368.0
1368.0
1368.0
1368.0
1368.0
1368.0
1368.0
1368.0
1368.0
1368.0
1368.0
1368.0
1368.0
1368.0
1368.0
1856.0
1856.0
1856.0
1856.0
1856.0
1856.0
1856.0
1856.0
1856.0
290.0
290.0
290.0
290.0
290.0
800.0
800.0
800.0
800.0
800.0
800.0
800.0
1365.0
1365.0
2588.0
2588.0
2588.0
2588.0
2588.0
2588.0
2588.0
2588.0
2588.0
2588.0
2588.0
982.0
982.0
982.0
982.0
982.0
982.0
982.0
982.0
982.0
982.0
982.0
3713.0
3713.0
3713.0
3713.0
275.0
275.0
275.0
275.0
275.0
1397.0
1397.0
1397.0
1397.0
1397.0
1397.0
1397.0
1397.0
1397.0
1397.0
1397.0
1397.0
5023.0
5212.0
5212.0
5212.0
1283.0
1283.0
1283.0
1283.0
1283.0
1283.0
1323.0
1323.0
1323.0
1323.0
1323.0
1323.0
1323.0
1323.0
1323.0
1323.0
1323.0
1323.0
1323.0
1323.0
1323.0
1323.0
1323.0
1323.0
1323.0
1323.0
1323.0
1323.0
1323.0
1323.0
1323.0
1323.0
1323.0
1323.0
1323.0
1323.0
1323.0
1323.0
1323.0
1323.0
1323.0
1323.0
5206.0
5206.0
1454.0
1454.0
1369.0
1369.0
1369.0
1369.0
259.0
259.0
259.0
259.0
1490.0
1490.0
4941.0
2608.0
2608.0
2608.0
2608.0
2608.0
2608.0
2608.0
2608.0
2608.0
2608.0
1477.0
1477.0
1477.0
1477.0
1477.0
3673.0
1908.0
1908.0
1908.0
1908.0
1908.0
1908.0
1908.0
1908.0
1908.0
1908.0
816.0
816.0
816.0
4928.0
4928.0
4928.0
1388.0
1388.0
1388.0
1388.0
1388.0
1388.0
1388.0
1388.0
1388.0
1388.0
4845.0
4845.0
4845.0
4845.0
4845.0
4845.0
4845.0
4845.0
4845.0
1300.0
1300.0
1300.0
1300.0
1300.0
1300.0
1300.0
1300.0
1300.0
1300.0
1300.0
1300.0
643.0
643.0
643.0
643.0
643.0
643.0
643.0
643.0
643.0
643.0
643.0
643.0
643.0
643.0
643.0
2219.0
2219.0
2219.0
2219.0
2297.0
5121.0
5121.0
5121.0
5121.0
5121.0
3479.0
3479.0
1367.0
1367.0
1367.0
1367.0
1367.0
1367.0
1367.0
1367.0
1367.0
1367.0
1367.0
1367.0
1367.0
1367.0
1367.0
1367.0
1367.0
1367.0
1367.0
1367.0
1367.0
1367.0
1367.0
1367.0
1367.0
1367.0
1367.0
2644.0
2644.0
2644.0
2644.0
2644.0
2644.0
2644.0
2644.0
2644.0
2644.0
2644.0
2644.0
1373.0
1373.0
233.0
233.0
2837.0
2837.0
2837.0
2837.0
2837.0
2837.0
2837.0
2837.0
1138.0
1138.0
1138.0
1138.0
1138.0
5190.0
5190.0
5190.0
5190.0
5190.0
5190.0
2460.0
752.0
752.0
540.0
644.0
644.0
644.0
644.0
644.0
644.0
644.0
644.0
644.0
644.0
644.0
644.0
644.0
644.0
644.0
644.0
644.0
644.0
644.0
644.0
644.0
3085.0
2397.0
2397.0
5204.0
5204.0
5204.0
5204.0
5204.0
5204.0
5204.0
5204.0
5204.0
5204.0
5204.0
5204.0
3023.0
4199.0
4737.0
1605.0
1605.0
3288.0
3288.0
3429.0
4177.0
4177.0
4177.0
4177.0
4177.0
4177.0
1213.0
1213.0
1213.0
1213.0
2758.0
625.0
625.0
2324.0
2324.0
2324.0
2324.0
2206.0
2206.0
1252.0
1252.0
1252.0
1252.0
1252.0
1252.0
1252.0
1252.0
1252.0
1252.0
1252.0
1252.0
1252.0
1252.0
2546.0
2546.0
2546.0
2546.0
2546.0
2546.0
2546.0
2546.0
2546.0
2546.0
2546.0
2546.0
2546.0
2546.0
2546.0
2201.0
2201.0
2201.0
2201.0
2201.0
2201.0
2201.0
2201.0
2201.0
2201.0
2201.0
2201.0
2201.0
2201.0
2201.0
1957.0
1957.0
1245.0
1245.0
1245.0
1245.0
1245.0
1245.0
1245.0
1245.0
1245.0
1245.0
1245.0
1245.0
1245.0
1245.0
1245.0
1245.0
1245.0
1245.0
1245.0
1245.0
1245.0
1245.0
1245.0
3910.0
4214.0
3932.0
3932.0
3329.0
3329.0
3329.0
3329.0
5.0
5.0
5.0
5.0
5.0
5.0
5.0
5.0
2743.0
4290.0
2626.0
2816.0
1460.0
1460.0
1460.0
1460.0
1460.0
1911.0
1911.0
1911.0
1911.0
1911.0
1911.0
1911.0
1911.0
1911.0
1911.0
1911.0
1911.0
1911.0
1911.0
449.0
449.0
2363.0
952.0
1562.0
1562.0
1562.0
1562.0
1562.0
1562.0
1562.0
1562.0
1562.0
1562.0
1562.0
1562.0
1562.0
1562.0
1562.0
1562.0
1562.0
1562.0
2787.0
2787.0
1353.0
1353.0
1353.0
1446.0
1090.0
1090.0
1090.0
1090.0
1090.0
1090.0
1090.0
1090.0
1090.0
1090.0
1090.0
5232.0
5232.0
929.0
929.0
929.0
929.0
929.0
2524.0
2524.0
2211.0
2211.0
417.0
417.0
417.0
1846.0
1846.0
2664.0
2664.0
2664.0
1448.0
1448.0
3509.0
3509.0
3509.0
4075.0
4075.0
2919.0
2919.0
2919.0
2919.0
2919.0
2919.0
2919.0
2375.0
3658.0
3658.0
3658.0
3658.0
3658.0
1395.0
2577.0
2577.0
2577.0
2669.0
2669.0
2669.0
2651.0
2651.0
2651.0
2651.0
4799.0
4799.0
4799.0
1824.0
1824.0
1824.0
1824.0
2186.0
2186.0
2186.0
2186.0
2186.0
1669.0
5053.0
5053.0
5053.0
5053.0
3055.0
3055.0
2820.0
2820.0
2820.0
2820.0
2820.0
2820.0
2820.0
2820.0
2820.0
2820.0
2820.0
2820.0
2820.0
2820.0
2820.0
2820.0
2820.0
2820.0
2820.0
2820.0
2820.0
454.0
1928.0
1928.0
1928.0
1928.0
1928.0
1928.0
1928.0
1928.0
1928.0
1928.0
1677.0
515.0
3340.0
1320.0
1320.0
1320.0
1320.0
1320.0
1320.0
1320.0
1320.0
1320.0
1320.0
1320.0
1320.0
1320.0
4532.0
5109.0
451.0
451.0
451.0
451.0
451.0
451.0
451.0
451.0
4644.0
4644.0
4644.0
3777.0
3777.0
3777.0
4909.0
4909.0
2198.0
2198.0
2198.0
2198.0
43.0
4229.0
872.0
872.0
872.0
872.0
872.0
872.0
872.0
872.0
872.0
872.0
872.0
872.0
872.0
872.0
872.0
682.0
682.0
682.0
1292.0
1292.0
1292.0
1292.0
1292.0
1292.0
2328.0
2328.0
2328.0
2328.0
2328.0
2328.0
2328.0
2328.0
2328.0
2328.0
2328.0
1295.0
1295.0
1295.0
440.0
316.0
316.0
1025.0
1025.0
694.0
694.0
134.0
2162.0
2022.0
2022.0
2022.0
2022.0
2022.0
5169.0
5169.0
5169.0
5169.0
5169.0
5169.0
2965.0
2965.0
2965.0
2965.0
1943.0
185.0
755.0
5095.0
5095.0
5095.0
5095.0
5095.0
5095.0
5095.0
5095.0
5095.0
5095.0
495.0
495.0
495.0
495.0
495.0
495.0
495.0
495.0
495.0
495.0
495.0
495.0
495.0
495.0
495.0
4131.0
4131.0
4131.0
4131.0
4174.0
4174.0
4174.0
3514.0
3819.0
3819.0
3819.0
3819.0
3819.0
3819.0
3819.0
3819.0
28.0
28.0
28.0
28.0
28.0
3998.0
3424.0
2457.0
4891.0
4891.0
4891.0
693.0
693.0
693.0
693.0
4985.0
4985.0
4985.0
4985.0
4985.0
4985.0
4985.0
4985.0
4985.0
1354.0
1354.0
1354.0
1354.0
2833.0
2833.0
2833.0
2833.0
2833.0
2833.0
1069.0
1069.0
1069.0
1069.0
1069.0
1069.0
1069.0
1069.0
1069.0
1069.0
1069.0
1069.0
1069.0
1069.0
1069.0
1069.0
1069.0
1069.0
1069.0
1069.0
1069.0
2692.0
2692.0
2692.0
2692.0
2692.0
2586.0
2586.0
280.0
280.0
630.0
630.0
630.0
630.0
3734.0
3734.0
3335.0
3335.0
3335.0
3335.0
3866.0
1243.0
1243.0
945.0
945.0
945.0
945.0
945.0
945.0
945.0
945.0
945.0
945.0
945.0
945.0
945.0
945.0
945.0
945.0
945.0
945.0
945.0
945.0
945.0
945.0
945.0
945.0
945.0
945.0
945.0
945.0
945.0
945.0
945.0
945.0
945.0
945.0
945.0
945.0
945.0
945.0
945.0
945.0
945.0
945.0
945.0
945.0
945.0
945.0
945.0
945.0
945.0
945.0
945.0
945.0
945.0
945.0
945.0
945.0
945.0
945.0
945.0
945.0
945.0
945.0
945.0
945.0
945.0
945.0
945.0
945.0
945.0
945.0
945.0
945.0
945.0
945.0
945.0
945.0
945.0
945.0
1495.0
1495.0
1495.0
1495.0
1112.0
1112.0
1112.0
1112.0
1112.0
1112.0
1112.0
1112.0
1112.0
1112.0
1112.0
1112.0
1112.0
1112.0
1112.0
1112.0
1112.0
1112.0
1112.0
1112.0
1112.0
1112.0
1112.0
1112.0
1112.0
1112.0
1112.0
1112.0
1112.0
1112.0
1112.0
1112.0
1111.0
1111.0
1111.0
1111.0
1111.0
1111.0
1111.0
1111.0
1111.0
1111.0
1111.0
1111.0
1111.0
1111.0
1111.0
1111.0
1111.0
1111.0
1111.0
1111.0
1111.0
1111.0
1111.0
1111.0
1111.0
1111.0
1111.0
1111.0
1111.0
1111.0
1111.0
1111.0
1111.0
3128.0
3128.0
3128.0
3128.0
3128.0
3128.0
3128.0
3128.0
3128.0
3128.0
3128.0
3128.0
3128.0
3128.0
3128.0
3128.0
3128.0
3128.0
3128.0
3128.0
3128.0
3128.0
3128.0
3128.0
3128.0
3128.0
3128.0
3128.0
3128.0
3128.0
3128.0
3128.0
3128.0
3128.0
3128.0
3128.0
3128.0
3128.0
3128.0
3128.0
3128.0
3128.0
3128.0
3128.0
3128.0
3128.0
3128.0
3128.0
3128.0
3128.0
3128.0
3128.0
3128.0
3736.0
3736.0
3736.0
3736.0
3736.0
3736.0
3736.0
3736.0
3736.0
3736.0
3736.0
3736.0
3736.0
3736.0
3736.0
3736.0
3736.0
3736.0
3736.0
3736.0
3736.0
3736.0
3736.0
3736.0
3736.0
3736.0
3736.0
3736.0
3736.0
3736.0
3736.0
3736.0
3736.0
3736.0
3736.0
3736.0
3736.0
3736.0
3736.0
3736.0
3736.0
3736.0
3736.0
3736.0
3736.0
3736.0
3736.0
3736.0
3736.0
3736.0
3736.0
1183.0
1183.0
1183.0
1183.0
1183.0
1183.0
1183.0
1183.0
1183.0
1183.0
1183.0
1183.0
1183.0
1183.0
1183.0
1183.0
1183.0
1183.0
1183.0
1183.0
1183.0
85.0
85.0
85.0
85.0
85.0
85.0
85.0
85.0
85.0
85.0
85.0
85.0
85.0
85.0
85.0
85.0
85.0
85.0
85.0
85.0
85.0
85.0
85.0
85.0
85.0
85.0
85.0
85.0
85.0
85.0
85.0
85.0
85.0
85.0
85.0
85.0
85.0
85.0
85.0
85.0
85.0
85.0
85.0
85.0
85.0
85.0
85.0
85.0
85.0
85.0
85.0
85.0
85.0
85.0
85.0
85.0
85.0
85.0
85.0
85.0
85.0
85.0
85.0
85.0
85.0
85.0
85.0
85.0
85.0
85.0
85.0
85.0
85.0
85.0
85.0
85.0
85.0
85.0
85.0
85.0
85.0
85.0
85.0
85.0
85.0
85.0
85.0
85.0
85.0
85.0
85.0
85.0
85.0
85.0
85.0
85.0
85.0
3040.0
3040.0
3040.0
1732.0
1732.0
1732.0
1732.0
4053.0
4053.0
4053.0
2544.0
2544.0
2544.0
1970.0
1970.0
1970.0
3774.0
4994.0
4774.0
1441.0
1441.0
4169.0
4169.0
1062.0
1222.0
1222.0
1222.0
1222.0
1222.0
1222.0
1222.0
991.0
991.0
991.0
991.0
255.0
255.0
255.0
255.0
2358.0
1185.0
1229.0
1229.0
1229.0
1229.0
1229.0
1229.0
1229.0
1229.0
1645.0
3138.0
3138.0
1620.0
1620.0
1620.0
1620.0
1620.0
1620.0
1620.0
1620.0
1620.0
1620.0
1620.0
1620.0
1620.0
1620.0
1620.0
1620.0
1620.0
1620.0
1620.0
1620.0
4680.0
4327.0
4327.0
4327.0
4327.0
4327.0
2371.0
2371.0
2371.0
2269.0
4805.0
4805.0
4805.0
3769.0
5208.0
5208.0
5208.0
3246.0
3246.0
3246.0
4209.0
4209.0
4547.0
4547.0
3045.0
3045.0
4672.0
1533.0
3772.0
3772.0
3772.0
1740.0
1740.0
1740.0
1740.0
264.0
1180.0
1180.0
1180.0
1180.0
1180.0
1180.0
1180.0
1180.0
1180.0
1180.0
1180.0
1180.0
1180.0
1180.0
1180.0
1180.0
151.0
3500.0
3500.0
2665.0
2665.0
4682.0
1219.0
3612.0
3612.0
3612.0
1426.0
1426.0
1238.0
1568.0
1568.0
3385.0
3385.0
3993.0
1673.0
1673.0
1673.0
2938.0
2938.0
2938.0
2938.0
2938.0
2938.0
2938.0
3184.0
4992.0
1967.0
1967.0
1263.0
1263.0
1179.0
1179.0
1179.0
235.0
235.0
2120.0
1672.0
1672.0
1672.0
1672.0
1379.0
1379.0
1379.0
1379.0
1379.0
3789.0
3789.0
3789.0
2689.0
1176.0
1176.0
1176.0
2542.0
2542.0
2701.0
1175.0
1646.0
1646.0
1646.0
416.0
416.0
416.0
416.0
1224.0
1224.0
1224.0
2812.0
2812.0
2812.0
2764.0
2764.0
2764.0
1249.0
1249.0
1249.0
2121.0
3482.0
3482.0
1453.0
1453.0
1453.0
1453.0
1453.0
3203.0
3203.0
3203.0
1133.0
1133.0
4629.0
4629.0
4629.0
566.0
566.0
566.0
566.0
5141.0
5141.0
5141.0
2543.0
2543.0
2543.0
3484.0
3484.0
3484.0
3093.0
3093.0
3686.0
3686.0
3686.0
3686.0
3686.0
3686.0
3686.0
3686.0
813.0
3372.0
3372.0
3372.0
3372.0
2014.0
2014.0
1855.0
1855.0
3371.0
3371.0
21.0
21.0
2983.0
2983.0
2983.0
2983.0
2983.0
2983.0
2983.0
2983.0
2983.0
2983.0
2983.0
2983.0
2983.0
2983.0
2983.0
2983.0
568.0
699.0
699.0
699.0
699.0
699.0
699.0
2189.0
2189.0
2189.0
2189.0
2189.0
2189.0
2189.0
2189.0
2189.0
2189.0
3795.0
806.0
806.0
806.0
2739.0
2739.0
2739.0
2739.0
2739.0
2739.0
2739.0
2739.0
2739.0
2739.0
2739.0
2739.0
2739.0
2739.0
2739.0
2739.0
2739.0
2739.0
2739.0
2739.0
2739.0
2739.0
2739.0
2739.0
2739.0
2739.0
2739.0
2739.0
2739.0
1110.0
1110.0
1110.0
1110.0
1110.0
1110.0
1110.0
1110.0
1110.0
1110.0
1110.0
1110.0
1110.0
1110.0
1311.0
1311.0
1476.0
1476.0
1476.0
1476.0
1139.0
1139.0
1139.0
1589.0
1589.0
1589.0
1589.0
1589.0
1589.0
1537.0
1537.0
4468.0
4468.0
4468.0
4468.0
4468.0
4468.0
4468.0
4468.0
4468.0
4089.0
1814.0
1814.0
1814.0
1814.0
1814.0
1814.0
1814.0
3083.0
3083.0
2374.0
4213.0
117.0
3796.0
3796.0
3330.0
3330.0
3330.0
3330.0
3330.0
3330.0
4857.0
4857.0
4857.0
4857.0
2368.0
2368.0
2368.0
2368.0
2368.0
2368.0
2368.0
900.0
1569.0
1569.0
1569.0
1569.0
1569.0
1569.0
1569.0
1569.0
1569.0
504.0
504.0
504.0
504.0
5076.0
5076.0
313.0
313.0
383.0
383.0
383.0
2673.0
2673.0
2673.0
2673.0
2595.0
2595.0
2595.0
2595.0
2595.0
2595.0
2595.0
2595.0
2595.0
2595.0
2595.0
2595.0
2595.0
2585.0
2585.0
3892.0
4216.0
4216.0
2066.0
246.0
5059.0
3989.0
3989.0
3989.0
3989.0
3989.0
3989.0
3989.0
3989.0
2353.0
2353.0
2353.0
1775.0
1775.0
1775.0
1775.0
2334.0
2334.0
2334.0
2334.0
2334.0
1643.0
1643.0
1643.0
1643.0
1643.0
627.0
627.0
627.0
627.0
627.0
627.0
627.0
112.0
112.0
112.0
4485.0
4485.0
4485.0
1182.0
1182.0
1182.0
1182.0
1182.0
1182.0
1182.0
1182.0
1182.0
1182.0
1182.0
1182.0
1182.0
1182.0
1182.0
1182.0
1182.0
1182.0
1182.0
1182.0
1182.0
985.0
985.0
985.0
985.0
985.0
985.0
985.0
985.0
985.0
985.0
985.0
985.0
985.0
985.0
985.0
985.0
985.0
985.0
985.0
985.0
985.0
985.0
985.0
985.0
985.0
985.0
985.0
985.0
985.0
985.0
985.0
985.0
985.0
4595.0
4595.0
4595.0
4595.0
4595.0
4595.0
4595.0
4595.0
4595.0
4595.0
4595.0
4595.0
4595.0
4595.0
4595.0
4595.0
4595.0
4595.0
4595.0
4595.0
4595.0
4595.0
4595.0
4595.0
4595.0
4595.0
4595.0
4595.0
2165.0
2165.0
2165.0
1166.0
1166.0
1166.0
1166.0
588.0
588.0
588.0
4882.0
4843.0
4843.0
4843.0
4843.0
4843.0
4843.0
4843.0
4843.0
4843.0
4843.0
4843.0
4843.0
4843.0
4843.0
4843.0
4843.0
4843.0
4843.0
4843.0
4843.0
4843.0
4843.0
4843.0
4843.0
4843.0
4843.0
4843.0
4843.0
4843.0
4843.0
4843.0
4843.0
4843.0
4843.0
4843.0
4843.0
4843.0
4843.0
4843.0
4843.0
4843.0
4843.0
4843.0
4843.0
4843.0
4843.0
4843.0
4843.0
4843.0
4843.0
4843.0
4843.0
4843.0
4843.0
4843.0
5168.0
5168.0
5168.0
5168.0
5168.0
5168.0
5168.0
5168.0
5168.0
5168.0
2670.0
2670.0
2670.0
2670.0
2670.0
4136.0
4136.0
4136.0
793.0
5117.0
5117.0
5117.0
3968.0
3968.0
4047.0
4047.0
1981.0
1981.0
1981.0
1981.0
4273.0
4343.0
4343.0
1503.0
1503.0
1503.0
1503.0
1503.0
1503.0
1503.0
1610.0
1610.0
1610.0
1610.0
1629.0
931.0
4069.0
574.0
820.0
2839.0
2839.0
2839.0
1211.0
1851.0
1851.0
1851.0
1851.0
1851.0
1851.0
1851.0
1851.0
1851.0
1227.0
1227.0
1227.0
1227.0
1227.0
1227.0
1227.0
1227.0
1227.0
1227.0
1227.0
1227.0
1227.0
1227.0
1227.0
1227.0
1227.0
1227.0
871.0
871.0
871.0
2821.0
2821.0
2821.0
2821.0
2821.0
3487.0
3487.0
1291.0
1291.0
1291.0
2540.0
4885.0
4885.0
1158.0
1158.0
1158.0
1158.0
527.0
527.0
527.0
527.0
527.0
527.0
527.0
527.0
527.0
527.0
527.0
527.0
527.0
527.0
527.0
3043.0
1376.0
1376.0
1376.0
904.0
1316.0
1316.0
1316.0
3762.0
2899.0
2828.0
2828.0
2828.0
2828.0
2828.0
2828.0
2828.0
2828.0
2828.0
2828.0
2828.0
2828.0
2828.0
2828.0
2828.0
2828.0
2828.0
2828.0
2828.0
2828.0
2828.0
2828.0
2828.0
2828.0
2828.0
2828.0
4143.0
3100.0
3100.0
3100.0
3100.0
3100.0
669.0
669.0
669.0
669.0
1498.0
1498.0
1498.0
1498.0
1498.0
1498.0
1498.0
1498.0
1498.0
1498.0
1498.0
1498.0
2159.0
2159.0
2159.0
2159.0
2159.0
2159.0
2159.0
2159.0
2159.0
1654.0
1654.0
1654.0
1654.0
1654.0
1654.0
1654.0
1654.0
1654.0
1654.0
1654.0
1654.0
1654.0
1654.0
1654.0
1654.0
1654.0
1654.0
1654.0
1654.0
5159.0
2996.0
2996.0
2868.0
2868.0
2868.0
2868.0
2868.0
2868.0
2868.0
2868.0
2868.0
2868.0
2868.0
2868.0
2045.0
2724.0
2724.0
2724.0
2724.0
2724.0
2724.0
2724.0
2724.0
2724.0
2724.0
2724.0
2724.0
2724.0
2142.0
1047.0
1047.0
1807.0
3771.0
3771.0
3771.0
3771.0
3771.0
2040.0
2040.0
2040.0
2040.0
4018.0
4018.0
4018.0
4018.0
4018.0
4018.0
4018.0
4018.0
1153.0
1153.0
1153.0
1153.0
1153.0
387.0
3250.0
1296.0
1296.0
1296.0
1296.0
1296.0
708.0
708.0
2170.0
2170.0
905.0
905.0
1771.0
1771.0
1771.0
5124.0
2819.0
2819.0
2819.0
1818.0
1818.0
1818.0
1818.0
1818.0
1818.0
2952.0
2952.0
2952.0
2952.0
2952.0
2952.0
2952.0
2952.0
2952.0
2952.0
1825.0
1825.0
1825.0
1825.0
1825.0
1825.0
1825.0
1825.0
1825.0
1462.0
1462.0
1462.0
1462.0
695.0
695.0
695.0
695.0
695.0
695.0
695.0
695.0
1686.0
1463.0
1463.0
1463.0
1463.0
892.0
892.0
892.0
892.0
892.0
892.0
892.0
892.0
892.0
892.0
892.0
3625.0
3625.0
895.0
868.0
868.0
1891.0
2894.0
2894.0
1273.0
2125.0
2125.0
2125.0
2125.0
2125.0
2125.0
2125.0
2125.0
2125.0
2125.0
2125.0
2125.0
2125.0
2125.0
2125.0
2125.0
2125.0
2125.0
2125.0
2125.0
2125.0
2125.0
2125.0
2125.0
2125.0
2125.0
2125.0
2125.0
2125.0
2125.0
2125.0
2125.0
2125.0
2125.0
2125.0
2125.0
2125.0
2125.0
2125.0
2125.0
2125.0
2125.0
2125.0
2125.0
2125.0
2125.0
2125.0
2125.0
2125.0
2125.0
2125.0
2125.0
2125.0
2125.0
2125.0
2125.0
561.0
561.0
561.0
561.0
561.0
561.0
561.0
561.0
701.0
701.0
701.0
1358.0
1358.0
3944.0
3944.0
4747.0
4747.0
4747.0
4747.0
4747.0
3147.0
3147.0
245.0
245.0
245.0
3546.0
3546.0
3546.0
4630.0
4711.0
4711.0
4711.0
4711.0
4711.0
4711.0
31.0
31.0
31.0
31.0
1443.0
2745.0
2745.0
2745.0
2745.0
2745.0
5019.0
5019.0
5019.0
5019.0
5019.0
5019.0
1356.0
1356.0
1356.0
1356.0
1049.0
1049.0
1049.0
1049.0
473.0
473.0
3113.0
3113.0
3113.0
3113.0
152.0
152.0
478.0
478.0
478.0
1810.0
469.0
469.0
469.0
469.0
469.0
469.0
469.0
469.0
469.0
469.0
469.0
469.0
469.0
469.0
469.0
469.0
469.0
469.0
469.0
469.0
469.0
469.0
469.0
469.0
2931.0
5166.0
4788.0
4788.0
4032.0
1339.0
650.0
650.0
650.0
650.0
650.0
650.0
4954.0
4954.0
4954.0
4954.0
4954.0
4954.0
4954.0
4954.0
251.0
251.0
251.0
251.0
251.0
251.0
251.0
251.0
251.0
251.0
251.0
251.0
251.0
3829.0
934.0
934.0
934.0
934.0
934.0
934.0
934.0
3477.0
410.0
410.0
410.0
1729.0
1729.0
1729.0
1729.0
3232.0
4689.0
252.0
252.0
3319.0
3319.0
3697.0
5013.0
5013.0
5013.0
5013.0
5013.0
5013.0
3188.0
3188.0
3188.0
4397.0
4397.0
4397.0
1333.0
1333.0
1333.0
1333.0
1333.0
2704.0
4944.0
4944.0
4944.0
4880.0
4880.0
2891.0
1236.0
1236.0
1236.0
1236.0
1236.0
1236.0
1236.0
1236.0
1045.0
1045.0
1045.0
1045.0
1045.0
4792.0
4792.0
4792.0
4792.0
4792.0
4792.0
4792.0
4792.0
4792.0
4792.0
4792.0
4792.0
4792.0
4792.0
4792.0
4792.0
4792.0
4792.0
4792.0
4792.0
4792.0
4673.0
4673.0
1715.0
1271.0
1271.0
2698.0
2698.0
2698.0
2698.0
2834.0
3474.0
728.0
728.0
728.0
728.0
4951.0
4951.0
4951.0
4951.0
3298.0
4884.0
882.0
3609.0
3032.0
3032.0
3032.0
1082.0
1082.0
1082.0
4027.0
4027.0
4027.0
2458.0
2526.0
2526.0
2313.0
2581.0
2581.0
2581.0
2581.0
1286.0
1286.0
1286.0
1286.0
2714.0
2714.0
5028.0
5028.0
5028.0
3133.0
3133.0
3133.0
3133.0
3133.0
3133.0
2098.0
2098.0
4863.0
4863.0
987.0
987.0
987.0
987.0
987.0
987.0
987.0
3974.0
3974.0
3974.0
3974.0
3974.0
3974.0
3974.0
3974.0
3974.0
1430.0
1430.0
1430.0
1430.0
1430.0
1430.0
1430.0
1430.0
1430.0
1430.0
1430.0
1430.0
1430.0
1430.0
4677.0
4677.0
4677.0
4677.0
4677.0
4677.0
4677.0
3721.0
3721.0
3721.0
3721.0
3721.0
3721.0
3721.0
3721.0
3721.0
3721.0
3721.0
910.0
910.0
910.0
1009.0
1009.0
3237.0
3237.0
3086.0
3086.0
873.0
873.0
873.0
873.0
873.0
2151.0
3547.0
3547.0
3547.0
2761.0
2761.0
2761.0
2761.0
2761.0
2761.0
2761.0
2761.0
2761.0
880.0
880.0
2862.0
2862.0
2949.0
969.0
969.0
4233.0
4233.0
4233.0
4435.0
4435.0
4435.0
944.0
944.0
944.0
831.0
831.0
831.0
1026.0
3696.0
3696.0
302.0
729.0
729.0
729.0
729.0
729.0
729.0
3677.0
5205.0
5205.0
5135.0
5135.0
5135.0
5135.0
5135.0
5135.0
5135.0
5135.0
3099.0
3099.0
3099.0
502.0
839.0
3575.0
3575.0
1888.0
3867.0
3689.0
1010.0
1010.0
1010.0
1010.0
1010.0
1010.0
1010.0
1010.0
1010.0
1010.0
1010.0
2456.0
531.0
823.0
823.0
823.0
1244.0
1244.0
1244.0
1244.0
1244.0
4234.0
1802.0
2515.0
2515.0
2515.0
2515.0
158.0
4522.0
4522.0
4522.0
2117.0
1204.0
1204.0
1413.0
1042.0
1042.0
2181.0
1067.0
1067.0
1067.0
1067.0
1067.0
1067.0
1067.0
1067.0
1318.0
918.0
797.0
797.0
797.0
797.0
533.0
533.0
596.0
596.0
596.0
596.0
667.0
667.0
667.0
667.0
667.0
667.0
667.0
667.0
667.0
667.0
667.0
667.0
203.0
203.0
2383.0
1945.0
1945.0
1945.0
1945.0
1945.0
1945.0
1945.0
4571.0
4571.0
4571.0
2190.0
1769.0
1769.0
1769.0
1769.0
1769.0
2265.0
2265.0
2265.0
2265.0
2265.0
2265.0
2265.0
2265.0
4249.0
4249.0
4249.0
3129.0
1821.0
1821.0
1821.0
1821.0
1821.0
1821.0
626.0
4762.0
4762.0
3089.0
5123.0
5123.0
5123.0
5123.0
5123.0
2316.0
2316.0
2316.0
2316.0
483.0
483.0
483.0
1284.0
1284.0
2099.0
2099.0
2099.0
2099.0
2099.0
725.0
725.0
725.0
725.0
4062.0
805.0
1894.0
1894.0
1894.0
1894.0
4953.0
4953.0
4953.0
4953.0
4953.0
4953.0
1803.0
1803.0
1803.0
3339.0
3339.0
3339.0
3339.0
3339.0
1352.0
1352.0
1352.0
1352.0
1036.0
1036.0
1036.0
1036.0
1036.0
1742.0
1400.0
2202.0
2202.0
2202.0
2202.0
2202.0
2202.0
481.0
481.0
2784.0
1006.0
1006.0
1006.0
1006.0
1006.0
1006.0
1006.0
1006.0
4766.0
4766.0
672.0
672.0
672.0
5163.0
5163.0
1931.0
1931.0
1203.0
4127.0
2910.0
2910.0
2910.0
1585.0
1585.0
1280.0
1280.0
1280.0
1064.0
1064.0
1064.0
1064.0
1064.0
1064.0
1184.0
1184.0
1135.0
1135.0
2518.0
2518.0
2024.0
2024.0
2024.0
2024.0
2024.0
2024.0
2024.0
2024.0
713.0
713.0
713.0
713.0
713.0
2976.0
1041.0
4436.0
4436.0
239.0
1246.0
1246.0
2301.0
2301.0
2301.0
718.0
718.0
718.0
718.0
718.0
718.0
718.0
718.0
718.0
718.0
718.0
718.0
718.0
718.0
718.0
718.0
718.0
718.0
718.0
718.0
718.0
718.0
718.0
718.0
718.0
1266.0
1266.0
1266.0
1266.0
2092.0
2092.0
2092.0
2092.0
2092.0
2092.0
5211.0
5211.0
5211.0
5211.0
5211.0
703.0
703.0
3577.0
3577.0
4647.0
4647.0
4647.0
4647.0
2223.0
2223.0
2609.0
2609.0
2609.0
523.0
4040.0
4040.0
4302.0
4302.0
4302.0
4302.0
2253.0
2253.0
2253.0
2253.0
2253.0
2253.0
2253.0
2253.0
2253.0
1188.0
1188.0
1177.0
721.0
721.0
721.0
721.0
721.0
721.0
1496.0
1496.0
1223.0
1471.0
1250.0
2127.0
2127.0
2127.0
2127.0
552.0
4064.0
1262.0
450.0
1199.0
2711.0
1510.0
1510.0
1510.0
2773.0
2773.0
2773.0
2773.0
2773.0
2532.0
3664.0
3664.0
3664.0
3166.0
3166.0
3166.0
4707.0
4707.0
4707.0
130.0
4706.0
5025.0
54.0
3964.0
3964.0
1953.0
2013.0
2013.0
2013.0
2013.0
2013.0
2013.0
2013.0
2013.0
2013.0
2013.0
2013.0
2013.0
2013.0
2013.0
3160.0
3937.0
1052.0
1052.0
2169.0
2169.0
2169.0
2169.0
50.0
50.0
50.0
4049.0
4049.0
1659.0
1659.0
1659.0
1659.0
1659.0
1659.0
1659.0
1659.0
1659.0
1659.0
1659.0
1659.0
1659.0
1659.0
1659.0
1659.0
1659.0
946.0
946.0
946.0
946.0
946.0
946.0
946.0
946.0
946.0
946.0
946.0
4652.0
4652.0
4652.0
1058.0
41.0
41.0
41.0
41.0
49.0
49.0
49.0
74.0
74.0
74.0
74.0
74.0
74.0
5026.0
4960.0
4960.0
4960.0
4960.0
4960.0
1644.0
1644.0
1644.0
1085.0
1085.0
1085.0
1085.0
1085.0
1085.0
1085.0
1085.0
4790.0
4790.0
4790.0
4790.0
866.0
866.0
866.0
3127.0
3127.0
3127.0
2583.0
2583.0
2583.0
2583.0
2583.0
4775.0
4775.0
4775.0
4775.0
4778.0
4779.0
869.0
869.0
869.0
869.0
869.0
869.0
869.0
3273.0
3273.0
3273.0
4321.0
4321.0
4321.0
4321.0
4321.0
4321.0
4369.0
4369.0
5127.0
5127.0
5127.0
5075.0
5075.0
4398.0
4398.0
1760.0
1760.0
1309.0
1309.0
1020.0
1020.0
4058.0
2199.0
2199.0
698.0
698.0
698.0
977.0
977.0
1786.0
1786.0
1786.0
1786.0
2929.0
2929.0
2929.0
2929.0
2929.0
2929.0
2929.0
2929.0
2929.0
2929.0
29.0
29.0
3425.0
3425.0
1055.0
1055.0
1055.0
1055.0
1055.0
1055.0
1055.0
3124.0
3124.0
3124.0
3124.0
3124.0
2496.0
2496.0
2496.0
4274.0
4274.0
4274.0
4274.0
4274.0
4274.0
4594.0
4206.0
1897.0
1897.0
1897.0
1867.0
1867.0
2164.0
4006.0
4006.0
1697.0
4568.0
3269.0
1847.0
1847.0
1847.0
1847.0
1847.0
1847.0
1847.0
1847.0
1847.0
1847.0
1847.0
1847.0
1847.0
1847.0
1847.0
1847.0
1847.0
1847.0
1826.0
1409.0
1409.0
2699.0
2699.0
2699.0
2699.0
4607.0
4607.0
1449.0
1449.0
1449.0
1449.0
1449.0
1554.0
4017.0
4017.0
2106.0
2106.0
2106.0
2106.0
2106.0
2106.0
2106.0
2106.0
2106.0
1164.0
3722.0
4313.0
2136.0
2136.0
2136.0
2136.0
2136.0
2136.0
2136.0
505.0
1977.0
1977.0
862.0
862.0
862.0
862.0
4196.0
4066.0
692.0
692.0
4035.0
1428.0
253.0
1374.0
1374.0
1374.0
1374.0
1374.0
3231.0
3231.0
2649.0
5148.0
5037.0
3755.0
3755.0
331.0
2892.0
2892.0
2892.0
363.0
363.0
363.0
354.0
354.0
354.0
354.0
4708.0
2063.0
2063.0
2063.0
592.0
592.0
592.0
592.0
592.0
592.0
2119.0
3651.0
3651.0
3651.0
1614.0
1614.0
1815.0
1815.0
1815.0
1815.0
1815.0
1815.0
2975.0
2975.0
2684.0
2684.0
2684.0
2684.0
2684.0
3630.0
3630.0
1613.0
827.0
827.0
827.0
827.0
827.0
827.0
827.0
4055.0
4055.0
329.0
4659.0
3536.0
3536.0
3167.0
3167.0
3167.0
1315.0
1315.0
1315.0
3476.0
4065.0
3010.0
2655.0
1885.0
1885.0
1885.0
1885.0
1885.0
1885.0
1885.0
1885.0
1885.0
1885.0
1885.0
1885.0
1885.0
1885.0
1885.0
3437.0
3381.0
3381.0
1530.0
175.0
175.0
3557.0
3557.0
3916.0
4235.0
2956.0
1913.0
1913.0
1913.0
2660.0
660.0
660.0
660.0
660.0
660.0
660.0
660.0
660.0
660.0
660.0
660.0
660.0
660.0
660.0
660.0
660.0
660.0
660.0
660.0
660.0
660.0
660.0
660.0
660.0
660.0
660.0
660.0
660.0
660.0
660.0
660.0
660.0
4339.0
4339.0
2031.0
2031.0
2031.0
2031.0
2031.0
2031.0
462.0
3943.0
3943.0
1207.0
1207.0
1207.0
1207.0
2826.0
2826.0
2870.0
2870.0
2870.0
4603.0
4694.0
5219.0
5219.0
5219.0
4132.0
4132.0
4132.0
4132.0
5230.0
5230.0
4755.0
4755.0
2325.0
2325.0
1285.0
1285.0
3446.0
1136.0
1136.0
1580.0
1580.0
1580.0
1580.0
1580.0
1580.0
1580.0
1580.0
1580.0
270.0
270.0
270.0
270.0
4967.0
3765.0
3765.0
1416.0
1416.0
1416.0
1416.0
1416.0
1416.0
1416.0
1416.0
1416.0
1416.0
720.0
3545.0
3565.0
1256.0
1256.0
1853.0
1853.0
824.0
824.0
923.0
923.0
1205.0
1205.0
1756.0
2150.0
2150.0
2150.0
2150.0
2150.0
2150.0
2150.0
2150.0
2150.0
2150.0
2150.0
2150.0
959.0
959.0
959.0
959.0
959.0
959.0
959.0
1725.0
1725.0
1725.0
3741.0
3741.0
5203.0
3737.0
3737.0
3737.0
3737.0
1264.0
1077.0
1077.0
4692.0
4586.0
2312.0
1587.0
1587.0
1078.0
3388.0
636.0
3857.0
1887.0
1887.0
1887.0
1887.0
3780.0
3780.0
3780.0
3780.0
3780.0
1237.0
1237.0
1237.0
1237.0
1237.0
1237.0
1237.0
1237.0
1272.0
1272.0
1272.0
1272.0
1272.0
1272.0
1272.0
1272.0
5156.0
5156.0
5156.0
5038.0
990.0
1796.0
1796.0
1796.0
1796.0
1648.0
216.0
2379.0
353.0
353.0
353.0
353.0
353.0
353.0
353.0
353.0
353.0
908.0
278.0
278.0
278.0
4600.0
4600.0
2737.0
4617.0
4736.0
4736.0
4736.0
635.0
635.0
2252.0
2631.0
549.0
2709.0
2709.0
2709.0
2709.0
3347.0
4910.0
4910.0
4910.0
5105.0
5105.0
5105.0
4591.0
4888.0
4888.0
4346.0
1420.0
1420.0
1420.0
1420.0
5087.0
360.0
360.0
360.0
3173.0
3173.0
3173.0
3173.0
3173.0
3173.0
3173.0
3173.0
2214.0
2214.0
2214.0
2214.0
2214.0
2214.0
2214.0
2214.0
2214.0
2214.0
2214.0
2214.0
2214.0
2214.0
2214.0
2214.0
2214.0
2214.0
2214.0
2214.0
2214.0
2214.0
2214.0
2214.0
2214.0
2214.0
4077.0
4922.0
4922.0
4280.0
4278.0
70.0
2783.0
1142.0
2632.0
1705.0
3828.0
3828.0
3169.0
2652.0
2652.0
2652.0
2652.0
2652.0
2652.0
2652.0
2652.0
2652.0
2652.0
2652.0
2652.0
2652.0
2746.0
3171.0
3171.0
3171.0
3171.0
3171.0
3171.0
3171.0
3027.0
1553.0
1553.0
1553.0
704.0
704.0
2038.0
2038.0
3607.0
3607.0
3607.0
1950.0
1950.0
3460.0
3460.0
3460.0
994.0
994.0
994.0
994.0
994.0
994.0
994.0
994.0
3469.0
654.0
654.0
2663.0
2663.0
2663.0
2663.0
2349.0
3220.0
759.0
759.0
759.0
759.0
759.0
759.0
759.0
759.0
759.0
759.0
759.0
1201.0
1201.0
1201.0
1201.0
1201.0
1201.0
1159.0
1159.0
1159.0
4878.0
1155.0
2243.0
662.0
4242.0
4242.0
4242.0
1048.0
2096.0
2096.0
2096.0
2096.0
2096.0
2096.0
2096.0
2096.0
1192.0
1192.0
1192.0
913.0
913.0
1924.0
1924.0
1924.0
1387.0
1387.0
5150.0
2751.0
589.0
589.0
589.0
4502.0
512.0
512.0
863.0
863.0
863.0
2806.0
2806.0
2806.0
2806.0
1576.0
3004.0
268.0
268.0
268.0
268.0
268.0
2850.0
2850.0
2850.0
2850.0
2850.0
2850.0
5120.0
4525.0
4525.0
4525.0
4525.0
4479.0
4479.0
1766.0
1766.0
2247.0
2247.0
2247.0
2247.0
2247.0
2247.0
3080.0
3376.0
3109.0
3109.0
1500.0
4832.0
883.0
883.0
883.0
883.0
883.0
883.0
5122.0
5122.0
4176.0
4881.0
2221.0
4540.0
2688.0
2688.0
3062.0
3062.0
1021.0
5182.0
5182.0
5182.0
3639.0
3639.0
3639.0
1583.0
3812.0
169.0
169.0
169.0
169.0
169.0
169.0
169.0
169.0
169.0
169.0
169.0
169.0
2690.0
2690.0
4470.0
1726.0
1726.0
1726.0
4824.0
4824.0
4824.0
4824.0
4824.0
4824.0
4824.0
4824.0
4824.0
4824.0
4189.0
3578.0
3578.0
5125.0
3305.0
1974.0
1974.0
4067.0
1363.0
1363.0
1363.0
1788.0
1788.0
1788.0
1788.0
1788.0
876.0
1146.0
1146.0
1146.0
1146.0
919.0
919.0
919.0
919.0
919.0
919.0
919.0
919.0
919.0
919.0
919.0
919.0
919.0
919.0
919.0
919.0
2872.0
2658.0
834.0
834.0
2750.0
2750.0
2750.0
5057.0
5057.0
5057.0
5057.0
5057.0
5057.0
5057.0
5057.0
5057.0
1907.0
5149.0
5149.0
5149.0
5149.0
5149.0
5149.0
5149.0
4414.0
4414.0
4414.0
4414.0
4414.0
4414.0
4414.0
4414.0
4751.0
4751.0
310.0
310.0
310.0
310.0
310.0
310.0
2502.0
2502.0
2502.0
2502.0
2502.0
2017.0
2017.0
2017.0
2017.0
2017.0
2017.0
2552.0
3563.0
1172.0
1172.0
1172.0
1172.0
1172.0
1172.0
2091.0
2091.0
2091.0
4203.0
4203.0
1628.0
1628.0
1628.0
1628.0
1628.0
1102.0
1102.0
1102.0
1102.0
1787.0
1787.0
1787.0
1787.0
1787.0
4303.0
1840.0
2707.0
2707.0
2707.0
319.0
319.0
319.0
319.0
319.0
319.0
319.0
1511.0
1511.0
4501.0
4501.0
4501.0
4501.0
4940.0
4940.0
4940.0
4940.0
4703.0
4703.0
1089.0
2852.0
2852.0
2852.0
2852.0
2852.0
2852.0
2852.0
266.0
266.0
266.0
266.0
266.0
266.0
2584.0
2584.0
2109.0
2109.0
1624.0
3518.0
3518.0
4124.0
4612.0
2886.0
1627.0
1627.0
1627.0
1627.0
2135.0
2135.0
2135.0
2135.0
287.0
287.0
287.0
1925.0
1925.0
3197.0
427.0
427.0
427.0
427.0
1836.0
3618.0
2936.0
2612.0
1522.0
1522.0
3297.0
5034.0
1588.0
1588.0
1588.0
1588.0
1588.0
121.0
121.0
121.0
3343.0
3343.0
3343.0
3343.0
3343.0
3343.0
3343.0
3343.0
3343.0
3343.0
2677.0
2677.0
4106.0
4106.0
4030.0
4030.0
877.0
877.0
392.0
802.0
802.0
802.0
802.0
802.0
802.0
1685.0
4102.0
4102.0
4102.0
999.0
999.0
3856.0
3856.0
2687.0
2687.0
1689.0
1689.0
1689.0
369.0
632.0
632.0
1619.0
1619.0
1550.0
1550.0
1550.0
1381.0
1381.0
1101.0
2621.0
2621.0
3486.0
2875.0
2875.0
2875.0
2875.0
2875.0
3303.0
3303.0
3303.0
3303.0
2237.0
2237.0
2237.0
2237.0
2237.0
3640.0
573.0
573.0
573.0
573.0
573.0
3349.0
3349.0
5001.0
4947.0
4326.0
452.0
2937.0
2937.0
3503.0
3251.0
3251.0
593.0
593.0
593.0
1478.0
1478.0
3348.0
3348.0
2405.0
2729.0
2729.0
2729.0
1340.0
1340.0
1340.0
53.0
2403.0
4335.0
4573.0
3784.0
1341.0
1341.0
1130.0
1130.0
2659.0
953.0
953.0
953.0
953.0
953.0
953.0
953.0
953.0
953.0
226.0
2401.0
2401.0
1470.0
1470.0
1785.0
1785.0
1785.0
1785.0
1785.0
1785.0
2074.0
2102.0
2115.0
2115.0
2115.0
2115.0
4908.0
4908.0
4908.0
4908.0
4908.0
4908.0
4908.0
4908.0
4908.0
4908.0
4908.0
798.0
798.0
749.0
749.0
315.0
315.0
1603.0
1603.0
1603.0
1603.0
1964.0
1964.0
1964.0
1964.0
1965.0
1965.0
1965.0
1965.0
1140.0
1140.0
3033.0
4852.0
4852.0
47.0
47.0
3190.0
3034.0
3034.0
951.0
951.0
951.0
951.0
951.0
951.0
3216.0
3216.0
1565.0
1565.0
230.0
4170.0
1221.0
1221.0
1221.0
2105.0
1011.0
2103.0
714.0
237.0
4626.0
4626.0
2742.0
2742.0
2742.0
1693.0
1693.0
4870.0
5004.0
1114.0
1114.0
1114.0
1114.0
1114.0
2932.0
2932.0
2932.0
2932.0
2932.0
2932.0
2932.0
4990.0
4990.0
3104.0
1904.0
4283.0
4670.0
306.0
3701.0
551.0
551.0
3926.0
3982.0
3982.0
3982.0
3327.0
3327.0
3327.0
2963.0
269.0
4980.0
4980.0
4980.0
4980.0
917.0
2912.0
79.0
1362.0
1362.0
1362.0
1362.0
2969.0
3384.0
2314.0
3913.0
1763.0
1763.0
1763.0
1763.0
1763.0
1019.0
534.0
2495.0
510.0
510.0
510.0
510.0
510.0
510.0
510.0
4310.0
4310.0
160.0
163.0
2081.0
2081.0
2081.0
220.0
220.0
220.0
2545.0
2545.0
2545.0
2545.0
2545.0
2545.0
2156.0
2156.0
2156.0
2156.0
2156.0
2156.0
2156.0
294.0
294.0
294.0
294.0
294.0
294.0
1572.0
1572.0
1572.0
1572.0
1575.0
5002.0
5002.0
221.0
3864.0
3864.0
3647.0
3647.0
3647.0
3647.0
267.0
1007.0
1007.0
1007.0
1007.0
1007.0
3179.0
3179.0
3710.0
234.0
234.0
234.0
1987.0
1987.0
3292.0
1849.0
1849.0
1946.0
1946.0
1946.0
1946.0
1946.0
1946.0
1946.0
1946.0
1946.0
1946.0
1946.0
1946.0
1946.0
4015.0
3215.0
3903.0
3903.0
3903.0
3903.0
3903.0
2653.0
2653.0
2653.0
1595.0
1595.0
111.0
1113.0
3888.0
3888.0
488.0
488.0
5139.0
2259.0
1074.0
742.0
742.0
742.0
742.0
742.0
742.0
742.0
3548.0
3548.0
3548.0
3548.0
3548.0
2757.0
2757.0
1299.0
1299.0
1299.0
1299.0
1299.0
2124.0
4524.0
4524.0
2517.0
3935.0
1761.0
3154.0
1171.0
3207.0
3207.0
1577.0
138.0
3752.0
5016.0
5016.0
5016.0
5016.0
5016.0
5016.0
4297.0
222.0
2808.0
167.0
2418.0
2418.0
4271.0
1170.0
1170.0
1016.0
1016.0
1016.0
1016.0
1016.0
1016.0
1016.0
1016.0
3392.0
4173.0
4173.0
4173.0
4173.0
2536.0
2536.0
2536.0
2536.0
2536.0
3558.0
3558.0
511.0
557.0
557.0
557.0
3749.0
3749.0
3965.0
3965.0
398.0
398.0
398.0
398.0
398.0
398.0
2138.0
2138.0
2138.0
2138.0
2138.0
2138.0
3202.0
3202.0
860.0
341.0
341.0
341.0
4258.0
4258.0
4850.0
3291.0
3291.0
3291.0
3291.0
1671.0
2442.0
2442.0
2442.0
2442.0
842.0
842.0
842.0
842.0
842.0
842.0
842.0
842.0
3512.0
3512.0
1440.0
1440.0
1692.0
2432.0
2432.0
3283.0
3283.0
3283.0
4650.0
4650.0
4650.0
8.0
2470.0
2470.0
2470.0
3456.0
3456.0
3456.0
1293.0
1293.0
2272.0
4261.0
4261.0
4261.0
3530.0
4515.0
4515.0
3602.0
3602.0
3602.0
3626.0
3012.0
3012.0
3012.0
3012.0
78.0
3108.0
3108.0
3108.0
2985.0
2413.0
1119.0
4230.0
217.0
217.0
2153.0
2153.0
2153.0
2153.0
3848.0
3848.0
851.0
851.0
851.0
2547.0
2547.0
2547.0
5128.0
2234.0
2234.0
2179.0
2179.0
2179.0
2179.0
2179.0
2179.0
2179.0
2179.0
4110.0
5032.0
5032.0
789.0
789.0
789.0
789.0
789.0
789.0
789.0
556.0
556.0
2025.0
2025.0
639.0
2564.0
2564.0
545.0
545.0
545.0
545.0
3208.0
1728.0
1728.0
1728.0
110.0
2359.0
2440.0
2440.0
4657.0
4657.0
1879.0
1879.0
781.0
781.0
2299.0
2299.0
5231.0
5231.0
5231.0
5231.0
1278.0
1437.0
1664.0
1664.0
1664.0
1664.0
1664.0
2558.0
3809.0
735.0
903.0
3720.0
3720.0
3720.0
3720.0
3382.0
1730.0
1730.0
5216.0
3709.0
3709.0
984.0
2955.0
407.0
407.0
407.0
407.0
407.0
407.0
3569.0
3569.0
3569.0
3991.0
2634.0
761.0
761.0
881.0
881.0
1774.0
1789.0
1789.0
4120.0
4120.0
1566.0
1330.0
1809.0
1482.0
2414.0
1886.0
2182.0
1541.0
2065.0
2065.0
2065.0
2065.0
4633.0
4633.0
4633.0
4746.0
4746.0
4746.0
4746.0
4746.0
4380.0
4380.0
4380.0
4380.0
4380.0
4380.0
4380.0
4380.0
4380.0
4380.0
4380.0
4380.0
4380.0
4380.0
1858.0
1858.0
1858.0
2132.0
2132.0
2132.0
2132.0
2654.0
2654.0
4463.0
4463.0
4463.0
4463.0
4463.0
4079.0
4079.0
4079.0
4079.0
4079.0
4079.0
4079.0
4079.0
4079.0
4079.0
4079.0
4079.0
2367.0
2367.0
2367.0
3112.0
3112.0
3112.0
4498.0
3260.0
3882.0
2914.0
865.0
1457.0
1457.0
2107.0
2107.0
1098.0
4378.0
980.0
2640.0
1479.0
4152.0
1037.0
1037.0
1037.0
621.0
621.0
621.0
621.0
621.0
4495.0
2217.0
2217.0
1335.0
1335.0
1465.0
2094.0
5024.0
3855.0
3855.0
3855.0
1581.0
1581.0
1581.0
69.0
4869.0
3423.0
105.0
3835.0
1865.0
4013.0
2071.0
2071.0
2332.0
3853.0
3853.0
3853.0
1057.0
1057.0
3046.0
1768.0
256.0
376.0
376.0
376.0
1105.0
1105.0
1105.0
1105.0
1105.0
1105.0
496.0
2656.0
2752.0
2752.0
2752.0
2752.0
1632.0
5062.0
5062.0
5062.0
2218.0
2218.0
1915.0
1915.0
1915.0
3788.0
4781.0
3140.0
2052.0
2052.0
3391.0
3391.0
4237.0
4819.0
395.0
3168.0
3168.0
3168.0
3272.0
3272.0
3272.0
3406.0
3406.0
3380.0
3380.0
3380.0
458.0
458.0
228.0
228.0
228.0
228.0
3832.0
3832.0
3832.0
3832.0
3832.0
3832.0
2317.0
5237.0
5237.0
5237.0
2972.0
2406.0
4592.0
4592.0
4592.0
4592.0
4592.0
727.0
727.0
1053.0
1053.0
1053.0
1053.0
1121.0
1121.0
1121.0
1121.0
981.0
2336.0
2336.0
5106.0
4616.0
4616.0
4616.0
647.0
656.0
656.0
656.0
3132.0
3132.0
5165.0
5165.0
2174.0
2174.0
1714.0
1714.0
1714.0
4305.0
2240.0
2240.0
2780.0
5012.0
2462.0
1435.0
1435.0
2548.0
2548.0
641.0
641.0
641.0
641.0
640.0
640.0
640.0
640.0
1458.0
2680.0
2680.0
3666.0
2541.0
2541.0
2541.0
1301.0
1301.0
1301.0
1301.0
5154.0
7.0
7.0
4046.0
4046.0
2452.0
2419.0
2999.0
3387.0
1427.0
1427.0
1261.0
1741.0
3383.0
3383.0
4281.0
4293.0
878.0
878.0
631.0
631.0
631.0
631.0
631.0
631.0
631.0
757.0
757.0
757.0
5107.0
4727.0
3116.0
5100.0
4846.0
2238.0
2238.0
3261.0
3261.0
3261.0
4968.0
4968.0
4968.0
1468.0
2613.0
2804.0
3676.0
3886.0
3886.0
1804.0
1804.0
1804.0
1804.0
1804.0
741.0
4709.0
785.0
1134.0
740.0
930.0
664.0
664.0
664.0
1317.0
1317.0
1317.0
1793.0
1793.0
1793.0
1793.0
3441.0
3294.0
1586.0
1586.0
4718.0
4718.0
413.0
3119.0
3119.0
3119.0
3119.0
3540.0
4241.0
4959.0
4959.0
4959.0
4959.0
3285.0
3285.0
3285.0
978.0
1895.0
1895.0
4942.0
359.0
207.0
207.0
2935.0
2935.0
5003.0
3636.0
3927.0
3927.0
1770.0
1770.0
1770.0
2454.0
2454.0
4267.0
4267.0
3249.0
4831.0
249.0
249.0
249.0
3401.0
1783.0
1783.0
1783.0
850.0
1828.0
1828.0
1955.0
3201.0
700.0
700.0
700.0
700.0
700.0
5137.0
4128.0
576.0
2521.0
193.0
193.0
4358.0
4358.0
1892.0
1029.0
1621.0
1621.0
2158.0
2158.0
2158.0
2354.0
4763.0
441.0
590.0
681.0
936.0
691.0
1407.0
1407.0
1407.0
1306.0
1306.0
1306.0
1306.0
1306.0
1313.0
1313.0
1313.0
1313.0
3582.0
3582.0
3582.0
3582.0
4306.0
4306.0
4306.0
4306.0
4306.0
4306.0
4306.0
4306.0
4306.0
4306.0
2409.0
2409.0
2409.0
4627.0
2962.0
4609.0
4609.0
4609.0
4609.0
4609.0
4609.0
4609.0
4609.0
4609.0
544.0
544.0
1536.0
2801.0
2449.0
697.0
176.0
176.0
5115.0
5115.0
5115.0
5115.0
5115.0
5115.0
5115.0
5115.0
5115.0
5115.0
5115.0
1893.0
1893.0
2535.0
2167.0
4139.0
4139.0
2160.0
2160.0
2594.0
4623.0
1258.0
3610.0
628.0
628.0
2239.0
2239.0
2239.0
2239.0
2945.0
2945.0
2945.0
2615.0
2615.0
1525.0
2666.0
3887.0
899.0
899.0
599.0
599.0
1239.0
1899.0
1398.0
1398.0
1398.0
1903.0
4809.0
1056.0
1056.0
1056.0
324.0
2964.0
4395.0
4395.0
3845.0
3459.0
2305.0
20.0
4474.0
224.0
3803.0
389.0
5194.0
2807.0
3940.0
3940.0
2320.0
2320.0
3619.0
3619.0
3619.0
4095.0
4095.0
2474.0
2474.0
1540.0
1579.0
1579.0
1436.0
1436.0
743.0
2794.0
1044.0
1044.0
1044.0
1044.0
642.0
642.0
642.0
821.0
821.0
821.0
821.0
4458.0
2408.0
1228.0
3551.0
3601.0
4452.0
3976.0
3847.0
3847.0
2676.0
3817.0
3817.0
3817.0
3817.0
3817.0
3817.0
3817.0
3817.0
3817.0
99.0
99.0
528.0
2667.0
4743.0
1150.0
2668.0
368.0
837.0
1181.0
4549.0
3076.0
1784.0
1937.0
1487.0
3584.0
4918.0
670.0
670.0
1125.0
3970.0
5058.0
2971.0
2971.0
2971.0
5227.0
2185.0
4033.0
150.0
1008.0
1008.0
1008.0
323.0
4264.0
4923.0
3675.0
848.0
848.0
1626.0
2148.0
2148.0
4513.0
4513.0
4513.0
3397.0
3151.0
5187.0
429.0
4688.0
3233.0
5222.0
4000.0
4000.0
1382.0
4251.0
1941.0
1941.0
1941.0
1941.0
1941.0
1941.0
1941.0
1941.0
1941.0
1941.0
1941.0
975.0
289.0
289.0
2909.0
1875.0
1875.0
3595.0
539.0
539.0
361.0
361.0
361.0
361.0
2321.0
5008.0
3881.0
1578.0
388.0
856.0
856.0
254.0
254.0
254.0
254.0
1068.0
716.0
4200.0
2946.0
2879.0
3031.0
1226.0
1226.0
1226.0
746.0
147.0
4640.0
3742.0
3742.0
3742.0
3742.0
3679.0
3679.0
3984.0
3529.0
3529.0
3274.0
2600.0
2600.0
750.0
1881.0
1881.0
4991.0
4991.0
3561.0
3561.0
4382.0
1662.0
4488.0
3195.0
3195.0
2360.0
2360.0
2393.0
1833.0
1751.0
3785.0
400.0
3635.0
3635.0
3635.0
3635.0
3312.0
311.0
311.0
470.0
1823.0
775.0
775.0
775.0
2786.0
2786.0
844.0
844.0
844.0
844.0
2869.0
4090.0
4921.0
2404.0
2636.0
2636.0
4492.0
2437.0
2437.0
4220.0
1647.0
4966.0
1106.0
1106.0
1512.0
1512.0
1108.0
2554.0
2554.0
3394.0
4624.0
4624.0
4624.0
3711.0
2083.0
2083.0
3276.0
3276.0
2461.0
2939.0
3320.0
4566.0
293.0
293.0
2055.0
2055.0
2055.0
2918.0
1519.0
1519.0
1519.0
2090.0
3951.0
3951.0
3048.0
3874.0
3831.0
3492.0
2380.0
3317.0
3317.0
1329.0
3461.0
4368.0
4368.0
4368.0
356.0
2005.0
2005.0
4645.0
1148.0
1148.0
3450.0
4958.0
4796.0
2708.0
2708.0
2708.0
5199.0
1034.0
1034.0
1034.0
1214.0
2506.0
2506.0
352.0
76.0
76.0
5116.0
2791.0
1680.0
1680.0
2710.0
3624.0
3624.0
4988.0
4572.0
3843.0
3843.0
3843.0
4023.0
1338.0
2534.0
2534.0
2534.0
2534.0
2534.0
611.0
2501.0
2501.0
2501.0
2501.0
2501.0
3826.0
3621.0
3275.0
2277.0
2629.0
2629.0
2491.0
3897.0
2795.0
414.0
415.0
702.0
702.0
1023.0
2713.0
914.0
1103.0
184.0
184.0
1345.0
3693.0
4494.0
4494.0
3719.0
1399.0
104.0
5221.0
1670.0
1670.0
4933.0
4396.0
374.0
374.0
374.0
1218.0
2845.0
1275.0
1275.0
3206.0
6.0
1247.0
1247.0
1247.0
1116.0
204.0
2950.0
516.0
4371.0
2682.0
5010.0
5118.0
796.0
796.0
3389.0
546.0
3852.0
3852.0
3005.0
3481.0
4257.0
2627.0
2627.0
2075.0
2075.0
1731.0
307.0
1679.0
1679.0
330.0
330.0
5234.0
3947.0
2639.0
2639.0
2015.0
3361.0
12.0
12.0
719.0
719.0
3692.0
3692.0
3692.0
1573.0
1573.0
3039.0
3039.0
3039.0
75.0
3084.0
2427.0
236.0
2785.0
920.0
1189.0
1918.0
1926.0
1926.0
2961.0
4407.0
4407.0
1954.0
645.0
3395.0
3395.0
241.0
1267.0
1294.0
1780.0
59.0
3078.0
3390.0
4740.0
4740.0
3682.0
208.0
2980.0
2980.0
4887.0
2448.0
3493.0
4078.0
4078.0
2384.0
1054.0
1054.0
1054.0
4576.0
4576.0
4972.0
4972.0
2220.0
2220.0
2220.0
5130.0
5130.0
2943.0
817.0
2364.0
2364.0
2364.0
2364.0
2364.0
979.0
979.0
4105.0
4105.0
622.0
1359.0
2076.0
5181.0
774.0
4029.0
4896.0
3355.0
377.0
1633.0
1719.0
3440.0
5039.0
5039.0
5039.0
5039.0
4920.0
4083.0
2770.0
2770.0
2770.0
2770.0
2770.0
2770.0
2770.0
2770.0
171.0
2573.0
4405.0
2184.0
4621.0
1952.0
3776.0
15.0
674.0
4279.0
4279.0
4962.0
4962.0
335.0
651.0
651.0
651.0
337.0
4052.0
4052.0
4052.0
1254.0
996.0
1451.0
82.0
4355.0
840.0
5138.0
3543.0
874.0
4765.0
4765.0
406.0
5069.0
4618.0
3258.0
1782.0
1782.0
4538.0
4538.0
4070.0
1186.0
1753.0
5171.0
5171.0
5171.0
1079.0
3264.0
3264.0
3264.0
3264.0
3264.0
2260.0
2260.0
3180.0
3180.0
957.0
339.0
339.0
339.0
339.0
339.0
1483.0
1156.0
1156.0
72.0
72.0
72.0
3949.0
4537.0
4704.0
3094.0
263.0
1608.0
1608.0
2146.0
2146.0
4138.0
4516.0
4516.0
68.0
907.0
907.0
4569.0
4569.0
4569.0
1489.0
1489.0
4821.0
4900.0
5079.0
179.0
3511.0
1737.0
4545.0
5017.0
529.0
529.0
3318.0
1870.0
3497.0
2101.0
2841.0
1149.0
3295.0
2908.0
2261.0
3020.0
258.0
1450.0
3914.0
2587.0
2693.0
2693.0
2693.0
3059.0
3217.0
480.0
1720.0
1890.0
602.0
4221.0
4221.0
32.0
1838.0
4803.0
145.0
