4558
2909
2593
1201
3686
1831
4456
4913
3988
3061
1239
3531
4224
4726
3215
863
1784
4442
272
3816
3998
4693
4777
807
4054
4409
4927
2423
3854
2963
2802
2791
1371
3050
5037
4870
3259
4267
5121
3708
2287
4099
3337
4116
4659
3477
5021
3626
4184
3427
826
3056
2806
1865
4701
2553
4306
3357
4169
3743
4065
3821
4778
1993
1665
1612
2271
4849
3513
1096
3397
3740
4159
4396
202
4869
3794
1792
2725
4825
4368
5094
1607
3986
4974
4961
5013
4209
4263
5055
4309
3967
2844
1359
3901
5161
3144
3922
4989
5104
2269
2467
3054
4345
3507
4582
4849
559
2713
4436
2289
3831
3837
4804
1590
4241
1938
4248
3966
3686
2380
3274
2770
3234
936
1693
4784
3587
4354
3020
3056
3688
1869
2786
4578
3256
2045
637
3685
3131
4383
3410
4576
3455
1272
1898
4629
2514
4799
4981
3996
3699
4655
5054
4796
3944
3632
3419
4640
3641
4200
4150
2230
1480
3257
4809
3411
3662
4897
4798
3974
1940
4876
3845
3780
5207
1465
3052
4307
1760
2207
1802
5137
5005
4483
3976
2398
1582
4125
3339
3540
4281
5171
3317
2362
868
4598
2965
2569
4783
4584
2527
5064
1082
428
3592
3574
1555
3938
2920
3345
4003
403
2572
4598
2725
3575
3544
3372
4212
3684
4831
2945
1600
4784
4952
4263
2429
4870
5091
1529
2691
4519
2466
4197
3942
3294
4943
4420
5028
1741
5201
1547
4226
4401
4739
4673
4384
2464
4711
4478
1310
2240
4779
4943
4036
3906
2771
2610
5146
3705
1475
1620
2789
3933
2868
4669
3935
2966
3697
1745
4670
2230
5232
4825
3603
4661
4827
2626
5229
2287
3295
5104
2033
4509
2643
2832
2291
2526
4683
4204
3794
2433
4415
3361
3771
2063
1895
4835
4766
4112
3324
4412
4719
4795
4412
4038
4414
1648
4323
1154
2184
3830
1698
3079
3537
2260
1005
3897
3920
3068
4807
4612
2341
3579
3446
2741
2510
2266
3048
2094
1646
1899
4879
4623
3548
4204
3865
4550
5229
2056
2110
906
5140
2748
2563
5162
3810
5030
3059
5079
1744
4943
5165
353
4335
4924
4661
3079
4918
4235
1308
3593
5189
5084
4080
3773
4154
5100
4177
1848
652
3230
4837
3122
883
4334
2834
3916
2810
3334
4503
3118
3896
3151
3766
5129
4245
4529
2078
1580
4338
4484
5194
4006
5120
4260
4634
4659
4667
3589
3111
3762
3017
5241
3991
3351
1781
4439
3563
3387
1859
1633
3946
1840
2289
4025
1771
4130
4836
3880
4368
2593
3212
3137
3809
5166
1690
4268
2637
2788
2924
4909
4123
1298
5194
5085
3579
1966
3190
5012
5160
3572
2996
3563
4712
4931
590
3757
3633
2275
4007
3608
4524
4436
2963
2677
1660
3842
4229
4481
3677
1234
5153
3691
1318
3711
3331
3591
226
2650
4709
4389
3904
1309
3403
1860
4321
4069
3337
3485
4055
3580
3241
5102
3852
3806
2346
2879
4146
2344
2482
2451
4639
4716
533
4034
3620
1764
4211
4064
4837
2254
4752
3997
1925
3698
655
4834
2888
1237
4285
4779
4780
4113
3141
4867
4269
2511
1038
3083
4780
768
5081
4917
954
5065
4006
4256
2404
2290
5100
4438
3768
2066
4455
4616
2986
4599
4919
626
4917
3988
2779
4822
3305
4899
645
2763
4753
3226
4659
2746
4879
3680
1990
1319
1596
3001
120
4949
4154
4290
4741
4507
4182
4557
3616
3140
4676
3019
2720
2564
2770
4315
5051
2912
4761
4026
4433
2755
4774
2281
4981
2336
3578
5132
3654
1785
4112
3816
3466
2220
1709
4768
3367
3226
3880
3696
3022
5175
2085
4131
3902
1533
2695
2758
3342
1527
4303
3959
3039
3846
1449
2519
5179
2414
3741
4552
3642
4900
4547
4353
5138
5175
4094
4698
4578
5148
2839
3304
3445
1941
4355
2146
4782
4382
1436
4555
2609
2782
4010
5101
2800
4297
1954
4744
4981
4646
2978
4120
4429
1094
3736
1032
476
4960
4292
1891
3678
3477
4536
4996
3139
2506
3618
4332
3097
4025
4842
5201
4480
5034
3142
2141
5087
4941
4020
3230
1741
4075
2536
4060
2358
3621
1206
1384
4076
1584
5067
4376
3761
4388
1902
478
4951
2464
5176
2772
4381
3894
3424
4582
4951
2218
5028
4218
384
4694
4304
2665
3832
3702
4757
4553
4158
3845
4306
4132
3704
3413
3623
4075
4357
2732
3893
3815
2422
1636
2753
4729
719
1311
3038
1946
4274
4898
3979
2063
3997
5209
4564
2165
4482
2274
3948
4335
5159
2716
2418
5235
4868
3473
3707
4425
3785
2107
5219
1582
1438
4404
3504
2764
1128
3594
3206
3594
3643
1096
2752
4018
4320
3669
4548
2899
4883
4000
3343
2890
1830
3189
2305
3300
2025
2831
4435
5180
4513
3936
5197
943
3515
1427
4280
2695
3793
4683
4963
4836
1417
2918
4690
3774
2884
2955
3000
2299
4976
1852
2559
4461
1900
3846
2675
3725
4430
1530
4841
1095
5028
4201
2983
4635
4156
5042
3383
4389
3984
3637
4728
4256
4757
5228
2269
2177
3603
4963
5200
4249
4985
3454
4976
3599
4412
2160
3865
3042
3001
4328
3164
2777
2454
1895
1311
3288
2936
382
1569
1844
1893
4804
4445
4702
3920
3576
2815
3934
2823
5202
4566
4953
4467
4188
4848
4930
3816
1944
4686
3598
2558
3365
4593
2739
3433
4266
3820
4032
2878
2013
3180
3083
3676
3870
3811
4993
5183
3249
1784
4563
3927
2079
3115
4437
1647
5017
3338
2313
4200
3960
4063
4680
825
4366
2965
4028
4652
4661
2863
4769
2305
5056
3978
452
4974
2443
3656
2612
5136
1066
4994
4607
726
4898
2557
4425
4848
1343
4247
2327
4194
4929
2863
659
3644
4759
3710
4413
4910
4987
4068
4347
5117
2985
3972
3381
3527
3782
2304
1098
4634
1085
3636
1618
4058
1527
4752
5059
5142
3922
3589
3042
628
4737
1909
4879
1885
3865
4181
2709
4869
3799
992
299
5192
4384
2070
193
813
3958
4566
4935
4290
2775
3603
4847
4786
2374
3814
4163
5175
4489
3715
5111
1385
4682
4623
4500
4868
3210
3965
5130
4412
3248
4383
2143
3153
3536
4349
1744
3060
4766
5180
2666
3301
4674
3663
4836
3274
1995
3363
4400
2976
5026
5026
2055
2864
4741
3729
3267
698
2855
5115
4935
2085
3837
4557
3830
4671
3343
1912
3901
4335
1873
4742
3716
5238
4242
3320
4167
2407
2707
4642
2569
491
3283
1479
3691
4721
1263
4739
4434
3550
838
4624
4193
3176
1878
4289
4480
3587
4504
3136
3709
789
2896
3214
1254
3859
3241
3762
1625
1444
1650
1780
2561
4492
4789
1019
5216
5058
2600
3309
1867
3626
5231
2845
4396
1940
4763
3429
4641
3043
2610
4562
4950
3483
984
5087
3910
3376
5191
2733
3247
3169
2648
2370
3822
992
4979
1038
1139
4494
3253
5085
4830
4500
4130
4998
3589
4913
2381
4028
4544
4491
921
4760
4177
1073
2019
2154
4052
4689
1993
4982
2238
2077
4405
2375
4981
3431
4985
3744
4462
4808
3943
5125
4870
5018
5171
5112
3287
1399
4306
5184
4703
3656
4240
3427
3361
4731
4929
4863
4810
3169
2435
3116
4577
5000
986
4737
3984
4297
3744
4061
3518
4153
3412
1458
5156
2166
3790
4479
853
3664
4369
1831
1489
5201
2460
2048
4146
3146
929
3633
4424
4106
2291
4083
4081
3583
2616
1954
4318
3186
2892
2901
4667
2571
4355
2827
4825
4298
4893
3455
2442
3729
1451
2531
3057
1812
4954
4071
4485
4663
3240
1384
1463
3251
1044
4694
3195
2378
3323
3231
2915
2535
4484
3468
1433
4441
3544
4616
2338
4310
1833
4123
2451
5120
2596
4347
5209
2187
2737
3574
3668
4788
4871
4565
4844
4836
3815
3936
1352
4203
4937
4597
3805
4847
2388
3660
4005
2633
3617
2760
2493
4388
2462
3690
5061
4052
5172
2920
1631
3613
4581
4364
3492
2374
3236
2170
3624
1965
3497
3395
5073
3493
4773
2400
4886
4348
2602
5148
3904
5192
4813
3649
2992
4142
4974
797
5147
4979
4760
4250
4569
4320
4741
4898
4106
3964
3236
4859
850
4763
3853
2708
4523
4962
4155
3718
1392
3134
4232
3730
3169
5090
2255
1944
3469
4199
3920
2407
3890
4362
2468
4196
4713
4395
585
2331
4624
2282
4997
3301
3550
5008
4494
4836
3098
4147
4871
2223
3753
3144
5218
4753
3508
2741
5165
2297
4725
3603
2366
2020
3910
2288
4063
5193
4609
5028
3986
3050
3547
4633
4782
4546
2357
4804
4155
2803
2966
4103
2264
2115
4531
2108
3150
4377
4201
538
5231
4489
2549
4728
2994
