904
185
836
1176
3025
887
3119
994
1363
3187
1589
2449
2503
715
293
232
3881
1137
2239
627
176
2393
1504
1444
169
1657
3058
3155
3718
625
1238
2520
1
1962
2706
101
3911
3755
375
3366
90
988
1122
1165
2504
1307
3781
948
556
436
1449
1432
773
2092
4422
1524
793
3929
1719
404
1265
2470
2050
1396
3693
1651
1519
2033
1199
317
1853
631
2733
435
2385
568
2167
1025
3135
2056
3238
2405
181
1868
2863
1368
2290
0
1616
2627
3149
455
1800
1610
2442
2562
316
3711
1728
2918
1501
259
1626
340
1939
809
129
1372
2171
1843
4444
2978
1383
4673
2493
304
1582
4000
950
1902
895
3718
800
2457
2875
2237
617
1202
402
2649
1967
4723
4172
1911
798
648
2735
2783
527
719
375
1583
572
2482
128
1032
1038
4377
636
125
1082
3200
160
1010
1423
623
1266
448
13
44
1382
3569
45
23
785
290
2218
899
750
1039
2060
1734
1103
62
2426
1837
3842
3373
1045
2410
3513
4398
811
3641
3085
4106
3414
1290
676
765
17
113
2611
599
2316
519
1976
2520
2426
754
1993
2405
1781
3863
905
239
4573
35
792
299
4255
2710
205
1226
1329
2073
1760
4941
2607
1392
3459
1552
1907
1460
668
235
3896
1966
677
629
2272
2664
84
636
560
1108
937
1875
998
45
128
2680
1542
41
2290
4314
2015
2943
2191
2544
1934
1441
1267
935
3422
1939
284
223
61
1142
4325
3795
4170
1164
1893
3159
157
1730
1788
796
2395
367
3022
1967
1208
2944
4405
3443
1111
3491
2099
1844
2595
1822
1740
2663
976
2119
876
54
2472
2873
1357
4019
5078
1232
584
3867
2878
215
231
3513
3308
1171
1654
1488
153
3341
1594
1992
1102
1372
1094
349
677
2007
752
199
2033
448
1362
1988
455
137
4110
2020
1751
2491
2617
1495
406
2048
2628
1736
1484
2463
994
606
1254
2737
2812
1706
2971
373
512
639
606
119
1795
4336
1511
2781
2106
581
1229
2719
3285
2761
2807
1994
668
250
3755
3210
1210
976
2348
2278
538
466
2221
45
976
631
1380
2539
2709
2071
2555
460
2342
753
173
3700
2624
3191
982
2283
1853
216
1024
695
1722
4584
150
1281
3136
2017
161
2729
59
23
441
897
3239
2052
146
1051
2098
217
3710
541
37
466
2175
459
601
3055
2152
245
3691
3726
4039
1922
3054
333
525
2105
1057
4626
1658
3800
1527
605
457
1170
58
2675
3692
137
1352
1427
2203
1408
838
726
944
3599
132
2977
13
2300
1845
744
819
3311
457
183
1890
886
3188
330
2598
2194
3399
1630
2930
2819
2811
1818
2343
2598
1586
1467
2430
3311
2315
2524
2288
4295
2165
476
777
965
3595
1099
3644
270
3692
2674
423
3318
1431
368
1265
3555
1811
1472
1347
810
54
972
2358
127
763
2637
1585
4980
3010
3553
3307
5058
118
1066
2134
364
161
2177
642
828
393
1088
1045
2949
689
1167
1462
855
1481
2617
1535
358
1487
3183
3413
4095
2986
1348
3326
4446
152
784
725
88
3863
646
1476
1666
220
1919
443
3480
1608
2018
669
306
1686
3197
1970
172
1144
2344
2190
1277
3820
1562
96
590
1301
839
4031
2123
217
1593
2510
801
178
1353
2667
1847
2260
3397
4093
1421
2467
1403
1636
2783
1971
301
1323
191
2099
1968
2826
2019
770
3998
823
558
4584
515
88
558
1253
2749
2261
2258
2357
730
89
1974
3008
301
2151
1319
1355
2455
1437
1888
803
1136
817
109
512
2470
104
1221
2789
379
533
2097
2243
4
1628
554
1629
1008
22
1377
2258
1657
1373
1552
706
3693
4538
3376
2250
2132
2884
237
33
2078
2135
2319
2032
782
1942
1785
755
1026
558
2032
71
3589
3693
1170
1111
4104
3288
1709
3629
2951
630
3672
261
2449
720
1471
3759
1374
1273
518
514
500
516
579
1607
227
130
3253
1043
2281
1597
480
1755
412
1476
4456
735
3195
1637
1110
4556
264
1924
29
1548
1374
2915
202
142
2343
2126
290
2537
532
2950
2981
2730
1109
880
1770
2633
309
1431
3992
1791
1711
3312
4801
500
300
357
308
317
742
311
2196
1338
2436
926
3157
1434
138
243
2799
3076
3478
2377
665
1244
2587
2348
573
986
413
327
2887
3691
449
1620
3263
1022
27
3295
282
3422
1057
1015
2408
4168
505
280
1313
2455
2216
701
628
996
488
1233
485
4471
511
3241
4233
1088
864
119
1450
211
1975
4116
1682
102
4518
22
657
652
2606
1380
1125
2583
3312
262
4124
2497
3802
4212
180
216
421
1964
319
3143
1714
308
916
3894
824
0
198
1738
2983
2993
4225
104
1146
1263
1572
1061
2427
287
2060
128
4908
1768
1442
3039
139
3326
686
1675
2266
1803
79
1786
4
2637
1810
1663
1891
3038
3703
1160
497
840
177
1463
1134
1000
1206
556
3621
528
151
1220
2258
1336
2958
3451
3244
4
2144
3422
547
1830
1618
977
1509
671
2778
590
4
4304
1630
1932
755
1237
1001
1526
319
504
748
1502
4314
2315
2983
1250
4035
1319
77
92
1866
2247
2072
4255
247
1415
823
107
3401
1041
3953
1218
1142
90
717
855
71
187
247
2261
161
1238
487
3679
953
3098
2124
4464
1089
1102
250
151
197
973
3729
109
988
3067
1396
1073
717
4710
1344
122
4723
1779
768
2518
8
2648
3517
688
1165
1633
833
263
1215
748
325
558
3888
1918
3490
1058
3443
2802
1153
3087
1777
2016
2407
954
670
1256
1331
3029
3340
1727
149
1064
396
14
16
2506
2612
3897
4411
997
450
1856
4637
235
568
3839
812
3907
2744
456
2108
2331
879
364
2702
3795
2261
1722
4375
2102
3975
3634
464
3221
336
1828
5
1739
2846
79
585
555
3713
896
408
2555
1635
510
1597
1297
1140
3093
423
71
598
3390
291
346
1780
4955
1880
1516
644
1668
3211
783
3818
2516
2002
1127
2195
1019
264
1523
1280
315
4274
1338
34
420
2187
2820
1618
1094
2581
83
116
1085
1813
3916
1044
362
1355
3502
3989
550
1789
221
1156
330
683
1002
1262
2700
2495
220
1425
959
2380
3539
426
4790
2571
2047
194
3141
2823
1609
1943
1656
1208
110
3726
2869
668
2691
3036
28
243
2439
1776
1132
967
518
1235
2654
834
1226
3761
750
1688
3952
1525
1179
2309
203
159
446
866
844
129
1868
579
507
1960
1738
858
1240
1493
3075
2465
2014
2127
3232
623
1645
4500
2444
447
247
1730
1650
2472
329
1566
618
990
2157
342
188
78
249
3760
82
871
526
1263
2745
170
4907
834
737
2215
2663
574
505
2739
1212
163
2555
2465
569
283
438
2044
2361
4996
4099
1959
1181
1300
1365
2144
4115
2436
1051
1701
403
193
2731
1721
2818
622
1733
2418
596
3102
1925
660
2373
600
4216
731
156
598
841
2243
3342
829
326
2276
2539
738
283
1852
1572
2064
3450
1556
1494
1957
1099
2405
2403
922
260
120
2209
1520
4626
3535
129
3323
409
1783
1371
2909
1375
4225
1023
1943
2989
3383
927
1374
2543
269
783
987
542
144
499
2511
2396
65
1947
3376
1456
54
2397
3616
1941
2016
3370
407
126
882
1957
207
2858
1532
3456
4069
815
1483
1459
965
1911
976
2099
1728
1149
3394
1487
1273
1947
256
1423
777
4370
880
3832
3157
1489
2607
308
4107
1137
1078
2024
4156
645
781
428
2752
1392
403
587
236
1330
3099
591
3043
2133
1436
2059
1298
124
1167
634
4510
861
20
1025
1139
1651
2326
1847
3137
666
97
2998
604
1217
1719
2196
2847
457
4948
845
2394
553
3234
1369
2020
2808
881
1617
1700
1344
26
342
155
4274
1984
460
2590
2283
1051
823
3815
995
1995
1375
806
3253
4707
1647
1627
116
3239
1762
36
1563
3935
3089
1746
1836
734
345
3461
3050
310
2247
4085
555
2754
480
749
4205
1277
28
1589
1432
789
866
173
1713
643
1388
1540
3268
2238
1622
391
350
386
1397
1007
1192
284
1774
1795
947
2846
254
1017
3500
3417
2956
1431
3355
3894
1460
2813
1201
2305
372
98
4164
1506
1325
407
647
1214
929
1756
125
624
788
226
4209
433
1562
387
1677
125
50
2982
3114
2953
1785
2589
2906
650
201
1954
1537
477
1346
2040
1982
1800
908
2732
3200
1111
429
60
1989
381
4541
51
160
1123
598
3174
153
3656
1509
407
1527
1908
4576
2684
1579
91
4949
2191
2395
3153
2410
2201
904
759
1486
1043
1574
1888
321
1908
506
3376
2537
1362
556
607
34
1283
1555
1756
578
1621
3337
892
3119
1435
1542
3255
2303
1786
549
2984
4769
2385
1105
1732
1005
2123
1303
3413
3095
379
932
1189
3092
1440
2322
2959
2194
3247
2145
4632
4115
360
3514
2694
570
1249
5031
363
1293
3889
749
1074
3038
1918
285
1127
4852
4116
2981
937
712
3295
1656
2645
3168
190
1054
2640
2843
1293
2680
980
1013
1875
1725
2896
4625
1583
1690
3496
1979
704
1150
568
2565
1918
1125
2220
3189
684
35
845
3793
756
6
4184
4387
1896
2192
11
906
564
4478
2873
1341
1640
3632
4139
3358
3700
441
1214
1524
1222
1125
1654
1598
3826
2642
1710
2960
2250
1538
2245
2271
2111
324
223
1597
1402
2427
4270
69
1628
598
1833
1554
3726
3480
1507
821
1348
1020
2957
1494
1373
2518
2211
3763
2465
1346
4006
546
359
2862
1542
1787
1578
4454
431
3161
280
1194
6
996
1738
591
1507
1765
840
2509
1528
3209
435
3275
320
1123
4449
949
1162
653
1272
407
2871
2947
247
1351
1873
2551
399
974
3404
2244
4599
673
1367
4696
1186
4124
597
342
1719
2690
114
1933
1064
1995
1430
764
3910
572
2263
521
813
252
2108
2018
1141
1098
1139
1539
2664
675
994
588
546
1681
1750
914
848
3829
1949
1411
1359
3050
2350
228
244
4216
680
458
1872
311
1838
2154
422
3493
1544
3637
2190
1963
2614
3271
2008
1628
1318
3459
3147
3592
1762
650
4597
917
473
601
4619
1664
100
2829
75
2099
2703
2022
3571
1408
1822
548
1791
3350
349
2849
438
2797
349
1565
1211
1228
3135
1914
3178
3221
1423
3675
2655
3678
1282
2566
1587
1801
4441
4220
1427
421
1486
1975
2068
1525
1703
2480
1761
440
208
2365
81
2844
780
592
1182
2644
1060
752
1667
1399
863
191
97
171
2563
2457
1095
3918
2159
1369
3303
2270
1649
685
297
278
2642
1637
315
501
535
4368
2850
1425
404
2249
590
4530
2964
4094
4158
1638
441
2335
2168
211
485
388
1891
19
267
1905
2615
4291
1469
415
3929
2463
3281
1431
556
3032
91
3732
2694
1588
1584
261
1611
170
869
967
635
1536
2843
711
1902
957
991
365
1556
869
3987
1159
3605
2018
461
1335
184
2428
2663
1405
1840
854
375
102
1155
847
684
400
1474
2744
1192
1005
2662
1032
1082
723
2971
2670
2242
1384
626
1760
87
1444
1848
3410
1482
945
1776
3779
214
131
2865
3464
1821
2150
2861
3421
1119
3880
205
2671
31
891
223
3237
1460
765
830
3971
188
923
4080
734
517
406
362
3263
611
3593
1107
224
138
3297
3480
456
549
901
853
2766
179
2894
1052
2446
2077
4110
2793
897
129
2920
1722
1812
923
2078
3676
2003
2531
2056
3376
737
391
952
1584
340
160
2828
3729
215
1680
652
1308
6
2396
1337
840
2135
1249
768
4261
2218
3036
1728
839
1410
574
2578
115
288
612
990
1130
111
987
1163
107
799
4209
1310
780
442
736
1888
1754
782
579
202
2355
390
361
3690
2852
1833
1598
3564
2195
1389
2735
693
759
2310
2107
279
782
1282
2314
1339
902
582
4762
3757
2293
1812
1402
57
2685
2325
4084
3025
2396
3620
3859
1845
2352
1141
2220
4592
1617
1639
3627
3072
1276
549
985
394
932
4401
832
2860
1703
339
1402
2284
2067
4461
3142
1063
473
418
4207
2466
1283
2144
2854
3967
138
2391
1005
254
3960
1090
3786
805
2162
1004
66
1152
3190
1348
4779
1393
489
3198
4690
1828
3835
1614
332
651
2355
55
242
1752
2562
2889
2636
162
3762
2040
896
3690
1148
1013
1664
4474
1765
1604
858
246
1642
1118
863
688
299
3252
2122
3211
922
70
285
22
4333
2850
3074
2963
1825
2116
1296
1690
3352
653
790
369
2380
1860
402
455
891
189
1628
463
427
1610
875
656
2025
288
53
3644
3521
2577
3591
1926
449
2647
418
256
1129
688
1326
731
1498
1479
1384
1942
4919
1212
824
1435
3295
153
156
801
475
3238
2454
1119
925
1478
2069
2
164
1974
2639
985
3970
4277
644
1759
851
970
1743
2392
2205
1244
942
1301
2949
1838
2327
2609
2411
1554
2455
1032
696
2626
2558
169
1406
3700
176
3841
2185
1375
1989
3766
1339
1236
2225
456
2693
281
195
895
1721
3702
2234
972
548
1552
762
3845
861
1629
487
2620
1127
3304
4459
662
1977
3792
736
19
818
526
1453
481
2573
1014
431
1995
4730
825
517
584
3613
4919
1819
3736
1705
584
2742
401
4196
1428
385
263
1852
1255
1933
1764
831
1108
1154
495
364
201
314
3433
1591
112
2669
3122
27
2597
3696
132
1054
1012
571
882
392
3364
4299
1620
813
1262
1358
2409
3825
1925
1158
2839
2094
436
920
75
2293
1845
4415
822
2
2239
2463
1427
3711
950
1217
108
1836
3722
461
380
209
2184
429
71
795
691
2916
1551
1167
2609
2093
744
2774
1580
1248
958
1589
629
1360
468
309
2897
2801
3578
705
445
386
2011
2783
922
2366
1277
272
1976
761
197
2549
2823
1889
408
3631
35
139
2387
306
216
1310
3067
837
2517
1996
2241
1013
1314
4057
63
1269
3506
952
900
2277
3843
2013
1883
300
3110
1100
487
2369
853
1847
864
1240
292
1192
1968
344
3177
377
2390
1695
4587
1828
539
1793
727
916
206
2472
884
1066
299
20
2853
4419
3736
2592
1668
500
849
3453
830
2777
4
998
3465
622
844
2647
4917
415
3295
375
493
1131
539
2889
9
2115
164
277
3432
2979
4362
1111
2049
3208
882
1559
1304
2643
4849
452
843
2093
183
2379
3006
4216
848
1908
720
646
2337
4176
1407
347
111
2614
160
4979
1982
3305
1556
1151
2300
74
530
778
1270
1984
3011
2444
620
1060
2756
1673
523
113
355
418
4586
2183
1239
210
1180
2944
464
560
491
1468
2160
1095
207
152
992
980
3258
1332
939
4528
1665
1653
392
326
674
2040
3911
47
2323
1854
1053
276
1
3254
4032
2197
1189
2744
2055
3057
372
1502
229
386
2105
1018
1
33
437
4083
2632
361
2265
3696
2877
2049
3077
1932
3525
1525
1182
1706
2900
286
1530
4148
3861
511
618
303
3888
712
457
2479
441
3486
144
999
574
95
1441
4013
1307
1940
3274
859
1962
91
887
2852
2081
1872
217
3714
3389
956
1450
2959
1630
550
1765
3183
4127
2282
2831
3004
3512
503
1407
73
905
2593
661
477
1620
2105
1374
334
864
548
1645
164
2800
283
689
208
1077
3756
2057
2594
2389
3199
3586
1025
5019
3446
68
2486
1076
2157
1653
362
179
3277
1694
495
2212
749
2650
417
868
888
785
3653
1778
3423
860
2068
1851
1676
2245
3800
2657
2275
592
1945
362
3242
1133
523
3786
4414
843
1767
44
576
340
2071
2984
2439
1840
34
2142
230
4620
3468
1910
825
454
1414
1522
921
207
1324
3636
2073
4617
792
490
779
1564
803
2383
677
624
987
713
769
793
2325
2583
3106
2068
2435
1630
3630
699
728
512
270
2177
2493
406
1967
1824
557
238
503
2100
3521
425
1175
1063
1262
1686
119
1811
1314
2126
3062
1417
2481
3525
271
289
1128
1025
12
356
4141
3045
651
920
2914
889
2605
3817
892
1560
2801
1072
1514
2103
598
2377
2484
1271
1758
501
1592
498
1404
1432
4864
3246
754
554
688
3415
4383
1412
1789
3816
964
195
3510
717
262
2317
3728
414
1301
389
2823
2019
1271
196
2017
165
4121
1443
1590
1534
155
893
2746
1578
1153
898
1400
1355
385
34
103
2561
2145
12
1836
1993
3326
938
1166
2899
1915
1849
2435
1203
2609
3737
573
2869
3707
2774
1081
4191
2710
189
1583
2945
3803
337
773
2335
1251
2937
2443
2683
678
2946
4258
2488
1645
299
2949
3754
770
3445
1279
247
880
817
1890
1361
3729
1135
1843
2460
74
10
2268
4243
1312
2245
2299
1973
161
796
841
3479
1284
1536
179
4311
88
2077
4956
1420
3657
3077
4492
1830
1960
2235
4525
1226
655
507
1032
3003
1931
199
1479
801
418
655
4210
4680
3847
1894
3562
3842
819
512
2818
2137
66
204
753
1270
1869
3635
1751
2660
2890
631
4092
1601
5127
148
4486
503
816
2545
2173
2560
4287
3365
2690
612
1352
979
207
1723
3855
1012
1834
3291
881
3291
1400
1860
2865
2706
983
3004
695
420
3513
1350
2791
1705
1590
410
896
1362
1323
3611
1632
43
1966
3479
2912
3026
2531
3139
1272
2698
1940
1835
4820
4034
795
1900
943
3070
445
2829
1767
41
2503
1969
1300
330
2238
1448
962
456
2172
3132
2458
1010
1617
3927
3841
396
3970
1230
2231
348
199
2734
2963
1355
2249
3463
286
2327
2802
3341
1590
1470
3988
1136
4155
2365
786
8
1608
259
3338
4278
2632
2024
2695
95
3693
1362
3985
1190
1265
329
236
1360
834
1861
484
1367
2300
1804
2062
3923
2880
2915
1428
2438
3083
1949
1009
230
1922
3477
830
1951
3353
615
235
1994
3061
94
155
1814
3325
1760
1170
112
770
2842
900
1593
2998
3989
3162
2009
1061
3917
2127
640
992
2396
3
827
1350
1359
4056
597
1313
1779
406
142
936
941
2037
2195
4545
200
2736
1764
3246
1701
4827
1062
3374
3745
1839
487
2275
3660
1350
265
2263
1420
42
2706
363
388
746
4308
4477
153
821
1085
2278
1112
400
1696
817
2706
591
2388
2063
78
2094
419
2537
1197
4257
3197
672
3762
430
1946
913
118
3437
3086
1226
2945
1611
4303
393
2053
967
59
1261
1224
1094
960
2306
1861
3530
679
1974
836
1947
255
1085
328
2110
3551
441
1206
2408
1249
662
3780
2077
433
3382
536
366
2344
128
3134
3230
774
267
418
1675
1845
952
3183
4056
3044
1120
308
472
4252
2432
404
975
554
1903
414
1826
2489
3171
1445
816
3972
1132
1614
67
1512
1473
4523
3410
789
1669
3932
2595
1621
1251
1575
1209
3456
1813
1418
2282
1708
4367
1922
1448
1225
1401
2397
3414
954
2675
3573
2248
280
1005
1307
1789
744
913
2032
4350
1531
1033
130
681
182
392
474
564
339
1065
567
100
572
1514
14
4864
803
473
728
2125
108
2265
1263
2289
971
9
3320
1171
2604
12
723
3889
1184
5041
290
539
383
403
645
834
13
2639
3393
2629
1803
797
1821
1707
1416
2219
1554
3574
1379
118
2121
2497
780
244
475
117
3776
3505
1903
443
1800
1007
2508
2159
3314
844
3396
2423
3178
443
181
3158
2074
766
1465
81
175
1800
2628
1834
308
1895
1574
225
4000
3771
2205
53
3045
289
3995
1242
2100
951
1142
1028
1627
2210
1055
515
3735
4443
3820
439
2879
4314
2019
135
991
4206
4514
543
1618
1203
335
3752
433
760
786
1903
1857
873
2897
482
2045
2918
1053
432
1749
3933
4368
882
2419
1279
3377
877
3898
1484
527
292
4361
3888
260
2379
398
47
3954
2197
508
1883
3724
2961
1931
3153
593
1196
640
1231
3890
280
1258
2355
1607
381
61
1534
2128
1639
2316
1870
1988
3721
2459
1203
2983
210
2863
1726
279
2615
2462
465
3064
1236
1802
2789
372
2343
1351
1462
2927
465
924
309
2599
1827
1607
403
1133
136
2691
1955
241
1220
2077
2498
3478
258
2167
1475
2092
130
447
3700
726
2723
2972
3996
2172
484
1803
3630
237
2995
1845
68
3334
2728
253
1119
3190
439
246
1082
1508
2111
1945
4930
771
1443
428
2050
1668
1147
2902
803
1344
807
107
3511
1161
3915
2793
839
3880
2219
349
3519
891
724
1514
846
4269
1978
2779
2612
482
3877
1510
2721
742
2023
1659
2565
1434
3323
1254
596
1201
3772
302
276
2920
141
2098
931
319
1014
606
134
1445
1286
485
486
820
2061
807
1994
97
663
1688
466
687
4079
1821
3253
296
454
2614
513
1116
659
349
201
90
3092
1448
3367
1788
764
112
2015
2400
3210
2501
3630
3475
4744
1404
1274
1056
2154
2333
1797
587
1218
1839
1658
1884
1716
370
1171
2888
867
975
249
1891
2566
3845
1168
2091
2330
332
278
1012
160
1546
1517
1236
297
615
1474
151
1898
3742
2113
290
3002
3985
1658
3737
849
380
134
1537
3558
905
119
1531
1548
1706
3088
636
3047
445
35
4634
1265
443
1086
1986
3101
1123
3069
776
458
2106
168
2008
1421
1902
2355
1407
1887
582
2918
1830
2845
1146
1796
3097
1319
4273
166
3130
1135
1941
808
760
1170
2684
57
3420
3106
509
2204
3596
3099
894
3510
468
2000
436
957
3539
2177
3675
203
2582
2326
1851
4565
787
254
2872
410
1713
2964
1880
329
58
1302
981
1695
490
3929
2997
2143
3567
350
1777
622
695
1891
863
4042
2186
241
1278
597
1823
2762
240
399
3126
623
284
758
1673
1695
564
151
77
3473
3437
679
1430
74
578
1007
2699
4874
911
4021
2510
61
2417
720
2853
2213
2536
1882
63
1780
2496
2082
4608
3577
1417
1425
530
239
3734
4415
448
4237
238
548
2575
3615
113
2271
259
659
9
3285
1166
26
554
2400
4621
1278
433
4089
4659
74
2258
631
81
541
30
1035
803
3248
2576
897
2559
1220
3832
3189
385
2041
2394
3227
4772
1366
1100
1556
648
3198
1812
751
471
1427
183
2082
348
4824
2759
1083
3682
1495
2111
4109
1084
74
3494
166
3224
1665
1854
41
2857
2121
4049
4132
489
416
631
1809
3027
3067
2099
243
1617
3960
3877
469
196
3728
1496
2495
882
4174
993
907
2386
2108
769
3955
4244
2581
3370
1304
2725
1854
3014
1958
1387
599
922
4533
122
1088
3479
547
1584
2393
1431
1567
4055
31
3879
1228
3066
4002
1529
261
2186
2549
422
488
3883
4039
4181
1021
707
828
3050
119
2600
3707
2488
2730
3068
1210
36
1273
755
171
1619
2417
638
2906
2027
1905
79
428
1837
635
1856
820
1528
3697
2868
1016
2551
151
1195
263
2198
4207
1486
4955
2208
1131
3049
3936
2543
450
464
594
1270
5057
1337
2840
3358
1680
2476
984
1918
3500
237
757
2486
1988
263
4075
1424
1831
261
1469
71
2977
1056
151
1812
3001
4633
2733
1024
905
364
1160
2538
1746
1634
3161
4076
959
2813
2212
1574
527
1953
1178
183
1807
2333
1661
2704
230
1572
3143
4547
1887
1253
517
4386
1924
38
4270
2716
2709
1550
3801
790
1353
479
376
4159
1329
3940
524
1218
1852
2030
744
186
2477
13
3696
516
2485
2391
2244
39
1918
787
0
2524
265
1416
2733
2715
3147
2994
102
1228
2308
3706
3936
2494
18
2717
270
1910
649
2111
3266
1767
2744
2087
3959
280
2052
1766
4357
2808
507
1900
294
2017
1263
5007
1241
2848
2468
604
1594
824
671
1408
3094
650
195
1270
4227
876
3714
1928
3421
4801
740
3996
1001
922
227
4470
3249
98
3356
3700
3443
369
397
1378
1735
882
795
2104
2711
50
3107
1654
3667
2769
2317
1517
3552
2020
4058
2059
3391
2260
1755
1230
431
1054
2203
3906
2152
2996
92
2418
2050
2016
2185
141
1459
2040
80
2292
592
510
3963
680
193
4657
628
2507
851
146
4606
2286
3302
3026
3740
3544
440
764
2970
3358
319
577
342
983
1636
3208
763
3092
72
1898
2594
1054
561
1777
692
1734
469
3998
678
2989
2104
173
1571
3675
3162
49
2624
1808
2227
943
639
488
2984
516
220
2206
239
563
3160
3448
263
3031
1558
460
1393
681
2508
687
355
906
557
641
2795
2778
1816
1972
4648
106
3304
3797
955
1032
1552
653
419
3307
668
1596
0
1765
3895
85
312
1681
1557
3454
2329
3085
2237
3020
3307
4287
1115
1067
276
436
2804
1567
1327
3515
1938
2184
2275
2323
2498
490
564
1138
280
2204
2297
2323
1517
3311
4413
2200
1286
603
1703
265
465
3395
198
829
198
1647
2865
418
2056
3872
2779
4670
59
4272
3512
3654
3689
3547
220
1624
2675
3378
722
1187
2252
3486
1303
4449
2091
4734
2679
105
1417
1542
1603
1561
1146
785
844
2005
192
3966
77
4136
2641
573
3753
811
751
923
1383
2040
3128
2628
1955
2455
2664
1129
71
229
324
1722
1999
1606
2050
124
550
1733
4099
1478
4306
3999
1360
3227
1097
9
1146
1851
1989
522
1761
1083
20
1842
787
2511
443
1999
401
2867
1063
1007
1880
3624
4191
2143
558
3624
2267
1407
30
891
3345
1074
2785
92
172
2653
29
3052
2009
938
4734
206
1212
2824
2905
440
254
972
3239
2762
4429
324
2843
3873
72
4436
4024
1409
2313
458
335
2286
1122
4645
2651
3
402
215
1329
657
189
2477
1432
4189
711
1345
2443
2557
3031
3530
2798
2926
824
1428
543
1961
902
1212
475
2104
4602
451
1117
1169
1553
374
3017
712
2761
2943
1516
490
334
4012
1430
1728
2342
1083
2282
576
1956
859
2599
3551
164
566
2591
1258
148
2942
1242
189
2850
843
1399
259
4806
2220
296
581
3849
207
3198
1007
1467
1933
1328
1257
2756
2315
1089
1846
1302
415
3071
2360
446
3425
672
875
1007
3809
4574
2038
2938
1232
681
857
512
452
2393
138
802
1725
1203
70
2336
2518
2631
2288
4156
2866
1425
2383
260
2523
1599
869
2133
437
2613
3370
4951
2159
3529
3064
1292
318
2637
1256
3052
1851
180
2821
1110
1309
1779
413
1029
3401
1975
2619
191
1334
206
1761
814
721
298
2864
2389
2485
1177
3121
1834
819
1266
2618
2109
91
2583
2240
152
2324
208
400
2036
507
57
3238
1153
1690
48
479
3789
2466
741
3517
2192
1255
1612
934
3889
741
189
89
3885
2119
311
3870
273
872
1847
4596
1869
251
1187
1417
206
109
1365
1743
640
4722
3272
1352
4255
569
1746
2429
2936
1844
3577
990
1897
2115
1047
598
2983
283
560
522
196
4698
1190
1308
802
2571
1959
3006
2525
222
4044
110
896
3666
862
1104
1106
4939
1
2303
3741
1615
94
2896
2565
2165
120
309
2298
3639
877
1966
2160
876
1512
2355
555
2629
2712
1449
2164
2030
4441
1958
1451
1545
748
4561
2394
1127
972
2045
1814
4777
854
1452
70
1811
240
962
901
758
1617
406
2310
1173
3510
2794
186
778
669
2546
86
694
2223
3600
4175
3019
1065
2000
4282
2343
654
1509
364
857
318
1834
268
1997
1214
4072
1358
1916
2122
191
4539
257
1776
486
20
3236
531
3073
1944
465
320
2029
333
1124
1695
1989
909
3629
1268
1025
2980
1623
156
1747
2853
32
185
4361
1084
1993
36
2047
2699
2318
2017
494
3632
1394
751
1281
4108
2777
1399
179
3635
445
764
692
280
423
139
126
1135
1766
2827
1471
941
1750
4098
431
442
4704
2744
2840
3537
2973
2919
2544
1342
1284
2519
1868
2582
1358
743
1498
50
2218
832
2779
2264
616
792
1786
1608
1213
1755
3156
1896
582
2674
6
3275
2457
4479
1624
651
523
470
2308
1775
26
4568
435
460
148
3543
550
3193
2338
3017
2016
1694
2029
575
2080
4175
463
162
334
662
1061
3346
1929
2724
2338
437
1337
1670
509
2904
363
1963
4204
224
1218
3487
2729
505
1831
4649
569
1219
510
1475
1148
3741
729
3448
652
1659
694
812
4948
1863
4705
727
1683
1521
484
187
1155
2290
2085
531
4128
4131
933
333
603
306
3211
208
3373
1495
2552
3012
655
1454
2251
122
3247
1185
1519
664
1518
156
4302
1281
894
98
1487
2179
479
48
1679
694
2144
158
493
350
2419
3016
333
2609
1747
1302
18
78
2088
456
4010
1214
1878
659
1775
869
1274
817
358
196
2184
1286
1575
113
2817
2165
103
1583
292
3077
4040
379
2493
2639
1691
730
2132
3727
2050
2854
2824
1826
1311
1118
1127
3160
1914
3183
4260
38
1023
1748
276
1581
665
2286
3078
459
2637
738
728
1674
2503
2334
877
638
2529
24
1594
3092
4112
2620
4234
2404
734
946
758
2495
2313
678
1841
2788
1480
2301
3741
107
2848
3747
953
1140
1639
3387
59
3875
2254
245
2795
2043
1583
1676
3864
1190
1001
2877
1602
1839
255
1088
400
597
3358
350
658
2100
940
651
742
346
229
485
1833
634
2045
276
592
988
528
3305
2058
158
3643
792
1510
1700
3039
1965
3209
49
1276
1286
601
535
1574
1853
3127
3077
4192
2532
4131
38
4233
1641
560
1278
935
62
2293
1316
1082
850
1055
1551
2233
2053
2677
2156
580
3826
803
3154
2594
1859
2213
114
686
517
443
1643
4872
2077
1615
1894
906
2357
191
2868
993
3613
1126
2837
145
781
3491
385
3952
1933
3306
2243
470
3870
4063
360
4242
1859
3640
4657
2487
372
2357
490
4503
607
1351
230
198
1863
2047
213
2382
1743
1215
1072
482
1411
372
2343
243
1577
2151
42
1697
3324
2740
1110
1128
2191
668
567
1605
605
3182
600
3159
3816
1298
3487
1246
2511
4344
482
1334
851
1048
1653
357
1320
3078
2129
1656
384
379
582
1997
1761
2150
1433
927
624
300
3236
1095
2090
1532
713
527
4894
2135
4303
1276
745
2408
4435
190
716
3204
1222
400
4001
2642
1484
4265
478
1314
1769
1267
2361
4302
343
1420
3068
373
2893
1546
2719
2424
2255
2515
1742
1823
778
3115
1184
1701
2597
1439
290
645
12
3601
157
1947
838
53
3549
3012
738
2003
2903
2165
466
213
2037
796
2156
4019
1954
723
1168
3420
3896
1527
2214
2861
1227
2399
433
152
2887
497
3712
1587
1516
2788
376
2081
206
500
13
3912
992
408
2210
2469
1818
989
1297
407
39
3821
2336
2591
1234
2
909
588
3549
761
2390
1142
1887
774
991
1566
1023
2820
2409
3334
1620
2029
4673
3135
1203
2641
387
1816
315
2387
2978
1484
3450
3566
1008
2350
2995
91
1418
659
2103
540
3508
1125
713
2746
332
2169
6
648
2552
907
15
3575
3004
1181
275
198
1029
1482
2220
870
58
570
133
1352
3726
1535
3128
416
152
1163
110
1664
4558
4592
289
1129
3233
479
3087
168
1312
1385
2079
1735
2799
886
4802
778
2541
3652
341
419
1208
2289
1847
4890
1321
595
2259
2045
2725
64
473
2919
3872
4962
2546
732
1385
884
1314
3321
1203
1994
507
2667
1955
898
4053
1921
798
3756
2331
2026
1664
1824
2542
825
2099
1632
2991
699
1163
189
688
2298
459
1357
862
1652
157
3306
354
111
2572
3915
191
973
1744
3311
292
2841
2666
313
544
15
4499
1993
517
2345
2264
87
543
1216
2421
637
768
2325
1259
267
832
982
1606
1212
1003
2628
675
577
1319
1764
3511
1354
1998
3896
4637
3938
746
1583
313
337
2149
3129
1017
195
726
1533
1768
239
1041
218
1350
699
10
3055
3704
1036
1642
2784
4434
273
527
564
1786
2411
4768
293
888
2376
1034
1819
3279
490
740
679
1138
2910
3392
1364
1986
243
1362
233
3121
928
2046
2825
4356
174
1787
537
1692
1961
1917
4369
2823
146
258
1875
813
2234
719
2359
2382
4089
2126
1699
1563
2795
3208
702
1236
2217
3425
3726
1982
2320
1625
3095
1778
790
4086
1663
1902
333
322
660
1347
92
1943
1072
1409
91
2525
2786
2948
667
897
442
1794
2197
3868
2646
2000
3304
1814
2151
499
615
2056
1476
455
1448
145
1974
336
3622
3308
449
1112
75
2754
2689
3039
2278
2583
1985
642
2445
1919
1660
3653
1783
2156
2619
1311
1987
4361
1212
1556
73
1651
1793
84
2260
663
1558
381
739
83
345
447
4103
648
1588
4065
1111
1143
792
326
2693
3738
1364
393
1449
1368
542
2290
755
2568
328
4118
2105
1448
153
828
530
1626
49
1775
24
4062
1608
1004
1559
2117
1557
1522
822
781
2431
2288
1623
2421
1537
537
334
4004
1424
4073
2426
948
303
1521
2684
3832
3152
4866
1662
1910
1104
1682
369
1678
5
1480
438
2256
174
752
3432
2863
1651
4662
1827
33
1543
1133
758
1136
1302
1561
58
1473
847
1269
860
514
3808
2082
3253
286
4068
1266
1756
1720
2779
725
549
1230
955
3204
508
4343
1615
2130
1910
232
4963
25
3884
2240
1716
1443
3080
3829
1006
2099
883
1549
1823
2391
3014
515
2859
610
2055
1179
2644
358
1903
1830
1347
1321
833
3677
2148
2459
1270
3714
2115
2103
1580
1485
3394
174
3329
1788
613
402
3273
1187
1315
91
3207
126
278
680
874
3262
1734
1249
81
1247
1541
3037
4595
2539
905
402
1432
80
618
1017
3173
1002
520
974
1099
456
4644
2617
1448
1991
4014
546
132
3361
2194
224
4230
2957
3141
2156
874
1041
468
206
4612
153
2857
803
3280
593
1881
189
618
2240
3311
2532
44
8
143
733
255
4259
596
1271
1313
990
1219
4421
1864
875
2689
1588
3779
1180
915
2559
429
983
223
2658
784
3404
1244
2102
462
4522
367
3857
1270
2088
1293
3384
2812
696
350
1227
1534
621
760
1675
590
1719
862
1557
1010
4444
946
4029
3116
3089
3566
1143
531
985
1938
655
1984
2916
1806
3137
3476
2486
3579
2671
9
502
409
1113
1676
348
4460
1338
206
866
1145
3436
2987
1664
903
217
892
2521
2132
1113
1696
2066
2524
1206
628
413
3061
4435
1863
3103
356
2608
705
1397
379
1071
1858
4012
77
1666
1357
662
1409
2447
822
320
1669
442
1009
1602
31
1428
539
1247
3653
113
782
2390
153
481
881
1968
1055
750
1880
1425
1992
1031
248
1178
849
3776
4371
1200
3366
1136
1986
232
2802
4326
2330
3576
460
1173
1062
1862
2425
3434
1014
2094
3383
1814
1460
1681
4406
305
380
160
3636
2346
646
2014
4337
74
3093
1296
1884
493
453
922
2724
1829
391
196
347
2373
2501
3204
77
2499
2244
4607
109
400
751
2719
1063
668
3430
3131
4731
3
1536
3650
1900
3936
3445
2819
953
3103
312
40
2012
1258
514
3136
1571
384
1572
835
1722
86
3255
4801
116
303
2274
2195
423
508
2059
1124
2525
513
637
648
254
3113
416
359
559
1074
949
930
1211
1208
2257
1641
140
1650
4426
1711
558
2612
219
3296
1060
291
143
3414
1260
1953
3814
574
222
1716
945
3855
298
2644
1988
4113
2988
2324
1860
1994
1516
656
158
2653
1191
2726
32
2255
477
4408
4042
1433
244
1885
1584
2479
2058
3386
2258
3315
4017
219
903
1860
3040
2728
1242
62
818
1780
858
828
134
395
1166
1203
3213
704
3916
1248
1596
1458
1053
850
306
2418
1887
2507
3665
2552
1694
3087
330
264
408
439
2169
3385
2423
898
2144
484
877
282
1461
811
1116
1216
392
2228
2898
1356
2166
1557
95
1070
896
3807
4053
1821
1537
136
2941
545
431
442
387
4090
2177
325
1791
3425
1627
2047
885
618
4901
2735
1260
4105
1120
2702
4037
267
35
2535
3377
3557
2893
3382
2209
3008
4433
1119
2371
763
1281
456
1783
376
3743
434
1158
1909
3758
1450
466
289
78
2877
1636
1447
4223
1541
1522
347
1109
372
2240
1228
3821
1841
283
3252
2257
123
486
4229
99
421
264
1611
1549
3577
2187
2566
1462
930
196
3878
448
3714
859
2055
1158
1062
1650
3536
234
666
519
1218
3305
1885
752
575
847
3708
1789
1732
1663
636
4703
3694
240
2405
909
3141
588
2471
2148
3294
3415
995
2891
460
190
2242
3016
102
1547
3345
2243
2828
940
4539
2657
424
110
1109
846
344
1137
2473
933
1695
275
3585
2451
1556
4234
672
674
788
1009
171
1634
476
1429
3309
3368
2475
3659
2107
1784
1391
1925
3
1968
2256
2251
160
3743
3976
4012
1208
1996
1312
1006
2442
964
224
2615
2514
1341
1224
3315
4032
2091
2379
305
1464
1767
637
485
1870
2767
4458
2106
1075
5054
2108
2929
3245
3065
871
1603
2522
1576
1222
2926
3168
387
1132
1304
1145
662
133
4120
3013
4357
2316
316
1376
329
156
4130
148
2912
2
1497
1864
1856
2591
3184
296
4518
503
693
2257
757
2376
1026
1129
818
2195
998
112
756
3186
1160
2232
1618
675
405
2915
1256
173
1189
2613
4952
662
4501
3161
293
3468
2946
1536
1388
2159
1069
2111
1774
3870
453
422
2231
3520
1807
1541
3401
1144
2397
2530
415
855
2691
1492
220
2029
1118
908
27
2148
275
3165
729
430
4168
465
997
2081
1044
1802
3865
109
534
2308
667
1757
577
3049
622
3724
1602
1397
4249
1991
1053
1318
275
3552
948
2353
2712
403
325
2333
4636
666
448
2710
3952
1991
2825
1248
1785
1980
1461
1555
2581
656
2867
3029
3202
1387
2748
730
2883
1391
1079
1273
202
1154
489
397
1368
468
1426
1900
2323
3762
2442
964
1248
528
775
1059
2660
833
1008
1475
3867
3452
4303
1553
782
220
734
3237
45
2843
3428
2654
2683
2821
222
151
438
2371
1434
1810
249
2478
261
3669
1698
1923
432
1181
2742
341
11
1716
1718
364
495
1187
834
1059
1220
2026
3275
580
409
1612
2937
320
22
3638
312
1086
298
2443
1716
1019
1136
1705
1511
2605
2106
1224
2816
992
69
3880
1710
3183
154
3081
2403
1268
986
2684
2016
2275
399
4083
106
1291
2940
2938
1730
623
693
3100
882
4389
613
322
113
3802
838
105
3197
383
838
3801
1563
804
2229
4729
1590
1283
1808
3401
170
1911
3131
3269
1481
3090
1479
3545
389
2241
3814
1375
520
2221
1393
1005
2840
73
3225
1101
3292
2002
1803
1735
196
1438
1681
3035
403
955
1601
1370
2371
1146
2702
1021
4486
1144
190
275
1554
2
3044
872
4534
245
1922
1691
306
323
4570
2312
2315
2030
1373
273
2691
4195
3181
2159
1792
332
3185
2091
4131
3294
32
469
413
3388
136
3682
947
1579
1377
1481
1587
1242
1100
715
4553
112
128
263
3005
3653
964
252
1318
2619
1591
478
434
3957
1643
3049
564
3026
1003
0
405
1238
466
1207
4483
1455
403
1085
1255
1696
468
525
2127
397
1361
242
2031
1333
287
1445
4552
42
1257
122
62
2930
21
1492
1901
1071
1172
1352
1359
1644
696
32
3470
2636
1707
1937
50
530
1086
630
201
1592
757
2442
1677
186
20
165
2072
300
823
1460
1472
1164
108
15
658
300
585
3587
1945
827
230
2332
3683
284
1015
1183
1466
504
3182
1149
656
1922
2976
1105
520
1374
269
759
1128
1210
2569
334
244
3380
2389
1175
208
2592
223
3302
937
3173
1603
863
360
2548
294
121
4202
1692
2318
1799
3072
1394
4421
645
788
2416
392
654
2530
955
4416
776
3456
1846
1387
1075
1140
1036
210
3245
1505
4615
1250
1109
1811
3215
527
251
558
1043
1638
3326
2201
192
3900
2517
1486
170
2457
1176
450
3393
3597
19
3844
786
859
3432
1744
2158
2662
760
3635
109
2950
417
2225
972
2865
907
829
4131
1197
967
578
167
2248
1919
2962
965
1898
2588
52
414
1518
558
757
1355
2295
2108
243
847
186
1533
562
3089
255
1992
4346
1068
2979
536
153
3757
97
230
395
2164
1947
2517
1232
1113
1944
0
3612
1113
1619
5
676
3528
958
575
244
3324
3615
1901
626
2291
2552
3711
489
1236
189
4270
2619
819
4461
337
2088
4194
3056
1057
1204
1121
227
35
1698
995
2771
1960
1207
4197
2961
3297
2844
675
749
4088
1232
3797
147
1956
762
761
605
2411
660
1648
2567
1903
2307
247
127
1640
1568
88
296
75
673
1095
1906
1921
411
4224
4189
1592
890
2132
645
89
1167
2404
1061
1692
3453
1700
3129
94
2246
213
984
262
843
2556
817
182
787
2905
261
88
1426
2748
1328
3208
376
4420
4021
807
265
1862
1157
532
223
39
981
515
3536
1081
3515
1696
1546
1466
940
926
2943
991
3037
2284
247
2707
4617
2450
1868
3446
2449
2762
2901
2983
629
2856
167
2271
3905
3551
1470
3953
4475
2444
2
339
3341
404
1450
63
2814
2023
2204
2366
338
3361
1864
2284
243
57
1538
1738
1626
277
2642
2695
2480
1326
868
2734
3902
2867
1509
1003
204
3998
3565
4244
434
416
2950
3072
277
3881
1324
3344
615
2349
2481
4679
2211
2564
166
1051
3173
2474
374
4018
2215
461
3760
3044
1471
2386
333
1652
1082
1143
178
4239
1851
398
80
2669
864
2040
650
2102
347
2590
2786
113
583
1984
2202
309
3477
3264
1372
2306
1614
1991
1382
2837
1862
913
3352
3249
4372
851
3512
1112
4320
194
2594
748
1725
1022
2667
200
3301
2919
4766
595
1547
3034
167
2351
844
344
158
2604
4560
1528
631
3622
3694
1885
2135
2053
974
2444
1251
273
1254
3639
3401
2294
706
2143
1893
3343
1467
3974
2585
4017
1936
3219
4188
310
47
2486
2606
2306
3647
1202
2458
310
1655
1751
92
197
407
4272
866
509
1993
793
2151
1562
692
574
3311
3663
1191
596
673
3737
961
1716
257
119
816
254
2541
337
1456
832
3322
838
2561
1461
1350
3526
1486
1026
763
321
795
4002
1124
3534
4420
280
2344
3138
255
631
2606
3012
1654
1669
1155
633
4689
886
1684
290
2413
4209
1680
207
2982
1638
1286
144
184
1634
343
1036
1592
2342
249
2041
2326
2858
3588
2417
1181
3453
935
966
300
428
1242
4801
2061
3452
17
187
2681
1318
4631
2802
1734
3425
4403
2617
2036
2667
1348
2870
1025
2293
761
2501
58
1351
142
2102
4451
933
2053
1550
1053
3373
1447
1702
1447
1915
1234
154
102
3780
4
442
1099
3045
147
3141
1590
2606
1839
481
2287
894
1765
636
567
1647
2895
1447
2187
2436
1123
2677
794
3195
2133
219
901
593
2263
377
788
3867
3013
3504
396
3107
1754
399
907
2647
734
451
1838
2697
874
2187
270
2099
2992
1144
162
962
399
418
705
1459
42
3878
2164
2111
1822
778
2545
1269
4633
3709
2747
251
618
3842
1214
1704
377
979
1085
101
864
1433
278
2818
1591
259
939
1
2095
410
967
1805
1865
3797
3683
1215
3516
1987
3462
2050
1720
1279
3156
2739
3261
882
1410
1416
2422
1752
2496
1084
724
394
4300
100
1870
262
2018
2342
656
837
56
2170
1109
583
350
744
595
947
1348
2179
7
857
1973
800
664
311
936
1448
4256
1749
711
2154
1781
3883
2197
2692
762
2585
523
3479
2699
421
1511
1045
3230
1305
4125
1116
2683
3266
2165
2039
657
388
3264
1549
2315
3697
1783
2939
3002
4040
542
497
1046
194
2690
1248
1609
2674
381
2665
109
2860
186
3705
172
2043
1316
883
73
3132
1965
1846
1703
2704
33
1250
135
1040
904
3513
1570
2279
793
733
1551
207
61
886
146
1858
1019
416
2917
427
3230
286
894
921
565
3172
3752
1123
3818
867
1107
1109
1689
464
2364
424
1979
2763
1236
1906
297
666
2984
647
1303
675
1457
851
800
3855
2995
2876
719
349
2716
2861
1980
2486
3932
964
4491
1098
2146
1925
224
1841
651
1433
1532
1138
1114
768
992
643
3844
3930
905
669
439
1490
527
858
3768
71
2063
4101
2825
4917
2210
1832
902
3262
3539
2262
1046
3790
448
91
513
270
2630
3119
3262
4646
1129
1814
505
3380
159
3850
605
3398
4212
3535
1313
1043
1275
570
2420
447
3280
494
2418
184
170
1758
1068
2244
901
670
1741
406
3261
559
217
3262
456
2008
1359
968
1311
1445
281
204
3114
2221
323
3157
929
3133
795
3827
4600
988
1796
2558
1842
4038
1403
2525
2917
982
1655
1543
445
840
1485
3439
869
1722
2600
2361
2996
1955
825
1290
279
268
4075
1108
319
1985
682
2293
1434
2169
2094
870
2522
257
192
3399
32
2308
1336
1735
1715
3766
150
3173
1170
1879
4680
991
1380
1647
63
125
647
3295
4490
970
591
4400
578
893
2008
1672
781
101
1624
3141
1111
268
139
2271
2627
1024
995
46
2232
807
229
1404
1246
418
939
1397
538
1453
674
765
2609
354
2122
2298
2128
2406
79
3866
1245
3611
3187
495
3266
1828
762
2119
886
692
1412
3422
1694
3292
977
886
1113
2717
2746
1869
596
2660
4232
2030
466
2365
2988
1193
1812
2913
2067
3326
724
1174
615
3119
285
826
2902
2217
826
2543
4176
44
2244
1778
1682
3616
715
3716
3879
1260
1136
719
2088
109
234
526
1968
4087
931
3215
1944
704
1651
3966
606
136
3320
2670
2313
123
3493
1363
11
2759
881
2074
1829
398
1730
1144
4735
850
579
2611
546
23
166
801
2865
3135
748
472
1832
1711
3067
2472
1868
544
2335
2658
2678
1540
2541
2144
524
2092
1555
1387
1883
1268
3328
2508
757
4767
1727
1485
2028
55
1522
1677
2527
139
1051
894
3050
163
1037
822
202
2244
3571
2101
2985
140
793
999
2751
1052
1867
3604
1419
1985
3991
1674
1878
1182
2389
2020
5
1076
279
1667
797
3355
265
1444
1937
2743
847
2684
223
917
39
3050
904
187
3790
46
711
676
978
1817
2936
3435
1681
3894
1122
1159
722
676
350
565
343
1807
3949
4247
2483
85
2510
838
2876
787
1799
694
2906
1033
3540
1248
2679
579
2273
180
304
1422
2929
1361
2257
2334
3517
1315
398
3098
794
576
239
4509
3168
3660
3007
1224
2664
295
557
2795
259
4589
324
1173
1211
1403
1397
2155
3376
1229
1057
3768
2190
1907
815
4533
90
2827
1963
1080
1377
440
623
1071
3435
2293
2639
2219
2630
1070
1026
1370
888
4635
1644
753
1054
3029
1191
1252
3106
3426
1444
443
606
1562
36
4982
2744
3578
2531
717
2987
794
1113
755
132
2433
2207
808
174
3698
1344
45
551
1831
1587
691
2590
1427
1004
1129
3241
1622
3747
29
1892
4180
1056
3293
2873
3628
1689
2319
3871
1830
1606
725
1055
2685
2075
1565
550
703
4620
1104
1683
1083
1155
2380
1582
4055
33
119
1894
4608
3542
2161
4263
439
3106
1347
3303
2700
989
1072
704
2413
2835
232
4253
530
782
2395
1995
3832
934
4195
3645
77
3408
3522
3868
1432
386
766
1307
572
705
104
356
1156
4234
2344
2530
4555
2830
3552
2203
672
2458
1295
3130
516
2437
1339
2264
887
3918
3272
3554
652
3131
1165
1020
577
510
785
161
625
690
1382
1014
1442
180
27
157
2606
898
4877
2025
31
4047
4082
1367
1610
1552
3800
1708
2070
574
1530
233
129
3631
768
4310
2624
337
95
1701
1257
1475
2944
507
2105
705
3007
1011
543
1639
4421
602
2807
750
1257
1842
150
2047
1618
4035
3116
1960
2047
2860
85
4457
571
2702
969
3993
4341
1371
563
939
2326
688
1542
3321
306
4323
817
91
994
1780
720
2674
362
729
2247
407
2211
3893
796
1593
2759
342
1327
96
450
897
1938
235
2666
1246
3045
1759
915
5035
4445
1976
1458
696
649
320
52
1322
2975
342
476
1939
20
1243
2843
4411
3718
2837
2054
2337
344
3361
645
4214
937
2392
2432
897
913
102
966
2505
2170
708
503
1318
666
3076
3381
492
2449
738
3022
950
143
1640
957
1501
1488
83
2690
2636
948
1470
1799
1585
1627
2443
2119
3479
2614
2051
2688
1326
1709
458
1083
505
497
1494
1
2595
1488
1555
1527
1195
1613
2550
3841
2635
2292
1204
236
4797
323
574
199
3601
2793
2502
2377
3034
2338
295
1129
1600
4708
3893
942
3567
194
4051
334
1846
1360
3132
219
2548
549
1801
127
1956
582
2402
1768
565
103
2217
293
3641
3295
4625
685
3119
1859
1299
1608
344
2579
294
1781
171
2556
318
2011
1959
1125
2616
82
225
3388
739
419
2044
3479
2843
3012
1061
1146
1235
1857
2275
1142
228
1437
871
2592
521
1838
110
3466
586
2762
1508
2770
4203
849
325
2238
638
1405
4603
1671
48
3769
2136
2640
2456
1397
570
2808
3631
382
595
4076
2435
604
974
2308
1593
1067
794
4191
2743
1347
561
158
276
3293
640
865
499
1888
4088
2586
445
922
4705
1710
245
3521
2762
895
806
50
3277
3601
503
126
39
1287
1578
457
996
856
347
3869
343
1692
554
2499
629
397
57
3113
1154
72
3330
3692
1154
4089
378
1612
218
357
818
1270
124
841
462
2229
864
542
1639
1720
3606
1735
410
3295
2507
266
463
2158
1839
587
1179
2101
2958
1466
1945
2175
382
507
1258
879
3137
4277
3226
1002
2132
1352
641
2821
1773
859
71
1139
395
213
1248
3927
3113
943
2118
4974
1803
1496
355
503
472
4112
4043
538
1693
1783
1334
682
270
1889
3446
3543
1037
840
3393
490
840
266
640
337
1167
2718
875
2122
1001
1950
1280
1618
1377
1134
467
3229
2804
711
2458
324
4172
2808
4849
202
4960
3694
2936
264
331
1095
32
246
1909
1471
1041
690
1153
4045
944
2985
3005
710
2450
3854
685
1506
3734
89
1929
1900
3459
2041
2340
609
1798
3233
2387
650
779
3033
1249
1470
414
2084
933
1508
918
2232
2462
53
3681
110
453
2614
225
2339
972
428
2503
2581
1817
3034
1559
690
4271
1604
2754
677
1194
3012
507
678
257
1856
4331
841
2241
2579
4085
4138
105
1917
585
1602
143
754
3497
851
54
1311
170
1450
3323
1983
3426
1871
668
1465
978
1227
32
119
1599
712
33
1327
1798
723
2981
2895
2884
305
50
456
1654
25
688
2403
688
2122
2241
3876
1170
633
1565
2324
3406
383
451
2651
354
2354
2760
86
1041
355
1837
1380
1966
1534
2148
2714
4101
2604
1039
968
786
589
1413
3025
3446
1297
51
1316
205
780
3452
1273
658
1522
538
2167
3213
2627
2437
1638
1817
1090
555
2041
1447
2950
4156
3898
4650
1435
4298
2602
1569
804
207
770
242
2988
2215
3891
2734
3952
631
1895
2317
2870
3513
406
2326
1723
3906
1239
4506
1243
1952
391
4351
932
26
1719
1112
1905
2461
1660
354
1744
4852
991
837
4094
1949
1405
982
1925
761
2119
4441
1772
740
2213
1596
3555
153
644
1256
3089
1568
1256
367
1516
822
2251
2661
597
371
204
277
569
946
1282
1893
1069
519
4505
4502
4432
1767
332
2069
149
4335
1890
1832
2826
2547
3444
3005
786
3214
766
1581
2340
2950
3184
521
3632
808
652
309
1852
1331
2557
2598
4101
524
2910
1347
257
4108
179
64
285
1922
238
1855
1206
1902
236
1529
1767
1464
481
1389
2059
3384
2388
2472
983
1988
2054
3793
414
2108
256
3968
1487
1300
2552
1521
4180
2121
4487
1344
32
3042
1322
877
2564
1406
2279
1740
1452
635
680
2352
3868
506
1491
1504
2359
47
370
518
315
3147
624
1679
140
1822
2524
2739
1149
0
421
4359
598
3107
9
2870
1876
2033
836
2612
3975
906
645
4481
3346
941
796
1698
2422
2205
1318
2854
1013
3144
1070
1591
113
1896
2538
2003
2927
1914
166
907
1430
2462
810
2379
2543
507
1771
391
2760
3808
2055
4329
3239
2978
951
1481
1006
871
143
2737
2898
389
558
3841
902
178
2016
229
2326
2201
439
1710
27
3119
1306
1631
2630
3373
3382
1473
4936
3587
836
199
1199
2690
193
2499
1319
572
593
1142
587
1209
3676
1806
2396
1873
916
414
69
19
3799
1956
1231
4975
351
784
2399
837
1910
5063
1413
1044
317
388
3796
237
230
885
2283
748
179
1450
334
2993
173
418
3427
3923
3238
2478
4390
794
9
2781
1778
4125
3567
1241
2691
1253
76
1863
1919
2034
1817
3132
216
628
481
1565
439
2811
1405
1442
3240
1156
1778
775
224
3976
959
1548
1192
1998
1330
957
2832
41
208
1810
4152
2549
2138
4543
2130
424
134
183
2406
1508
2991
1770
1463
3393
731
2305
3808
1616
542
3457
29
4987
771
321
4213
1358
2247
2544
1928
2795
1054
2008
477
2506
2159
2808
3383
2534
2007
128
3896
4550
3463
1997
2604
616
2494
1076
764
1589
681
3718
1479
2558
445
2241
1847
1650
3357
3357
3917
202
2085
2792
715
36
1082
752
755
370
1966
97
2859
895
2092
1793
2964
1219
3179
832
501
116
871
3725
3084
1236
2769
3292
865
2407
1493
337
780
1329
3136
301
1828
921
4983
2318
2110
1096
5024
589
2763
324
1694
386
79
2450
3789
922
628
1813
2406
2852
1951
824
2169
3030
2412
1591
378
434
1217
159
2251
1339
1048
1684
2781
4024
833
3086
105
3808
1706
1302
3495
39
2795
43
1735
3503
2794
870
2670
3699
2998
429
1644
1313
1614
2575
304
1828
1237
3778
2320
475
1284
979
469
2589
1700
208
2338
2257
2019
943
1899
1906
82
1179
1460
3536
512
3378
286
1026
4174
462
1614
91
2505
1819
2848
186
626
2775
4309
837
65
1013
2386
1559
986
2239
2338
1396
2464
1056
205
2489
2587
1394
1995
2822
2012
260
764
2778
2615
1408
2197
1198
2025
1074
1598
228
1333
2656
3317
3958
3236
2725
522
3280
1115
1262
1890
3044
852
3712
2559
343
2143
837
939
2854
1956
2372
423
54
1031
801
1750
3773
1695
1700
519
2477
1043
1021
1833
271
846
714
86
1018
3883
510
2877
4098
223
4660
3528
1981
1046
2648
1016
1932
2306
3580
2152
497
2435
1630
1337
422
1678
5064
3723
300
632
3482
52
345
2940
2543
1383
661
16
2356
2743
1978
2825
81
3157
1556
1915
484
3191
795
3002
490
1943
4761
2145
1334
2142
4490
2817
2860
2809
1685
455
1155
4927
1123
2682
3609
857
1577
1100
874
1318
707
1212
1836
2252
2929
288
772
4057
2237
1471
2453
4111
4383
3597
2805
1155
1731
28
1695
2549
199
111
842
1073
506
3787
2928
368
333
639
1473
2526
795
2005
2673
335
233
29
137
1495
2706
2448
174
1293
670
2117
972
1289
1381
3179
563
4713
3694
291
199
3409
402
2281
744
416
1229
2222
1566
1481
4618
887
1474
1682
1787
3816
4500
2059
1267
1122
356
2968
941
497
1644
3339
2018
594
2451
2852
1079
2928
1348
797
3654
2792
359
460
263
386
687
2972
172
4444
409
822
2774
675
1383
536
3564
12
1012
3760
128
3177
874
3618
439
48
422
1347
656
3937
2240
401
4532
557
2265
839
2142
555
3127
1359
2701
1406
698
2826
253
1093
1682
3011
2496
960
957
1481
2847
433
31
2583
3631
1786
1810
244
2620
2714
1703
763
1528
1675
1555
5041
2328
2042
1131
224
3085
1621
997
184
2071
3578
3842
189
245
891
1369
984
2053
2675
39
1459
1875
1856
211
948
812
1423
254
2906
3651
875
498
4961
560
2866
187
43
1813
1506
475
4316
2590
3014
1490
120
95
3257
36
1102
1480
1018
579
2903
4883
4988
1235
2201
879
350
100
242
505
875
2287
290
3102
4022
754
1437
2457
828
2840
2077
52
1734
1022
676
1836
828
2121
531
2633
3786
2167
961
16
4110
2025
1158
526
2466
3196
104
1628
3251
1487
827
451
143
4049
3800
852
819
2288
1224
5055
175
906
2091
1298
1981
120
484
1373
1270
2234
3119
923
1573
1414
1613
2334
146
441
436
1898
135
2546
2638
2347
1982
1578
450
338
1749
2535
2076
519
973
726
2967
1615
607
1197
2504
2156
1259
209
582
384
2509
704
4299
175
2485
2903
16
1587
1673
2179
3471
2088
3842
3264
681
4276
1311
2860
1978
253
3419
476
1073
426
1150
199
70
352
1065
2611
2312
1014
129
1085
3865
88
2510
2601
2067
2435
1412
2309
3364
192
2551
810
542
732
2646
1790
1729
3485
1550
518
1709
592
1915
1967
870
1732
206
2226
3183
496
681
940
685
1007
2151
3049
3564
2276
3573
3719
3915
373
2480
3312
3490
4478
4223
3276
410
669
3321
464
2325
3917
4235
2137
2356
2942
3230
563
1922
2913
32
3570
2256
4027
1013
214
1957
2043
3304
475
4009
1716
2753
1674
1885
643
499
36
2047
1497
821
2204
909
729
1641
626
1190
3461
1740
102
166
4209
1800
1933
1765
1757
661
4378
155
1286
1830
2627
3180
2543
2646
4391
258
609
1174
847
89
1347
3039
3059
1144
166
2721
1198
3022
1381
1976
4482
2946
1934
1456
3512
2547
920
2592
279
1585
1907
2012
1061
1879
1517
2020
3309
1178
4288
757
558
716
408
3781
4448
839
1916
41
2823
2414
518
2123
403
1725
3447
963
837
2371
645
1137
379
2115
476
3083
4950
1090
565
4195
4593
3255
518
2677
3531
567
711
3049
963
4181
4019
2497
655
791
1562
891
168
156
3255
526
3101
931
228
1948
578
1248
1818
439
994
21
1095
2370
2461
1480
2608
3254
1307
612
2075
3088
2922
86
294
458
44
2266
3649
4854
61
502
2575
1061
1101
1966
3886
2759
887
1846
2212
1340
2600
1665
1428
3693
1704
1254
1755
1865
902
672
520
2469
1834
705
2741
2051
337
4251
986
3474
3167
1765
2283
2842
4532
1777
473
3560
825
2070
2858
94
1564
3447
315
1842
1339
2171
1916
795
800
4841
437
935
1944
714
1144
1201
4384
437
1695
2738
1451
4575
83
2202
720
2392
580
800
609
498
3245
1567
793
580
2617
4065
1824
2672
118
649
3583
1368
1496
913
2705
2172
2066
3693
1279
2032
3184
516
457
1055
876
1120
2992
2140
48
1452
1014
3005
1015
583
2345
3613
3494
750
508
1148
489
1053
1259
1024
1182
118
467
2801
3870
2711
1771
611
107
3253
3037
912
803
3070
1769
4232
4361
3225
1700
275
4203
141
2350
3274
963
703
675
239
315
1197
1606
2315
2276
659
1475
979
2084
1314
1359
1102
673
560
1566
93
2345
4575
1644
55
75
2677
1232
427
1874
2092
866
1205
308
410
2034
4175
1994
753
1123
43
191
3538
1165
1663
2854
3026
1125
2817
1509
401
1118
611
1976
4207
2844
66
1381
82
3026
2527
3056
68
453
1069
1998
358
2739
1492
3008
340
4032
1355
739
2590
1246
1195
3393
158
562
895
1751
2445
389
3481
2279
3754
1814
2996
4202
297
2682
267
1582
2853
1397
998
982
149
1191
1499
1236
3964
1615
330
40
3446
2626
2247
753
238
3202
2621
1793
2394
4071
2712
1549
952
2775
308
1601
1180
394
3551
1458
4051
3456
1068
647
2342
227
495
248
568
345
1019
414
109
3833
1073
4997
286
1580
3090
1558
2655
1704
3036
2572
2076
177
2823
493
3076
2121
4217
3652
2575
517
985
2035
3411
1852
687
2797
1325
711
3390
397
3050
2508
793
3944
66
3490
1412
3846
608
1999
1843
366
1827
984
2089
639
283
1749
489
1700
684
3207
4644
350
1493
2860
896
1807
490
2523
2971
1008
1972
2386
149
1797
918
1758
2595
786
2414
558
1758
1
839
479
1933
512
4952
2850
62
3724
3289
1177
1316
305
3275
4495
4444
2024
2786
1312
1538
3810
1985
965
2419
571
3295
2431
3980
1381
967
1993
1403
1423
3925
1027
1734
2723
3610
1633
188
693
1508
2274
350
371
686
2653
682
2097
1588
934
845
844
71
741
731
414
321
3113
2250
2771
451
1360
4370
244
3215
561
2889
1255
1809
2492
2961
4361
4679
365
781
1105
2559
1889
1217
120
2275
492
1691
3142
1682
407
431
1542
3561
1376
2607
1214
4052
775
1351
539
2993
1488
105
1474
2501
2310
1292
4858
1309
2378
948
575
2042
2762
487
1267
1801
365
142
2244
970
1052
482
1580
3992
2250
467
2722
462
720
3387
1461
1531
2871
786
3023
3663
3767
632
1314
902
2723
1669
2033
4430
1776
1432
3014
1670
1439
305
949
1849
793
389
3739
619
909
456
1085
1445
1813
1281
2111
3872
87
1412
982
69
1218
2109
3088
3831
1494
1367
371
2248
137
1768
1415
2514
401
923
1067
2519
1072
1103
1605
892
569
825
3509
4643
2461
1110
4103
706
3638
2023
328
39
964
3254
373
353
2321
997
905
4197
2648
3726
1351
3952
1568
637
2235
2467
1424
1706
635
353
4902
513
41
2368
2049
2448
328
3308
896
568
374
3887
2584
1307
2704
1205
1314
381
3907
2126
535
3672
1785
1253
581
3238
2264
41
4542
344
71
1977
2484
1224
757
222
34
277
1107
510
1643
1692
1843
544
3094
6
143
2484
2060
1447
2557
4566
1504
1456
3801
838
167
1038
2146
1092
2368
321
3558
504
1311
1111
1495
151
3633
3035
93
4004
2069
1048
4393
1138
438
1934
245
85
920
4552
4111
2180
4470
1213
504
1753
742
2322
2101
268
511
1071
2290
1021
3712
1975
1862
3870
1004
2835
4183
821
5026
676
1896
3580
3959
4140
459
3970
1102
155
3763
1637
2090
342
1814
2553
561
3994
2146
810
3351
962
1020
1855
2592
39
1015
1379
3536
466
2676
1314
2179
2254
131
1524
2646
1922
756
655
1214
3474
297
1808
931
3435
2197
1858
359
4457
637
2709
383
1660
2639
366
164
999
1299
1175
3658
138
701
940
1351
195
2125
1391
1774
133
3677
13
1336
1985
1505
1318
327
854
17
136
21
2201
771
933
1128
709
303
745
733
680
4250
1458
1112
754
2526
2076
4152
1540
1858
1314
1850
235
2700
353
3205
2718
1314
4177
373
2111
1086
129
1481
98
1501
3257
163
3305
2754
1261
992
2542
1379
1548
3964
2497
2195
1307
3697
1404
245
995
3164
4835
2211
615
1471
2096
2235
549
1564
763
1001
3418
2187
2109
248
1584
1375
34
746
1393
2328
2605
2125
383
257
1339
929
1428
338
448
2195
853
2380
222
2032
415
681
577
1466
2540
1907
2237
1076
1351
1004
3589
186
2266
1968
359
4036
252
2868
1203
683
2087
4012
1014
1768
4905
971
1529
2573
2949
2390
2067
1638
501
1634
3514
3383
108
2446
1431
812
1084
1430
128
331
1077
1826
1113
871
2109
1609
210
1394
2094
1980
745
3329
903
684
4186
2350
1447
1320
190
237
2384
2300
206
2594
3628
2884
2467
2823
461
1060
1619
533
165
2388
3152
1259
1389
188
3840
3958
3541
2084
2323
573
3748
3535
2244
2421
1252
1469
2319
2045
698
1004
3158
907
1594
1068
134
447
2773
2690
1575
1520
2237
2951
322
374
2620
645
1331
4073
219
1195
277
1114
5080
2460
401
2027
91
2296
1111
3442
495
3701
195
3716
1585
961
3637
691
978
33
689
1694
837
557
3023
1075
60
1510
4863
3168
1549
2274
309
1300
2319
2362
688
4078
2494
3735
434
807
2544
3034
3875
3282
457
891
2692
1848
1849
681
3879
834
1174
83
2100
1646
429
4615
2079
1734
332
1872
492
296
2264
1444
3134
815
4760
3699
1275
1641
1091
747
3008
1
1704
107
161
1884
509
1629
208
1523
3766
3330
1077
2354
693
820
915
246
307
410
557
2392
4076
1252
3403
70
998
1352
1251
2018
3285
3738
1859
3218
2224
3513
350
860
934
147
133
1551
1660
3129
1218
107
3504
726
2681
376
2139
611
1349
2233
3262
877
383
2061
2492
2912
3023
846
1323
993
1255
1525
2837
582
53
1475
3267
186
1094
2025
43
3461
6
299
707
346
411
829
1464
2919
1861
91
4299
2347
856
128
575
399
536
2090
451
353
272
2205
2154
3659
916
138
2709
721
499
869
3417
2746
680
3141
2133
1906
1882
1385
955
790
1168
174
687
2720
859
4395
2274
1982
425
2551
2985
1750
703
2072
576
1007
45
2543
1149
1669
296
2347
1345
285
1386
2374
251
4359
19
1757
4135
855
17
682
265
1896
1960
4100
3261
1854
1701
3103
3600
679
460
1723
2917
4483
1960
1648
3065
314
1764
2966
575
888
2112
1128
2896
3726
2595
3834
3888
3560
416
400
3340
2423
2841
1093
4405
1622
700
60
1693
3982
1393
508
1776
4216
584
3494
554
4040
733
492
612
833
3667
4900
2606
3706
4316
1534
2514
807
1631
2701
277
2229
1961
2962
4406
3284
3777
2957
674
1058
3013
770
2619
1308
1548
973
625
858
1198
2667
458
901
1517
1318
156
891
358
2454
3464
3366
839
184
1198
1277
2293
2412
1149
109
1600
261
368
4632
2798
2715
3927
561
1635
1764
2834
4763
2577
498
395
4424
3550
1240
1142
279
1013
549
1970
3286
2486
331
4133
108
2662
37
1488
1587
1904
549
166
598
2590
1504
796
4363
1204
306
117
899
2201
2387
507
634
2268
3403
81
473
2784
1928
4173
3951
1269
3432
164
1982
838
473
773
4139
834
612
366
501
2011
544
709
290
1888
394
3272
1823
146
1627
942
1037
1804
526
1134
4871
1352
3829
708
1684
3528
1500
205
1394
1248
1120
2636
1492
2266
881
1996
1580
937
4381
696
2505
2298
2808
326
2797
221
3376
2261
2540
3562
3072
1554
721
1226
3384
465
99
1555
2176
4794
2066
1931
561
1040
2765
2547
2986
46
1071
1125
1812
2395
3724
3213
120
199
879
2425
962
1382
2401
4136
2727
1422
1713
2692
2096
1022
610
2806
3372
226
228
1741
202
2374
1685
2254
3393
2645
1625
2030
1236
299
1515
110
2160
4083
41
3435
1105
1855
52
2738
1488
3715
3574
399
545
2955
877
432
1231
698
3886
1645
1229
918
1596
1383
3300
186
381
1253
4034
2646
1270
1174
3114
640
1764
945
671
3750
1189
159
703
2414
2280
353
2595
195
559
4289
4283
2041
345
3319
1945
64
1181
218
362
1432
324
1816
602
1270
2739
2464
82
2563
39
131
4718
3086
651
1542
183
2265
3027
222
1949
1882
772
1950
141
719
2361
3945
406
5022
549
3014
1202
332
1439
1744
3092
715
550
3194
747
1377
2289
1873
1834
1410
1708
4201
2675
90
157
3168
1798
736
2535
2856
1506
3248
1001
2540
166
2007
1693
556
735
3573
3687
2813
665
2694
14
1383
3979
584
2433
2630
2816
2004
2376
2871
896
4550
2320
2763
786
1863
3829
494
80
1774
1617
734
1342
3362
2356
1568
1370
869
2887
1070
1322
1814
225
1071
2961
1753
2272
1929
69
1967
430
2538
4199
1936
688
517
2758
2516
670
3287
282
1488
2031
3678
3456
2451
834
2550
803
585
3733
1512
4723
2009
1151
2553
3534
1058
3088
1585
1861
3135
87
4133
1100
2809
455
4453
1297
2153
2334
2938
3738
1233
4254
804
3108
673
921
415
2240
529
3669
519
792
2259
3004
385
318
3014
2694
2776
2506
256
663
1293
109
630
2541
2478
3112
1977
2717
2468
2316
2381
2576
95
573
2196
486
718
2920
1799
1910
774
1857
1087
457
3200
1071
3378
3208
1400
4118
2043
1611
74
1806
1874
4492
4082
224
822
1625
942
2285
4768
8
300
1298
220
2304
58
3072
2372
2543
4304
1573
2107
4023
2800
653
3846
476
2165
2800
512
3165
40
1330
321
1127
425
633
1103
1265
3535
1457
1806
2736
2387
297
2380
2535
997
1859
643
3484
1407
3090
1552
512
888
367
674
698
3009
2650
1540
638
2845
1346
842
2351
172
873
292
4242
954
1291
1117
1733
3251
3050
226
75
424
1709
332
1760
2556
4353
3808
546
1705
493
3945
335
314
1562
1497
229
1559
2066
961
2451
2510
2110
2077
3240
4860
1061
1386
2090
1094
1862
507
680
157
1269
786
6
720
98
973
1531
3195
159
2993
897
1247
649
1065
577
1173
3440
4759
418
4462
1105
3807
369
3433
1859
2653
5021
1441
4251
330
1276
3499
723
2245
2200
3998
812
1561
1657
3258
5096
1028
2282
1847
1827
9
194
63
655
1413
1272
4574
5006
1821
327
2437
202
754
1425
4190
402
2323
1154
2307
3511
2628
133
5092
296
1615
1190
1045
2473
2055
490
875
41
3968
2721
1389
3035
2030
345
1823
1632
2101
3114
2301
2094
36
952
504
1060
2723
2704
3153
703
4095
887
450
3358
1640
4582
1242
122
938
1565
4255
1226
641
2022
806
1870
1885
955
79
1679
1781
1175
783
3556
1647
3229
2583
1975
1736
1838
1367
761
3738
149
2531
3852
2926
4853
3853
2077
1983
556
2653
1734
4680
2358
2175
1768
2268
3045
1884
1616
1751
2870
1303
959
3282
1992
908
1546
2428
2558
2384
2394
2719
478
2646
2173
1543
1108
2371
1959
303
3876
1706
213
336
364
573
621
2858
3786
3802
725
93
2594
428
988
3770
533
917
1543
914
3080
1626
3226
2184
1097
2155
2011
85
3645
2648
2098
1286
4305
580
1172
1343
789
1133
543
1249
462
2183
953
161
1698
2025
1176
881
1608
2151
1495
1972
1538
94
390
1017
46
1168
3863
2985
3715
2828
2001
1946
809
1156
1140
2283
196
1319
351
269
3399
767
1961
248
1186
775
271
2645
2217
2020
379
1662
80
1083
4141
1636
1570
81
215
1114
11
1202
2685
271
2077
408
113
1296
4001
254
462
101
49
4322
1596
2043
2438
402
3580
3888
2741
3481
2652
257
3977
272
2291
335
3208
2448
3949
3125
170
4815
1281
1549
55
226
1797
228
723
3064
1319
2838
787
902
3524
2153
2037
620
2902
27
1997
4124
3321
1096
1948
147
488
3162
974
1536
3695
651
145
536
1363
865
2080
2212
3245
187
1872
3954
3466
15
761
1564
3899
2089
3946
2020
731
161
1356
45
2824
1185
1546
2274
4018
1560
4940
1771
4607
1547
281
3565
3644
1558
623
3531
808
394
1365
2797
1561
162
1623
518
3030
783
2290
3051
893
2183
283
1052
3034
2051
1816
809
667
4408
263
1509
1227
3879
4815
877
1100
3033
226
142
3258
2791
2621
2782
2421
2604
3340
22
1566
1644
4913
848
533
3577
803
701
294
689
2893
1043
2219
751
792
1843
3442
3179
3257
407
3387
1009
2417
4599
1935
796
4031
65
2990
4707
1052
2958
3314
690
3067
4434
2710
1909
1613
549
1069
3230
564
2533
2467
1451
2380
1041
3256
126
1200
1139
3943
1714
191
951
1672
2672
2053
1202
2786
2912
2028
3978
4460
890
237
54
3271
55
1452
763
795
2607
112
2974
113
297
2930
3076
4573
1636
388
1254
3112
2474
2276
133
2548
1132
1351
1368
3119
1005
314
2308
327
1859
577
2785
1234
2464
4866
2388
345
679
1024
1263
374
1562
3277
1165
1318
2509
2757
1728
124
834
512
2228
521
421
2307
2806
2330
2886
2295
2075
327
2624
1469
3220
389
6
1013
1958
644
76
2581
3892
387
2411
740
275
1966
563
2753
1771
515
4782
1688
1376
166
290
1687
734
645
303
1121
2183
3574
2331
2050
1093
2930
414
498
636
1372
2378
343
1186
938
566
671
1132
74
3081
2499
4097
1584
1139
1463
947
3159
2847
4750
1094
2796
1656
1832
2149
48
5
383
520
1585
5141
1781
655
2575
1370
2359
224
79
2543
1312
2081
1446
56
265
1039
183
2853
3050
510
265
2593
3383
3088
2921
2321
2808
742
8
3035
4408
2182
2666
2942
8
205
429
2946
675
2324
2473
2632
3767
927
1642
211
1427
2212
699
2078
232
2009
1668
3162
27
673
3937
1799
1759
3791
2167
820
2761
2956
1076
29
597
348
8
4836
283
2992
2456
1731
2864
1086
275
2173
2389
343
949
60
619
191
3390
3287
1124
514
618
70
2224
464
2309
2872
2712
1083
10
493
110
394
370
2329
4606
1325
308
1224
2402
744
1037
532
922
1742
203
3664
1836
2322
2071
4186
2379
2549
2870
1067
1327
520
323
266
396
459
283
3610
1600
959
3882
599
1192
334
1623
93
573
628
3526
3230
357
1782
1614
258
1561
1962
848
1824
932
2508
3245
2047
51
2943
3438
918
985
2857
1861
2545
792
2120
3016
4086
2312
2076
1318
2159
152
2278
2928
1195
1370
3728
366
407
262
1536
2822
3746
3769
234
2094
421
1615
1102
742
575
2997
719
1201
898
2327
1774
2678
691
779
449
2937
109
2757
412
233
653
821
388
1358
230
546
4675
78
1352
3361
2814
1579
2340
899
2142
3256
674
4457
1503
1669
1917
3608
4820
3748
764
433
3920
1966
468
1814
264
4114
1824
4415
2874
1838
458
643
2432
306
164
3503
914
1179
1776
368
3346
2518
196
3537
1023
1687
1557
2967
1771
2656
1649
4005
1893
3180
4494
147
94
4014
