3387
4276
1233
3845
4092
2114
4069
3295
3304
3812
5123
4431
4970
3662
3850
2667
4899
2518
2812
4839
487
2522
2059
1897
756
4253
4676
5138
3961
3832
1774
3939
4805
4324
3591
1250
4080
5047
1923
3540
2432
3793
3104
5107
4134
5195
4809
4495
1510
4964
3902
4095
3576
2595
4871
3324
851
4296
2784
2096
3449
3773
3358
1914
4597
3563
2637
4472
4452
542
3360
1957
4040
1463
2500
2932
2189
3914
4456
2149
4663
3918
3600
2097
3348
5075
4437
3704
2261
4972
3610
4146
3122
2768
3268
3344
1327
3870
3502
3359
1798
4048
2177
3761
2968
2893
4599
1712
2775
4946
4484
4990
4243
4899
3413
767
2709
4275
1886
2560
2484
4803
3413
2636
4172
3250
4531
3992
3493
4400
3208
5154
5063
3669
3630
3646
3949
4967
3954
2912
695
4166
674
2923
1197
4155
1116
5131
4156
4814
1518
4765
462
1927
3564
4900
2851
1018
5238
1404
4911
4408
3600
1489
3007
5056
2872
1501
1008
2094
2524
1823
4111
1804
2504
4177
4335
4567
5165
4113
4916
4746
2069
3736
4486
5036
3422
1627
4023
917
2684
5204
2746
3831
5088
3047
4006
4631
4935
4985
5115
2590
3028
4329
5102
1656
5111
3003
1682
4722
4536
2789
1235
3826
3274
3190
4491
5042
4892
3862
3712
5029
2269
3469
1412
4088
5148
2365
3088
4156
4343
4907
1026
3516
1235
1709
1267
3439
2581
4406
162
5046
3486
3216
5043
4383
2426
4125
2562
3183
4968
2451
1386
4946
4698
4185
817
4518
476
3043
4580
4599
4214
3867
1946
3264
3490
4022
4646
4999
5091
2915
4568
3156
4940
3219
4594
4907
5023
3884
5202
5094
2700
2853
4381
4442
4607
4152
3632
3227
3319
4549
4266
4888
5127
4965
3586
5007
4532
1302
5148
3900
4202
4678
2345
5012
4959
5156
4196
2081
1582
4983
4768
713
3757
2137
2373
3033
4947
4128
3834
3515
1036
2881
4907
2644
2924
2545
3836
4196
919
3569
3997
2750
2419
3376
2634
5173
4136
3396
4105
2034
4099
3631
3690
2167
2014
3927
3685
4756
3192
3465
4951
3510
5076
5224
3694
3655
3722
2774
4343
2299
5117
4955
2553
2409
4553
3930
3397
3351
3688
4194
4433
3825
1471
4707
2990
3986
5053
4157
2410
4524
2285
4775
3947
4805
4731
4213
2321
566
4073
2365
2766
4903
4762
1490
4281
2200
4915
3578
2288
4649
4173
3772
5023
4715
2668
1579
3577
2814
4613
3311
1074
4184
3179
4132
2772
5236
2676
4011
4397
5065
5129
3652
4260
3202
4499
2588
4998
4975
3532
3815
2162
974
4749
2302
1744
3169
4235
1878
3031
2242
3481
4130
4017
2494
2924
4614
381
5159
4322
2769
2039
3948
4419
4606
3545
2065
3655
2385
3368
3815
5039
2758
3922
2016
4871
3254
2923
4626
3826
3788
2414
2981
4392
4113
2926
3405
2982
4924
2360
1795
4191
3733
5021
3111
4181
3435
4170
4063
2391
4727
3653
4442
4540
3688
2485
4889
3027
5046
1258
2580
3672
1552
4731
2990
4301
5166
3260
4928
4952
5215
4906
2921
3749
892
1604
2552
1269
5125
1597
2708
1964
3294
2893
3760
4042
3719
4757
4358
3481
1715
3283
3308
5061
4225
3392
4162
4914
4715
2520
5241
1537
3325
5176
2086
2701
2419
5154
2250
693
4109
3662
4522
1127
1437
4111
4951
2349
3185
3235
3692
2865
4707
4273
4733
3665
4516
3624
1409
4060
3407
4283
4641
4706
3594
1060
2659
5122
3853
4897
5180
4790
4910
3815
5151
2974
4049
2718
664
3791
226
3638
3029
3523
2894
886
5090
3404
2612
4704
2824
2550
2937
1604
4188
2468
2410
5157
3051
1089
2818
3497
1769
2653
3611
4309
5175
5184
3324
2551
1190
2190
473
3247
3872
2100
3555
3370
5216
3676
3503
3793
3955
3450
1934
4065
2905
1001
3906
3827
4010
3064
2168
4122
4644
4821
4386
4683
4490
5071
1377
3993
4519
2828
2348
3840
2699
3627
4089
2892
4758
2116
4039
2734
3820
4675
1975
2745
4324
4359
2277
4306
3100
1816
4446
3625
2801
4800
4719
4284
2072
1856
2760
1604
1634
4756
4614
2240
2757
4269
5116
5052
4553
2105
897
2264
4286
4623
4708
3449
4434
4381
2218
5230
877
2291
4966
4364
3627
2918
1413
1029
2612
3512
2225
5009
3862
3066
4125
5203
4600
1217
1808
5057
1325
2824
5240
4648
4357
3370
4910
3605
4103
3858
2214
4137
1384
2024
4468
2116
3221
3961
3960
4431
1956
1874
4125
4507
3878
4746
3235
2467
2866
2737
834
4167
2148
3077
5212
4161
4668
1628
4893
1780
2842
4114
2700
4954
4495
3465
5104
4243
3723
5195
4749
5204
2924
4409
1344
1518
4041
4866
1464
5204
3018
4078
4661
2069
2780
1352
1523
1700
4208
4631
3533
345
4868
1613
2368
1896
5047
5070
2996
3551
5063
4533
4815
2645
3846
4799
700
3452
498
5018
4924
4340
5199
4261
3446
5034
3071
1222
2857
1739
5103
4359
4483
5007
3472
5224
4876
4852
2693
769
4120
4940
5003
2022
2251
3234
1456
3479
1289
2566
3842
4798
2198
2772
2814
4732
2893
2377
4248
4684
4210
3068
1833
851
2288
4297
3105
2940
3466
4089
4413
1215
5118
3300
4834
1430
4594
4459
3591
2729
4098
4273
4791
2782
3620
3866
3815
3476
5190
5092
3554
5160
4722
5050
3563
4078
1968
4645
3546
2541
2509
1927
5061
3359
4103
1907
4802
3039
1611
286
4648
2688
2397
4582
2290
3878
1451
4216
4552
4233
4550
1433
3609
4418
4198
3910
4315
2566
1675
3627
4298
1461
4276
5048
1590
5030
4656
4525
1377
3278
3195
3859
3847
2741
4211
2398
1724
4454
2093
3267
1720
5151
1351
4155
5113
1827
3114
3406
2020
5154
4540
3743
4876
4274
2863
2501
2557
4942
2432
1993
4838
4290
5213
4811
4733
3752
5166
3283
2170
3650
3999
1845
2135
3250
4612
3045
4312
3542
3966
3559
1777
506
991
4288
4354
4135
4499
4584
3238
2893
4733
3656
3496
4295
1903
4477
3628
1158
5195
4923
3521
695
2715
5062
2555
3609
4914
2843
4077
4822
2576
3676
1443
3407
4560
1990
3263
420
4850
1680
4871
4322
5125
4485
4448
1441
4227
4625
5121
4524
4029
2035
3774
4179
1120
1564
3936
5155
4766
2122
2743
4196
4488
2865
4202
2778
2067
1224
3044
1126
1868
2752
2063
4849
5155
1665
1237
2636
2315
4240
5119
4423
3915
842
2442
4910
2907
5047
4601
1519
2305
3712
4768
4861
2452
3045
1278
5209
3259
4819
4215
3772
4517
1461
3412
1250
4851
4842
3141
5177
4131
4832
403
3438
4250
4521
2862
2667
2987
3324
4493
3430
3525
5222
3770
4554
2903
3560
4019
5114
1481
3312
3633
2945
2116
3378
4137
5120
3272
5043
4568
5178
5183
3836
3013
2813
4257
3831
1026
2195
4487
5149
3248
2340
1202
1739
3117
4118
3170
4452
4793
3969
5098
5042
5117
2818
1139
3298
1838
4206
4203
1347
2872
2940
4804
3870
3706
3357
2291
4817
4469
1550
1159
1837
4131
3320
403
5108
1349
4197
3674
3177
1721
670
4842
5197
4854
4214
5175
2107
4561
1853
4568
3254
5084
4880
2001
3801
4247
4076
4991
5181
2693
2756
4477
2164
3800
3111
3568
5050
2484
3988
4029
1647
5085
2595
1685
5204
1573
4483
5016
2511
923
4179
5037
4790
1008
2819
3245
4016
4173
312
4163
2137
5235
4889
2063
1991
2379
4028
3892
2594
4497
446
224
2299
4513
5057
3723
4759
5109
3063
3589
2292
4691
4619
4259
4428
4663
3781
3946
4726
3823
2866
1561
4122
3861
3373
2467
3112
4031
4612
4716
4546
4952
3873
5212
5207
3627
4171
2824
3650
2589
2527
3992
3148
1018
3069
2049
4364
4968
3164
3279
3735
2472
2458
4623
3621
4928
3901
3802
1829
4523
2203
3222
4410
5078
4383
3463
4103
3863
2906
3001
4286
5169
3417
4096
3668
4466
2228
789
1377
3188
4584
5086
4040
1148
4997
4936
3139
3114
4365
2953
4816
4388
3937
2178
645
4747
2335
3921
2377
3553
1783
5180
5018
4147
1092
3442
4826
2050
2985
3467
2812
3754
2214
4999
2780
3161
5209
4319
2661
5083
3663
4039
3905
5175
4419
847
5143
4265
5111
3375
3626
3927
4188
3813
4970
4407
2680
4448
1445
1405
5111
4905
2867
2125
4273
4747
2352
383
2238
4757
3175
5086
2016
994
894
4838
5225
3906
3680
4517
830
4316
5186
4669
4325
3460
3807
4130
3757
3166
4847
2601
2174
3343
3154
4974
4651
2432
5124
4911
2741
2294
4181
1014
1400
2244
4425
3932
1043
3538
1508
3850
4847
4604
3896
3470
5021
5080
3472
3651
2735
3547
1459
1885
4389
4055
2195
5007
4585
1898
3811
3671
4452
2079
2599
1356
4482
1624
2232
3970
5203
4771
2629
3244
4610
3478
2408
5011
4392
2264
3901
3965
4362
4590
4936
3813
2439
3080
5186
3258
3364
2353
2533
133
4829
5230
4796
1279
1555
1382
3285
5132
3777
4255
5200
1071
3819
4556
4966
2931
1944
4959
5156
4527
4570
3200
3456
5010
1317
5124
3453
2688
3036
2102
3874
3421
4200
3434
5085
3758
1145
2331
408
3342
3899
4909
861
3700
3580
4641
4880
2799
3216
5005
4822
3527
3250
3237
4793
4759
2884
3625
2713
2789
2812
4723
4696
3488
2055
3040
4625
2506
4249
4615
3859
4095
3840
4692
4628
3227
3678
3947
725
1935
5044
2506
3136
4015
2816
2053
3757
3345
1749
2835
5167
5004
4160
1890
934
4567
4103
4912
3488
231
3294
4188
4782
3950
4290
2138
1527
2817
4170
3462
4648
3807
3737
3813
4822
4281
4662
1928
4113
5073
5186
4849
4367
1585
1222
2795
4107
1722
581
4736
4938
3249
2844
2829
4830
3369
4793
5148
3129
2775
3955
4221
5201
4262
2707
3083
4852
1833
4773
5154
2692
4325
3971
1979
4197
4932
4771
2496
3113
3564
510
2197
2381
2661
4172
5035
2084
3833
4401
3522
4127
4563
3954
4718
2289
3822
4139
4258
2384
1909
3793
4715
3815
2932
1620
4683
1603
4518
3984
2825
2227
2797
5069
4392
3705
761
4219
4129
4602
3185
3664
2985
2521
2649
3864
4440
5236
3097
4532
4159
2969
5092
4989
1666
1457
3018
1636
3266
4950
4551
2197
3553
3105
5085
1577
3825
3917
5065
963
3070
4789
1713
5072
3867
379
3640
4099
4383
4056
2598
2116
3818
1954
4112
5119
2899
2377
956
3444
2393
2349
1884
1416
1983
2710
3766
1508
1719
1316
590
2136
1818
3719
3835
5231
5172
2246
5227
4901
2558
943
3975
5117
1023
4468
5034
3361
4642
4712
4312
4238
4479
4563
3180
4560
2909
4177
4965
3293
4121
4003
4519
4010
3922
866
4891
4490
3117
4551
4722
3310
1626
5135
745
3107
2719
4087
5110
4091
3936
3484
2197
3973
5163
3864
3239
3038
3883
1572
4543
2686
4144
2453
3440
3569
3844
4351
4998
4726
4417
3986
4092
3727
4680
4921
2264
1734
4065
2623
2331
3173
1825
4790
1918
802
2447
3641
3784
3035
4750
1364
1770
4505
2041
5181
1674
1467
3035
1449
317
3549
5031
5157
4830
4517
2967
4986
3515
4136
2254
2692
3866
1611
4759
3063
1094
5114
877
5116
3879
4695
672
4496
5048
4698
3225
4163
4335
2605
3209
3422
2949
5197
1185
4631
5234
1084
1034
4249
4616
5110
4196
2496
4327
3313
4759
3403
3585
4620
2647
4390
4780
5096
4315
2143
5116
1553
4518
4271
691
3357
3919
4603
3273
4736
3201
544
2049
4902
4201
3549
3892
5221
2000
3820
2905
2622
3361
4936
5153
1779
3577
4910
5045
1746
4770
2099
4277
4395
2069
1646
4695
5117
3363
1633
4927
4021
4188
4703
1112
3779
1239
2047
2805
4772
2429
4015
3591
4468
1863
364
2894
4368
4681
3664
4798
4098
4691
5146
4374
3229
2193
2441
3152
5016
5182
3029
4152
4132
1752
4066
4088
5150
3209
3799
2362
4198
3262
5066
4012
4305
2027
5013
4942
5017
4001
4801
3927
2834
3621
5157
1221
5220
3009
4286
5188
1183
3786
4002
1773
4859
2382
5025
4715
4945
3364
4885
4867
4699
1506
4210
1632
5085
563
3706
5232
4723
4825
4960
1906
1493
3259
4275
3604
4873
2733
1281
4408
4522
3857
3496
4784
5077
4073
3119
4840
647
1228
2750
4966
3498
3548
3779
2159
1803
4568
2325
1754
4285
4329
3969
4679
4990
2304
1078
2688
1583
4395
3898
3115
5117
4851
5000
3831
4565
5065
3942
4006
2596
3694
4583
3594
3516
2315
1417
4805
5027
5197
4617
2933
2917
1612
323
4699
2959
4468
5014
2611
3868
4146
4288
3822
4863
4790
4939
3461
3865
3655
3756
4766
5049
1699
1138
1259
4873
1370
3741
1843
4890
2345
4812
3500
4865
4542
2183
502
1861
4857
2592
4098
4012
4344
5098
3756
3547
1704
1027
4051
1361
4378
2889
3400
5002
1723
2648
5095
2134
4869
3477
2144
5012
4889
2617
4888
3584
1689
3291
4831
5015
3782
5171
4909
4537
3337
2297
5160
2640
2420
4030
1262
3935
5133
4915
3480
4325
4640
2216
1890
1917
2515
4264
4908
5028
4376
5195
953
519
655
125
4625
5039
3700
3741
3947
2853
1561
2796
4652
4363
2212
691
2577
3285
2554
2904
5208
1273
1880
2296
5171
2102
4893
4576
3541
2875
823
4859
4981
3937
3889
4339
4337
2901
911
1537
2291
4331
4604
2451
2119
2106
3831
2416
5004
4114
1018
3320
4633
2781
1759
872
3189
3936
4117
2292
3064
3990
3215
3377
2240
4316
4652
4741
5078
4875
2027
4591
4210
3756
2779
4206
3329
4894
4389
3002
3296
3926
2750
2980
3002
4630
3862
3394
5042
4507
4237
236
5051
4501
702
4370
4165
3459
2020
4073
2527
1978
2496
1780
4031
1202
3089
3110
2073
4980
3167
2208
3739
3723
3060
5146
4812
2800
2917
4134
1163
4241
4539
4013
3794
4362
4804
453
1629
819
2447
1542
3269
1185
5141
2204
4875
2560
3176
1618
4414
5130
2453
3833
2995
2683
3733
2664
4811
4628
4194
5174
3868
3727
2929
4702
2585
1668
3290
4565
3147
1209
2917
4705
4255
2522
4530
4266
2467
4680
4853
2500
1558
3861
1217
1158
2466
4482
4469
5152
3359
3446
2457
4143
3980
4021
4140
3698
4939
648
3196
4783
4494
2520
4802
3820
2844
5112
4593
4624
3992
3017
1231
5192
3112
3799
5039
1062
346
3420
2023
1290
4204
3305
5232
4776
3915
2912
4786
800
3754
4542
3269
3872
2045
3892
5185
3631
2175
4483
3626
4866
1965
1643
797
4317
3850
3123
3479
3461
2745
2718
1334
3113
3111
3721
2686
4648
4977
2036
848
4407
1480
570
2500
5064
3111
2851
2931
5156
2811
2174
4657
4199
4365
3750
1980
1434
3762
4759
2210
2231
4289
5213
3161
3074
2382
2369
3715
4921
4371
979
1880
4049
2992
3532
4288
3628
4488
4929
3531
4691
2017
2400
4887
3861
3587
2556
4950
3535
4773
4146
5241
4175
2896
3328
1911
2615
4380
2274
4014
2745
1971
3912
2099
3127
3602
5240
5066
3925
3394
1699
4215
3269
3378
3896
4011
1247
5238
3533
4679
4630
4248
3312
4764
3524
2154
1937
3548
5089
1201
2156
4329
234
3879
4882
5196
3873
5081
3692
4241
3027
4688
4885
5214
2902
4802
2065
5102
2646
4131
3390
1173
3255
753
3559
2576
1843
4507
3294
2838
4363
2873
5036
3359
4794
4644
2554
1851
4680
2996
1755
4811
2598
3042
2829
3309
5068
1713
5051
3294
609
2958
4931
3944
4371
1737
1652
4952
2731
4307
4242
4223
4699
3022
4362
2031
5106
2376
4427
416
3968
4882
4944
2447
4384
4048
2369
4067
4068
4642
2957
4321
5150
4929
4210
1675
854
4332
3510
3294
5094
4017
3849
2817
3605
3141
4300
2002
2679
5201
4494
5215
3960
4675
4081
2361
742
4758
4964
2345
902
4104
2454
4417
1243
3399
1301
1097
1938
4365
3281
2871
5194
3401
2905
4399
2997
4317
2181
4995
2864
4744
4967
1234
2705
3489
1943
2708
3329
3298
4361
5076
3681
4331
3889
899
3933
4779
3036
3960
2050
637
3325
2152
4192
984
4794
3569
2152
4371
3302
4003
2145
1763
1615
4180
4308
3472
4695
3959
3769
4320
5130
4354
545
2638
3363
3925
2554
2740
527
4557
3612
2545
2909
1300
4841
4432
1169
5012
3117
4669
2972
4359
2538
2288
4794
3566
2337
4633
3145
2808
1921
3602
3244
3603
3936
4092
4945
5202
4907
3980
2183
3673
4551
2348
4044
3030
2805
2753
4891
1045
5119
4716
3897
1810
1939
3920
4602
3099
712
4964
4106
4050
5072
5092
2594
2656
1665
1278
3777
3713
4444
3533
4981
5108
821
4138
3961
4876
5024
4591
3361
4375
3168
3230
3765
4249
3319
3786
4835
4725
3126
1467
5206
2050
5021
4489
1783
1323
4865
1272
4585
4637
4032
2681
3288
4978
1664
4498
3758
3109
2967
2931
5207
1304
3327
5085
4270
2541
2041
3510
3789
3689
3942
1860
4610
5073
2510
4124
4594
834
2554
3331
3767
4850
4353
3988
1296
1430
2485
4895
4216
3588
1933
3351
3939
4649
4896
5186
3914
4019
4338
4753
3469
4224
3506
4392
4608
5109
4035
4351
4686
4557
5175
3832
5050
5219
5065
4944
3291
2390
2589
3546
4136
1906
3225
4401
2121
2622
5045
1814
5120
2486
4623
5134
3517
4418
2623
3482
4370
5231
4182
2486
5008
4469
4603
5239
5144
4515
5039
1821
4928
3711
1744
3701
4955
4189
342
4011
3959
1279
5224
5130
2818
3654
5159
4719
3970
2886
1071
4640
4483
4870
4741
1346
3723
3233
1524
4420
3418
4469
5117
4864
3900
4334
971
3118
4865
3297
2798
2349
3704
2081
2470
3189
3651
1586
3953
3575
4966
4622
2699
5007
2175
4532
4971
4723
5064
2709
3378
5121
1735
679
3901
4533
4069
3329
1981
2964
4041
3487
4302
4359
5061
4158
4095
3893
5217
2555
3518
3661
4382
3982
3936
4119
3099
3913
4066
4924
4558
3197
5012
4567
3153
5150
2015
4777
4298
2576
4240
3602
5174
4679
3970
4280
1982
3390
4963
2905
5145
4851
4980
5200
3497
3437
4357
5062
2702
3959
3912
5115
3209
1558
493
4513
2130
4696
4541
3714
3849
1923
3560
3446
4949
3166
2314
3527
3704
3488
4912
4449
3192
2491
3356
4248
3161
4986
4089
2951
2428
3988
3138
1472
5156
1866
182
4762
3681
3240
1159
3913
2034
4221
1729
2539
3518
4147
4681
2639
4890
4384
4329
4497
1368
2931
1678
341
4675
3211
4471
5129
4595
4941
4603
3655
4977
4038
3700
4033
1516
4298
2451
3803
3813
4234
695
5146
4522
3463
2427
4175
4665
3992
5007
4937
4231
5237
1274
384
4458
5173
3315
3459
3783
2804
4829
3965
4203
3470
3683
4484
4788
3126
4103
2919
4552
2629
4946
3849
3427
3978
4335
1880
2068
3972
3365
2596
4215
4641
4958
4729
378
3519
5129
5185
3754
3891
4886
3605
3772
2338
4750
3002
3747
4777
3820
1799
1736
4263
2733
4219
3363
3112
3440
2108
1049
3006
1891
3201
2407
5059
590
4260
3387
3743
4018
4979
1636
4780
4370
3259
2772
4997
3791
2538
1532
4654
4856
3700
4093
4623
2165
4529
4379
4753
1058
3775
2057
4494
1113
843
3433
4940
3525
4712
4261
2402
1917
2703
1787
2749
1218
5201
4946
1531
4380
514
3671
2347
4135
4007
4747
1513
5064
3530
4406
3573
2351
4044
1602
4552
2505
2852
5115
4371
4494
4652
4805
4660
1354
4361
2192
3599
3011
4912
4797
2329
4261
4892
3600
1244
4011
4671
4276
4051
3006
5122
4243
273
4139
3246
2354
2730
2658
2795
3538
3425
3420
4581
4429
4215
1727
5189
5129
2986
3985
1180
4101
3338
4228
4508
3990
4387
2676
2960
4179
2550
2186
4554
4857
1991
5077
5126
1641
2644
4721
3976
2034
4656
4165
3058
3829
3768
3720
4188
1807
4680
3730
2381
3030
2983
4552
4666
4172
4142
4017
4520
4428
1962
1805
4553
1763
3964
3372
4530
4548
3258
993
4311
206
2280
982
1387
4183
2037
4816
4838
2391
2307
2017
5136
3074
1733
912
5181
2157
4055
3769
4883
3695
4379
5040
4640
2821
4888
1078
4299
1248
5158
396
2776
3136
3004
3702
2902
538
3537
4996
4854
4118
2149
3158
3869
3798
2296
4535
4107
3263
4288
2168
3845
5004
1660
1364
3902
4927
4444
2888
1147
5023
3712
4993
2551
4166
976
4614
3647
3454
2888
1451
3639
2746
4646
1548
2727
2453
4403
3135
4349
1102
4147
4375
4896
4934
4706
3154
2288
4837
1304
5212
5004
2948
1645
3571
1715
3766
3583
2577
3622
4747
4576
4250
1028
4860
4532
3503
1127
3553
5075
5004
3180
3787
4414
2625
4101
4975
5048
4476
2675
4385
1571
4701
3241
3907
4084
4442
952
4324
4043
4553
1095
4773
3327
4651
3796
4261
4779
4796
3421
4430
5141
1974
2398
4136
3087
4878
3721
4587
3222
4344
2962
3859
3961
4684
3879
2491
2883
4569
4446
2606
4506
4164
1505
1356
3762
3042
4151
4840
3577
2647
4471
3707
2838
3238
1967
3209
4351
3634
2839
2493
1955
3458
1347
4969
4784
1816
4654
4453
3874
3635
2195
2734
3311
4930
1850
2054
4833
3058
2752
3756
4146
2836
2026
4564
4006
3544
465
2278
3424
4296
4388
967
4457
5077
3531
3600
4554
3459
3594
3673
4798
1045
4898
2532
1088
3346
4198
3866
1779
4068
5046
4874
4164
2295
3081
4646
5153
4889
4756
4311
2360
1715
1300
5184
3337
3017
4792
349
4797
1167
5047
3217
1729
4760
2726
3376
4072
4883
4856
2930
2956
5140
5187
4434
4456
4478
4515
4972
5107
2497
4943
4076
4005
3507
4848
3119
4226
3409
3980
2894
1871
3579
1556
5105
5154
3008
5158
2794
713
1593
5151
851
3388
3427
3683
2748
4937
2351
1131
3269
2653
4846
4686
3474
4142
4881
3780
3196
2398
2215
4688
1144
4594
3882
5108
2490
3518
3815
4722
3822
3345
4660
3662
3079
3833
3718
4997
5043
1299
4869
3861
4900
2123
1581
3633
3950
3946
5202
1902
3431
5075
4840
2296
4134
1108
5054
3272
5088
2985
3566
3010
4977
981
3611
4079
3805
1787
3985
643
884
2178
1490
2150
4570
3460
3685
3673
4351
5016
5112
3394
4636
665
5072
5048
2935
424
1994
4044
3717
3884
1032
3114
1297
2446
5194
2008
2799
2658
3879
5078
2624
4221
1157
4084
4006
2660
4087
2931
4739
2942
3380
4179
3625
3461
4840
5186
1425
4676
3515
3786
4988
2002
4643
4993
2404
4532
1995
2108
4433
3703
5216
4702
3620
4569
3915
4371
3470
3918
4842
2217
1105
4277
4846
3729
4362
388
2919
4967
3655
4673
2396
5063
4652
4233
2438
3883
2113
2774
914
2030
3642
1916
3026
4016
4522
3540
4140
556
3381
3149
777
4454
2611
4667
4210
288
3137
3429
3834
3379
4591
1524
4134
4856
4122
1275
4774
3931
1630
1217
400
5234
4395
1238
3063
5045
1408
2094
4209
4889
3750
5086
4157
3003
2647
2687
4692
3034
2688
4096
292
4219
2530
2232
4626
4002
2099
1825
5106
2228
4898
4993
3247
4857
906
1533
4077
4234
295
3542
1512
3346
1811
3887
3504
2419
4737
4972
5200
2474
3526
4659
5218
2097
5240
4744
4268
2116
4670
2242
4193
4298
4850
1606
5071
1322
4778
4421
3059
3694
3613
5107
4871
1949
1899
4660
3667
3908
4403
1559
1044
4118
2123
2135
2496
4935
5025
4352
4517
1741
2182
4924
4384
3288
3697
3952
4403
2074
4211
1186
3185
2768
4842
4936
5151
511
4945
3876
5018
5204
3322
3383
3722
4347
4918
1071
3140
3994
3796
5119
4133
4500
1041
4899
3413
3917
825
4705
5022
3511
3773
2223
4848
2704
5150
4364
4728
4485
2209
5129
191
1837
4441
4497
1930
3229
2557
4262
4836
4664
5146
5073
3511
4685
4774
1169
5148
4723
4619
2650
4468
4214
4237
4113
3704
2550
3433
3274
3496
4563
4284
3171
4118
2747
305
2657
830
2960
2662
4915
2527
5045
4684
2811
131
3771
3569
1688
2358
3702
2540
4954
4253
4139
4050
3490
3346
4719
4417
4703
1768
4971
4911
4058
3104
4849
3581
3606
582
3493
4248
5207
4906
4761
4079
1725
3601
2621
3422
4039
4849
4022
4345
2828
651
4081
4353
3089
5149
4986
4616
4886
2338
1325
3826
4968
4866
3646
4798
1724
4408
4979
4337
1790
4642
4028
4484
2682
3754
4804
5021
2216
3720
1713
3287
4258
4452
3630
3924
2419
4942
4229
5137
3980
2366
881
5209
2758
5140
5047
4809
2952
2383
4883
2985
3176
3155
1453
5154
4122
4176
3737
2901
5083
4407
4404
2324
5074
4189
4222
2068
3784
2940
2838
4259
3470
3235
2181
2610
2178
2012
2851
3495
3219
4075
698
2831
2437
4319
4057
4504
362
4951
3263
4069
3053
3488
3820
2492
4641
5034
4893
2368
4423
5217
4869
4026
2114
3186
2680
2879
3533
5017
4484
5169
3446
3172
1607
3609
4151
3031
4058
4913
4274
2962
4464
1942
4983
3430
5074
5007
2857
4533
4439
3283
1168
4845
3492
2945
4323
4887
3452
2058
3113
3908
4721
4347
4766
4890
3447
3975
3266
3444
3755
3987
3297
3322
4180
2445
4864
4314
4125
3959
3495
1707
1246
3409
3810
4126
3117
4286
153
3415
2568
3301
2642
4741
3720
4932
433
4661
4760
3683
3993
892
1787
5032
3248
2936
2318
3974
5237
4178
5216
4568
4074
3701
1173
2010
3058
4616
4701
4469
2886
3481
3690
5015
4936
4055
3677
3424
4892
2038
4698
1891
1900
3799
3437
4005
5012
3469
4436
1948
1823
4803
3910
3708
2929
4248
4421
2040
4111
1736
3454
1854
2329
2335
2926
2522
5221
4903
3638
3292
4569
3097
2789
3329
3421
2868
4977
4468
1735
813
3382
3014
2709
3813
4715
2822
4114
4625
1447
4973
1558
2150
1231
4121
5122
2637
3420
2151
4422
3486
319
3326
2847
5077
4141
5188
4394
4787
3432
4894
5059
3909
1927
2713
5220
2607
2954
4365
3465
3944
4670
3717
4256
1037
1952
5075
2673
2544
2626
4563
3320
4424
5057
2767
3727
1519
4924
4626
1247
5129
3886
4895
1607
4406
5007
917
3111
4544
5203
4889
268
4905
3526
5217
4310
4858
1715
2363
2752
3413
4287
1592
4791
4701
1420
4759
2738
5215
4100
717
2511
3165
4657
2658
4578
1973
4400
3945
2379
5097
1797
4830
5052
2369
4005
3484
3932
4745
2618
3218
4746
5199
2288
4967
2832
2587
2602
1622
3798
4080
3975
4646
2870
3133
5197
3672
4705
2727
4593
5200
4715
3690
1768
4725
3859
2604
3845
4966
3171
1431
332
5102
1963
2520
2010
5086
2848
5102
5200
4438
4252
4877
5109
3352
4350
4401
4039
3095
4417
4826
4772
1802
4014
260
3388
3232
4107
3225
4339
3174
4860
1331
3933
5161
2951
3717
430
4633
3796
3205
4973
3287
4796
5227
1728
4977
4756
4845
3614
3903
551
3531
3495
4977
4454
1522
994
4200
3149
4914
1091
2917
3949
4801
2746
3100
3971
5221
3112
4810
4370
4213
3387
4332
1165
4544
2493
4041
5042
2838
5014
2395
3222
3198
4260
3354
3355
1996
4075
4132
2822
862
4556
4714
4395
3873
4396
3314
4843
4500
2871
2335
4875
4193
1232
4735
4945
2122
3637
4582
1342
4815
3549
1307
3735
3988
5137
3574
3375
2518
4362
4744
3735
4207
2246
5114
3477
5217
5072
2854
3243
5235
2801
2982
4845
2938
1734
4323
2380
2683
4809
4962
4745
2971
4725
3892
867
4409
2469
3563
3766
5144
1680
4633
4201
4150
4773
4750
4770
5026
4324
4204
4223
3623
5007
2670
4049
3622
3919
1655
3411
4874
4994
2820
4719
4186
2252
778
2684
3879
4604
3530
3116
2928
1182
1510
5210
4759
3919
3765
2447
3226
4924
4505
4281
1769
2257
4564
2135
4420
2524
3557
3409
4670
2555
1884
2526
4886
4299
4683
3447
4181
1985
3380
530
927
4077
1024
393
5013
3090
2330
2472
3980
3845
4721
1980
4533
2425
1818
2292
4189
4421
4299
2292
4420
4032
4823
711
5147
5161
4061
1948
4918
5088
3464
2905
2199
2547
2257
3366
4131
1965
5037
4256
2981
4689
3607
4543
3491
3689
3837
4588
2746
2315
2292
1579
2609
3980
385
1430
3893
3485
5056
3446
3622
3635
4517
2997
4562
4452
2446
4169
2514
2482
5221
2299
3442
3765
5198
3686
3462
5163
4881
4760
3335
4854
2706
962
2684
4855
5098
3223
4310
5178
1849
4885
3652
3986
4280
4879
2995
3277
4025
4947
3317
2174
3013
2073
4822
3080
2358
3768
4142
2568
4792
4560
3359
2391
2487
4157
2737
3756
4557
1889
3803
3862
3933
4213
4323
3372
5078
3421
2843
253
1477
4340
4261
4389
3179
3972
3620
4642
2638
4887
3994
4363
4204
4108
5143
803
2390
4075
4130
3074
4517
3305
1803
5223
3776
1891
1248
4073
4798
3279
3163
5016
2532
1653
2299
5035
3969
3808
3589
1389
5186
4574
3840
4408
2572
5156
1805
3476
440
3388
5041
4389
4366
2927
2453
5169
4579
2595
1896
3788
3816
4012
3552
4655
4110
4509
1177
4046
1184
1334
2107
757
919
3156
4036
4090
2318
2882
2149
3163
4901
4905
2777
1679
5062
3643
4929
4228
3324
5084
3868
1798
1993
5003
1879
4434
1722
1415
2001
3721
3359
5054
3601
3267
2029
3196
2372
3389
4014
4040
4742
2211
3686
4972
976
3390
4160
5239
1814
1191
2778
2214
3080
4003
2576
4918
3569
1770
3539
4481
3058
4837
4469
4420
2403
3889
2055
2973
4933
4881
4774
2526
2111
3564
2131
3599
2113
2975
3789
1478
4156
2305
3495
3533
4807
3269
4394
1845
2954
5031
3939
5190
2112
4746
2683
3434
4258
2524
5164
4105
2030
3930
4534
1742
2088
4432
5069
4615
5149
4356
4090
2700
1747
3740
1423
2635
2773
1154
4889
4198
4116
1097
1801
2526
4130
3828
4069
2583
4976
4839
3414
3336
4139
2269
4930
2588
3905
1651
4621
460
5150
2739
3874
2782
3806
3296
4494
3255
2250
4521
4434
3837
4321
709
2528
4314
3700
4842
1800
1930
723
2020
2439
4312
4275
3842
4976
3204
5226
3003
4625
4837
2569
4313
4158
4254
2179
3594
3491
2406
1995
4076
1876
3675
4058
2026
4462
4389
2033
4673
2329
4726
2443
3712
4873
3817
5214
4994
3948
3420
3584
3769
4760
1533
2333
2628
2096
4043
1373
4556
5032
4518
2783
3417
5069
2261
4695
4372
4782
3241
4755
514
4684
4358
4402
4843
5190
3089
4400
3867
3480
3781
4458
4499
4829
4195
3479
3680
4478
1221
3491
4662
2626
2398
3357
4312
2201
5025
3225
4998
3618
2157
1711
4314
4133
1910
4636
4107
4118
3134
4040
4871
4645
2313
3674
3879
2553
3810
5071
4097
3194
439
2549
3824
3069
4271
4826
3148
1725
1353
4385
4124
4911
3508
3864
3059
3521
2674
4091
4509
4735
5163
2189
2812
848
4428
2136
3948
4811
3429
5085
4518
5041
3155
4824
4334
2704
2421
2221
5241
4841
3554
4860
2467
5043
4900
3835
3711
2684
5144
1355
4398
2740
3736
3189
4323
4010
2590
4404
4794
674
2616
5000
2478
4793
4240
929
3678
2175
5049
2827
4892
1441
3322
4849
2491
3580
1664
4699
2409
4807
2945
5120
4560
4667
2336
4991
2175
4400
4999
4920
3654
3975
3356
5101
791
4926
2421
4460
4844
5173
4881
4208
3219
3806
3709
4340
2274
1024
2412
3040
4973
4567
2466
4125
3338
3601
4557
4464
2662
4666
3572
2764
5180
4388
2626
3393
4056
3138
4993
3284
3831
5216
4947
4870
1383
2948
1805
565
3210
5033
3121
3724
3562
4349
3093
3847
5106
4198
4438
1998
912
4239
5170
1601
2173
2087
3249
4838
4975
3196
5169
1802
3291
3621
4588
2310
4328
3512
5106
704
4797
4016
4806
4289
4112
3272
4351
3835
2733
4606
3168
2982
3685
734
4470
3059
5019
4969
4778
4191
2608
5199
3632
3874
4343
4106
2709
4727
1671
4502
17
4917
2485
2105
847
3951
4095
5194
4318
3595
3019
5028
1830
2371
2412
4062
4535
4635
3368
4344
3456
5021
4633
2575
3130
3450
3496
2996
2642
2614
3148
4609
5064
2153
2542
3550
3983
2587
3321
3404
3771
4780
5028
2197
4400
2821
4249
3511
3843
821
3917
4336
2573
3548
1652
1498
2187
4314
4715
2588
3320
3096
4279
4931
4060
4817
2793
3388
3704
5196
4078
3248
4871
4815
2678
3486
3772
2016
3213
2812
4143
3477
4291
3747
2320
3800
3533
341
2938
2897
3566
1895
3855
1272
2631
3615
3529
3324
3968
4884
3548
3381
4329
3964
4264
2079
464
3730
1786
1745
2519
5087
918
5007
4030
4686
5241
3028
4657
3054
3768
3544
1128
1845
4580
4668
2789
4661
4533
2748
3652
626
5042
5201
4846
3616
3988
1784
4925
2175
5216
4840
463
1728
3493
4334
2198
4891
1551
3214
3872
2099
4015
2055
1147
4895
4526
5167
2600
2557
4454
3916
1781
3714
2915
2991
4336
3304
5236
4773
4643
4244
1646
4984
2591
4056
2650
4115
2668
2229
3619
3301
4501
5010
2122
2369
1538
5167
1042
4301
4389
2547
3244
3414
4679
1653
5166
4415
312
4727
4996
4843
3783
3540
4192
4979
2238
5079
4585
4381
2809
3514
5050
2494
2857
3207
4454
3560
4573
4508
4933
4604
2833
2711
4787
3682
3921
3694
2150
2336
2231
2794
3735
2617
4184
5217
4653
5193
4593
4172
2729
4489
4126
4315
2025
1787
2832
5092
3271
4263
1460
282
5171
1090
1224
4261
4082
3178
2636
4167
4478
1995
1718
3414
3352
4180
5120
2901
4290
4188
2496
3638
3666
4716
1886
3496
2769
3237
4298
3530
3044
4252
4565
1240
4536
961
3054
4022
4401
3559
5214
5008
2018
3352
3212
5130
3767
863
4056
1878
3484
4183
3602
4356
4597
5085
4555
3000
3041
4567
3491
4257
4679
3802
4286
4189
3088
2974
5170
5161
2886
1837
4089
2136
2922
4142
2277
2978
3913
123
4163
3228
3838
4320
5154
3807
3634
709
2991
2121
4698
5108
4380
4140
2936
4852
2728
5241
5209
2224
2849
5174
3868
2083
2044
3543
2281
5150
4909
2772
3339
2870
4263
2866
4247
4537
3501
2103
1133
3912
3747
3891
5039
2553
3693
3383
4610
2540
4877
2755
4908
1271
3402
2972
4009
3017
1083
4831
4675
2354
1659
1544
2674
4856
961
4495
5095
3229
2027
2316
4059
3453
4662
2854
2836
1679
1556
5225
3456
4536
3786
1994
5031
4712
4097
976
2308
3288
4545
1538
3019
3058
4527
5113
2092
2100
3805
2774
3552
3217
843
2743
5064
4746
3640
4492
3045
4221
4913
1789
4301
4904
3583
2515
2564
5031
4114
4191
5087
1668
3305
2180
5137
2638
4679
4653
4879
3793
3111
5168
5031
4716
2871
2654
5018
4629
4596
2475
4401
3828
2507
1459
2530
568
2002
3887
1431
1156
998
4564
4805
3278
4593
4848
1339
4263
3504
3402
4550
4382
5235
4824
4039
1063
4797
2565
4831
2635
4413
5229
4172
4903
4500
3030
1592
3497
5005
2707
4162
3444
1990
4579
2518
3661
1967
3204
4439
3561
2545
3657
4729
4369
2480
3564
2229
4326
5150
4824
3031
5209
4537
4344
3122
3310
2048
3404
2177
3718
3518
3568
4554
4802
1455
3461
4533
4426
3798
2662
1826
4229
4302
2061
3044
4593
4075
3887
4423
5122
3787
4432
3349
1953
2617
908
4152
4536
1764
1047
1358
3525
3206
5101
4286
1910
4272
5240
2785
231
5217
4432
265
4582
3554
4533
5013
1040
1705
4611
1696
4646
1703
3725
2923
5200
5067
4998
4297
4407
5124
3677
4494
2902
1736
2255
4286
4608
4932
3480
4629
2908
4083
3940
4815
2295
1134
3213
4343
5126
1297
2278
3617
2417
3962
3642
3038
1978
4031
4204
2455
989
4861
514
4008
4554
2200
4515
4566
4835
2900
2367
3094
4826
2205
3973
4288
1069
4305
2056
4791
4458
5203
2694
4839
3304
3456
4412
5041
4312
2782
4793
1076
4932
4952
2000
3886
5130
4053
3814
3011
2986
2647
3670
4366
1722
2282
4632
5076
5237
3585
4437
5213
3986
4656
2289
1205
3942
2881
4539
3045
3722
2910
3879
4171
755
3022
3660
4971
4065
4184
3063
3973
1580
4923
1355
3534
1987
4400
1483
3389
4071
3718
4287
4080
3570
927
3339
3643
1188
4018
652
4697
4556
4510
4154
3939
5206
4284
4811
3608
1172
4185
2523
4300
2967
4800
2234
2221
2675
2350
2532
4491
5091
4139
4292
4163
4188
1248
4140
4666
4738
5087
4395
1578
1662
2395
4355
4867
3646
2968
4533
3929
2325
4565
4463
5141
2345
5092
4451
5119
3912
4742
5026
4908
3716
4822
2783
558
3118
5120
4036
4352
5185
1152
3417
4108
3683
4928
4987
3314
5036
5181
5143
3831
4571
4793
3407
4906
5169
3562
4939
1726
2391
4588
3565
4767
3769
5182
1615
4374
1517
1383
4905
2098
1941
4447
3142
3126
1983
2069
3189
2835
4499
5209
1280
2201
5074
2718
4303
1332
3276
1301
4429
3026
4569
3684
4088
3544
1127
364
937
4196
3234
1654
4323
4302
4784
2759
4648
1800
4840
4631
4209
3325
1148
4543
3297
4593
3707
4626
5203
3521
3924
3212
4465
1747
2021
5219
4210
4735
4064
4976
3718
3062
2378
2329
2370
4433
1426
2872
4309
3218
108
3591
3224
4934
4599
4167
421
3544
3098
3068
3539
5161
3063
3961
4731
2522
4578
3014
4415
4343
3313
677
3268
5107
983
3485
1804
3598
1212
4836
3786
2567
4798
2027
3754
2693
5155
5070
2345
3940
2719
4286
5240
4586
1911
4721
2490
1127
1765
2112
3581
5001
3918
1991
4027
1813
3891
4818
3631
4627
3983
1811
3342
2794
3241
1938
4507
2670
4751
4858
4135
3963
4635
1956
2211
1249
3315
4305
915
4880
3438
4326
4539
364
4100
3470
2051
2327
1153
4768
4922
4571
4079
4508
1266
4797
4671
5019
4795
4235
3979
4564
5025
4619
4277
5161
4979
4330
3933
2081
3346
3561
3512
773
4385
1988
3702
4147
4599
4499
1912
3652
1985
3965
4854
3127
4725
4113
3737
3266
3510
1225
4414
2156
3851
3484
4352
4659
3418
4276
4443
4303
1466
3579
964
2271
4061
4274
4759
3313
2217
2713
4727
4882
2714
5210
2823
5046
4854
4739
2444
5029
2289
891
2618
4472
3917
3807
2927
2248
5029
5110
3619
4902
4805
2252
5104
5112
4312
2730
4089
4458
890
3240
3503
3409
3563
3769
4416
4717
3887
2680
4833
1512
4136
4545
4733
3957
5141
4626
3203
1747
3876
2172
2089
4144
3927
4545
3208
3027
3346
4376
3359
3894
4769
4259
3719
994
2849
1729
3865
2391
3765
4430
5159
3374
4100
4954
4430
2513
4933
3630
2158
2530
5193
4792
4210
5231
4081
4734
2450
2085
4046
4059
4934
3493
3540
4879
4839
2537
3958
4204
2439
2490
381
5160
3174
1973
1062
4119
5179
4916
2469
1408
5112
2487
2975
5220
5185
2419
2312
3374
3465
3203
3353
3997
5045
1757
3340
3061
1500
1269
4875
3716
5172
3693
4607
2346
4161
4145
4561
2098
4989
250
3229
3006
4360
5107
5167
3039
4782
2284
2499
3745
3848
4864
2968
2963
4794
3375
4683
828
2203
3927
3920
3398
2360
3702
2465
3052
3923
333
4114
3677
5215
4716
5045
4177
1586
4240
4959
2730
3241
4186
5144
3938
4784
5010
4231
875
2987
4283
4209
4682
3581
3309
5216
3553
634
4005
3349
2425
4272
2405
3197
2681
3828
3396
2230
4666
1274
4396
4924
2822
3908
4487
1716
4068
3870
2762
3272
4970
5080
3598
1717
3077
4542
5171
2304
1959
4583
5103
3792
2085
3910
3666
5233
4617
4824
1399
1670
3679
4717
5149
4837
3753
4054
4985
4065
4382
2257
2240
3100
2409
4783
942
3658
3203
4026
3794
5082
3370
2990
1886
3017
3090
4761
2866
1395
1223
1753
778
4401
2131
3274
4917
4634
4540
4913
4222
1969
2060
3299
4120
4770
3923
5128
4143
5004
3914
1260
2665
1738
4952
193
3668
3899
4066
3747
4520
1799
3871
1724
2375
2773
2806
3152
3709
2110
3757
2686
2493
521
1661
4253
2168
196
4373
2468
4630
551
4981
3106
3039
1936
4875
4525
4901
5181
4089
4698
5047
3853
3659
2350
4983
2583
2474
3376
1116
3856
4547
2863
4655
2717
1561
3793
2203
1065
3893
4059
3406
2701
3907
3973
2504
3737
4155
3988
2775
3414
4358
1685
4757
3940
4585
2692
4337
2789
3573
4229
5018
2151
355
3452
4969
1453
5045
4665
3490
1554
5043
2962
1019
5157
4973
2944
2457
2800
4317
3433
3919
3403
4830
2840
4514
3870
3772
2166
2504
3896
4557
3202
4064
2858
1490
3644
760
5052
3332
4353
4867
2263
2731
452
4548
3596
4758
2720
4958
1879
4118
4498
3328
3479
1388
4837
2500
3991
2332
5156
3477
4854
2972
4603
5196
3999
4328
3465
2574
5192
3726
3755
2908
1789
3201
4460
4211
4296
3909
2733
3275
3207
5052
4184
4938
4366
3633
3132
3543
1783
5237
4962
3817
3892
4677
2033
1816
4344
3628
5155
1073
4495
3248
3954
3812
4520
880
3525
3134
2343
2604
2136
5109
2642
3547
3587
4713
1403
1485
2178
2324
1248
3668
5051
3958
2779
5071
1477
2011
1870
1526
2729
2656
1427
3415
4138
2181
4592
3184
4946
4138
3926
2305
3161
4872
468
4723
4748
3839
4196
3383
4718
3932
3513
5127
3601
3681
3482
5044
2979
4536
4976
4389
2952
2277
4650
4139
3039
5230
3767
4667
2450
1735
2272
2039
4224
2058
3774
4213
3384
3041
4486
4252
2290
3556
2694
2750
4200
1273
4172
1339
2610
1159
3548
1892
3263
4016
3330
2108
4240
4810
4991
1015
1428
1585
2957
3942
3487
4156
4053
4367
4130
3151
1676
4550
5209
4554
2685
3513
1804
2575
359
753
5132
3344
2703
3223
3890
2800
4938
1943
2875
2978
1667
1737
3603
2400
4601
818
5220
2903
4310
3423
1522
3971
3208
3248
2343
5127
4618
4366
5111
3609
5015
2312
3038
2719
4282
4812
4435
306
4064
3217
3701
1190
3559
2763
770
4241
5006
2394
4586
4219
3821
4573
3929
3440
4605
4497
4650
2648
4480
2262
4524
4946
3303
2066
2780
5130
3817
2182
3717
3507
2303
2138
3210
2159
3913
2947
3062
2967
3287
4407
2046
3110
3074
4997
1692
1351
2567
3953
671
3439
3194
2278
4559
4647
5001
4072
3155
4917
1995
1861
2810
5102
4330
4714
4145
2185
4163
3208
4490
4702
2278
82
1667
5168
2627
3249
406
3783
4330
4204
3204
4008
4527
3984
3514
2492
797
4390
4408
3450
4703
2009
4057
4881
4865
4899
1708
2467
1350
4510
3864
4269
3691
4741
3513
4626
3384
3436
4713
5221
4529
4339
4685
4712
2890
2991
2506
3560
5109
5195
3463
5043
2908
4816
4313
1521
4659
2699
1757
266
4671
1909
1007
5113
4298
2532
3146
4958
4195
4360
2480
2701
898
1904
4303
3678
4495
4952
4567
3772
3834
2466
2577
4165
1018
1870
3750
3529
4761
2412
1346
3006
1025
1181
4715
3532
3533
4400
2570
4781
4905
4616
2004
2543
5097
773
4827
4875
4096
948
5057
3502
5126
3469
1681
3942
2737
1102
5196
1978
4084
3452
5211
3798
4892
5196
1943
3536
3492
3397
3143
4212
5002
4665
1828
2494
4190
4373
1572
5142
4825
3559
1374
1663
4522
1829
3547
3874
4734
3891
4991
4939
3224
3627
2711
5186
5040
3368
2285
3203
4361
2900
3639
4976
3042
1990
4163
4878
4981
3838
2204
2175
2403
5180
4689
4523
4563
4866
3452
3529
3403
4207
4962
4636
4580
5028
2598
5002
5208
3889
849
4088
5212
2971
2893
4453
2870
1914
4718
4876
4966
4110
4498
1819
5179
2941
2349
4975
3650
2025
95
3086
3455
4636
2474
2584
3719
4208
3741
4062
3302
4994
4521
484
3871
4173
4269
4952
4154
2806
1864
3807
4201
5157
3468
3905
5096
2530
3986
1520
4572
1563
3044
3808
4717
2956
4792
1163
3931
4694
5093
3887
4310
3932
1704
3151
1501
4650
1460
3805
4975
3997
3359
4469
3795
2055
4683
3192
2719
4367
3996
2285
2989
3750
5014
4266
4130
2939
2760
3990
1652
5229
3678
5028
3063
3332
4667
1766
2860
2905
3126
4428
5100
4426
3948
3980
1950
2249
4410
3813
3198
4477
2217
5127
4546
1974
4554
4923
1661
2726
3777
4183
5125
4635
4313
3889
4569
2547
3780
1815
4491
2570
3450
2467
3453
3784
3894
3987
4270
3304
3758
4710
2767
1036
4116
1785
4010
4755
3722
4472
5221
966
3130
4437
2044
1809
4672
3815
3060
5025
2401
4006
4880
1603
3716
3499
3648
4259
2364
4138
3113
4700
4845
5075
3012
2626
2890
5056
4468
5016
537
2347
2341
4380
5109
4238
3714
4992
5205
3375
2207
3549
5079
4991
2529
3596
2284
5222
5062
4996
5141
4912
4831
4095
4980
3551
3001
4419
2231
3474
4643
2798
3884
5079
1621
1384
2621
4730
4698
2852
5065
4343
5054
3943
3235
3808
1520
4446
5231
1597
401
3860
2540
3296
2672
4315
3636
3492
2324
5051
2623
2307
4875
2735
2128
1234
4943
2654
3336
2524
3926
4753
3055
3043
4578
4108
2890
4638
4663
3256
2855
752
2804
4783
4471
3571
4728
3715
1934
402
1151
3927
2554
935
2510
3231
4894
4259
2689
2189
4968
4531
4037
3689
3409
2224
3810
4927
4725
4907
5221
2805
3157
2048
5166
2745
4723
5037
3773
2811
1449
4150
4774
2484
550
2409
4751
4985
4784
4503
939
3250
5103
4492
1407
326
3914
1168
1424
4532
4505
3816
5065
3460
4547
2412
4975
5038
2566
2340
4350
3908
3984
3391
3097
5085
3937
2274
2801
4096
2350
1589
4509
1516
1940
1888
4476
4498
4310
2721
3305
2287
1594
1020
3912
4134
3147
4852
1943
2721
3836
1969
2634
4621
1291
3749
4238
4753
4297
3509
3594
5178
2591
5195
2483
3292
2114
3882
1761
3948
4240
3748
3952
5040
3922
5003
4939
3635
3574
4973
2286
4203
1657
4157
4486
4414
3896
5138
3191
3028
4126
4883
1039
1845
4153
5066
3846
3162
3813
4925
1922
2965
366
5229
4306
3977
3631
5159
1633
3893
2205
4991
3811
2671
3278
4609
2673
4448
3518
2719
2605
4095
2794
3763
2021
4676
2411
4740
3925
2627
2906
2158
2572
1428
5179
2041
4238
2406
3181
3490
3319
3500
4473
4934
4705
2092
1689
1521
4103
2031
4711
4041
2246
3581
1710
3273
4887
1022
4869
4783
3375
704
2114
2534
4997
4081
5080
4461
5120
4813
2926
2881
3553
2498
3979
3928
5148
4747
3063
1972
1919
4554
4991
3909
2893
4484
3832
815
3444
4937
5168
4554
4239
3938
900
4729
1110
1711
4121
4655
3907
4632
4386
4965
4687
5216
4516
4072
4474
4045
5201
4275
1864
3290
3334
5211
4945
4630
3964
5083
2072
4611
1099
3388
4024
4940
2899
4427
5058
5142
2902
4695
1389
3524
3632
4649
4845
3314
3176
2107
4564
5051
4884
2482
2684
2830
3183
4360
3650
1804
3688
5186
3559
5088
4511
4086
5218
4627
4461
3325
4907
3270
4613
5140
1994
3610
2436
4217
4623
1552
4946
3677
5178
5209
2936
4144
5040
3514
5202
2515
3679
3824
2633
5082
2271
2213
4433
5111
4572
2718
1139
5238
2216
2946
4941
4360
2724
3593
1009
5011
2442
4967
4412
4220
4775
2690
470
5035
2293
3603
4891
2756
4775
4402
561
3556
3574
1880
4837
2170
1712
5079
4014
4953
4045
4380
4696
1278
1243
4682
3123
1438
4347
4949
2741
1525
4607
4103
4148
1013
854
3547
3242
1428
4808
3387
3823
2562
1432
2036
2804
4817
5127
4762
2404
1605
983
2154
3945
3572
4160
2518
3919
4257
1770
4228
1866
4454
3361
3018
3627
4481
4426
3556
3526
3771
1707
3446
3787
4201
3028
2124
4912
4916
5008
2502
2837
5194
4683
2305
2840
3418
3708
4428
4395
4453
3125
4025
2597
1545
2867
3905
4908
2850
3634
3689
2777
5084
4802
4694
4944
3232
5145
5060
4128
4476
5135
2103
3998
4943
3538
1617
2210
4309
4108
4576
2270
4943
2109
3582
5111
4844
2793
391
3734
4491
4204
676
3571
3732
4675
2841
4267
4734
2298
4211
3364
1507
5060
4479
2889
4210
3042
2997
1882
1437
3234
5222
3213
5185
4626
2673
4942
3595
4858
4613
2854
2959
2828
2882
2870
3124
1976
4499
2559
2342
2933
2594
4872
2533
1747
4926
2684
4936
3880
4454
4985
3461
3489
1381
1083
4345
4361
2051
1971
4688
1501
4249
4503
3363
3469
329
3398
4767
3398
4203
4455
4704
3633
4802
4078
3318
4966
4309
4469
3542
1536
2253
480
4699
2662
4193
446
5105
4671
3693
988
4570
4189
1225
1057
4275
2555
2779
4616
1256
981
3884
4885
5111
5183
3750
3080
4939
3215
3091
1491
1740
5170
1995
497
4822
4255
4381
3486
1433
3982
3424
2919
4598
4252
1348
4051
1363
3553
4609
5151
1989
3584
2040
2235
2854
3908
2618
3602
2952
5004
3048
995
4191
4339
4220
3359
4575
5203
5158
3330
3204
3120
385
924
4718
1001
4955
3042
1239
1607
2507
1557
3097
3813
1428
3942
3835
4221
3434
3094
5116
225
3293
4201
1449
4763
2414
2923
4483
3897
4255
3674
3391
4452
1566
3458
3642
4839
5120
4771
3644
2738
4877
4163
2501
3786
5169
2997
4849
2355
2356
772
5174
4450
4936
4821
4003
4379
5043
1350
1373
4979
3436
5177
1333
4042
4080
3324
1492
945
2747
4040
1274
3110
4124
1347
5012
4309
2557
4349
5131
5144
5086
1623
3323
3796
5225
2032
3533
4715
2986
3927
1875
4642
4981
4113
5144
1230
4312
4811
1847
2971
4277
2740
5233
2106
4057
2631
3247
5129
4620
3661
2713
4901
3048
5038
3041
4734
4754
3745
2844
2022
3832
3678
3983
4321
2406
3126
4653
4229
4001
3718
5024
4799
3518
4913
4913
4348
4984
2172
1369
1918
1464
3782
4006
4601
1984
4284
3961
4269
5235
3015
3946
3360
792
2885
4596
4187
5017
4122
1413
3215
2900
4515
4474
3621
4905
5114
1405
1591
3054
1064
3380
2274
3862
1821
3600
1119
3161
539
305
5236
4358
3162
5142
2415
61
5042
4857
2904
4204
1750
4330
4183
3743
4777
4881
2835
1297
5026
784
4644
4341
1821
4697
4365
1994
3308
3308
2306
3466
2595
5196
4323
1898
4091
4624
1149
4008
1066
3894
4184
1594
2698
4863
4758
3685
2756
2972
4618
2388
4664
3324
4288
5071
4795
4581
3716
3805
4246
2598
916
4220
4945
1161
5079
3037
419
4468
3272
4971
3952
1810
1623
4364
843
2385
5135
5101
2696
3057
3256
4642
593
1882
3692
1985
557
2682
3671
4372
2148
4200
5096
4875
5174
4673
3452
3232
3062
3707
3716
5145
1532
4506
4693
2177
4780
4711
4797
4892
2959
3232
2917
4808
3801
3660
4449
4078
4256
4312
1834
3663
2661
4472
5167
3921
1539
2490
3568
2660
3100
4560
2071
2965
3383
4843
2268
3571
4079
2699
4076
4719
4464
3724
5226
1853
2584
5025
4225
2508
3981
3694
5205
2843
4067
3955
3408
3407
839
5129
3938
1428
2511
569
4104
2494
3331
3242
1319
3910
2967
4723
3042
5231
4854
3764
5080
565
2311
4172
3632
3708
2762
2586
3985
2834
2058
2956
3678
4899
4638
1470
4756
2187
4100
3851
2533
3567
3371
998
3250
4379
4660
2124
1986
1346
5170
2439
1671
4147
4532
2350
4425
4635
4746
3171
4291
4520
3590
2240
2763
3470
2289
3196
1232
3185
4312
4162
3378
4712
2818
4061
1075
4533
3979
3225
3192
4656
4441
4042
4051
3295
1864
3854
3931
1800
262
2345
3074
2635
2215
3877
3048
4568
3430
2974
4015
3091
5169
4801
946
3678
2443
5050
4702
2463
312
4973
4998
3396
3368
1809
2227
3029
5219
894
2042
4263
3052
3739
2507
3692
4699
2111
1995
4822
3579
4160
1771
3995
2130
3967
1666
2955
4103
3856
4903
4737
3730
4466
4865
2150
3649
4595
4808
2334
3228
4275
4560
5097
2897
3470
3946
4858
1784
2661
2460
3261
4243
5067
1293
2563
1266
3166
4718
790
3409
4568
2190
5024
4520
4913
3130
5143
489
3316
997
457
3040
3206
4535
2243
1686
3147
3806
2031
2134
5212
5181
2644
866
3988
3070
4635
856
2620
4265
3282
1221
3164
3670
4886
5071
3290
1486
1331
4198
1001
4998
4392
3511
3662
4501
3522
1047
3968
2109
1751
3213
4254
4991
480
4741
4229
3349
965
2662
5031
5021
3418
5097
4503
2862
4632
5134
1180
2530
4606
2608
2944
3117
3915
4500
4837
2466
2238
4462
5240
4500
4908
2800
1374
4806
2904
1899
3280
1724
2486
1529
2013
2190
3915
2631
4972
4204
2266
4912
4446
5051
3951
5240
1257
5192
3970
3985
1345
627
4875
4931
4721
5033
3568
2673
3697
4753
4598
2701
3620
4036
4351
2632
3908
2710
4251
4730
4043
2048
2828
4967
4877
4236
1443
3865
4411
2709
793
3988
4739
1360
2315
3229
3041
1640
1920
986
3678
2924
2230
4824
1473
4001
2835
2928
2495
2571
3611
3693
3875
2522
3753
3373
2676
4484
5196
3069
1373
3866
3329
3706
4284
4029
4605
4925
3069
3948
3171
4981
4552
4523
3459
3592
2848
738
1305
5103
1676
4962
4045
3037
2142
4655
4744
4011
2986
3695
4472
1869
2483
4278
3583
2444
4871
4825
5050
2300
1420
3745
3787
4689
1372
1560
819
3544
2852
3313
3047
4918
4416
3663
4805
3588
2390
3744
4047
4341
3916
2318
4573
2061
4941
5061
3608
4740
4318
2861
1486
3177
3340
4978
2772
4221
4564
2374
3676
3936
1649
1777
3631
4701
4077
384
4278
754
2948
4266
4677
5224
4982
614
4599
4704
3533
3413
4182
3233
2123
3865
3115
2882
3075
4289
3983
4825
2727
4821
2629
1611
3026
2833
5083
4593
3277
2478
4759
2877
4053
4132
2015
4324
3924
4840
2704
4484
2631
5126
3509
5026
3356
4517
4158
4451
3374
1062
5159
3554
5000
3422
2352
5162
2610
5160
1325
5053
5234
2125
4917
3879
2032
1617
3976
4975
2193
2557
2986
3810
4929
3899
4833
1288
4732
1601
3248
1589
4176
1589
3927
2915
720
959
3172
4019
2324
1234
4298
2866
2068
2655
4873
5221
5146
4462
2666
2722
2326
4976
4628
3781
3589
3461
4129
4755
941
5144
4793
2932
3509
4928
3837
2458
3826
3150
4127
3703
4786
3424
3099
3561
4717
2897
5182
5160
1827
4791
4246
3339
392
3388
5105
3303
2478
4291
5131
4212
2944
3726
3236
3536
3726
3844
3405
4033
3968
4855
3536
5079
495
3170
4995
4869
5150
3661
2906
2484
4389
2358
4594
1982
4068
4851
4494
2560
4550
3220
4812
3765
4419
1919
3847
4215
4584
3713
3819
3480
3652
2312
1832
4834
3707
4735
2577
4244
1948
3352
5218
3878
3943
1474
2475
5194
2573
3471
580
3048
3508
3114
4109
3910
4713
1464
706
4870
5051
1715
3118
2838
4914
4268
4326
4251
4979
4636
2842
4985
1878
3475
4571
4687
4515
3149
3425
2119
3247
4620
1917
4954
3019
905
2860
1339
3387
5007
2512
4868
4137
5127
1479
2202
2066
3246
182
3535
3673
4559
3210
3888
3304
5189
5043
5002
3126
2237
5062
4228
412
4847
2409
4686
4973
4897
4576
4792
5061
5230
2941
1058
4265
3938
2264
2719
2821
2138
4025
3418
3238
2860
3748
2841
2947
3594
1568
4922
1607
1794
4612
2603
1327
5172
4131
3877
2496
3748
3227
5115
4597
3568
1330
5090
4894
1967
267
4659
2317
2127
3562
3351
3467
4980
4966
1432
4747
4166
5102
3037
4407
2761
1113
5008
5171
4419
4316
4134
5092
4396
143
2939
4669
3309
2916
3640
5054
1142
2994
4365
3424
4016
2771
4460
3419
1299
3702
1311
4956
4922
2588
2780
3993
3084
3459
1987
2849
315
4351
1977
4307
4992
2606
4938
3585
3845
1984
617
3799
2940
3071
3395
4407
4796
1090
5124
3991
2685
2186
5068
2563
5096
2615
3334
4252
2229
4111
4214
5239
4093
1200
4571
2400
4025
2491
3460
3738
5240
3928
3926
4885
4791
4467
4045
3309
985
2567
2208
1438
4665
2013
4186
5065
4996
1822
3711
3894
2549
5069
4098
4032
4476
4355
2802
959
3339
3436
4791
2441
1070
5229
4246
3276
963
4151
2559
3350
1253
3538
3108
3897
1015
1525
5188
3383
4052
4034
4977
5162
3779
4441
2884
2092
2534
4422
4654
2444
1071
5004
4339
4434
2206
5128
2969
2947
681
4172
994
4714
4622
4800
1951
3516
1831
3757
3387
2131
2941
4384
3300
5183
2729
3359
4813
4403
378
5023
3199
4695
1902
3904
4043
903
3799
1864
5074
2396
4384
3854
2062
2959
3980
1918
4884
5114
1967
3103
4225
3880
1642
4755
3726
3793
5232
3425
4053
3471
3926
2377
1262
2597
4571
1376
3455
4125
3235
4024
2599
3643
4295
2472
1999
3751
3863
4182
4222
2069
4856
916
1341
4520
2976
2664
3425
3320
2199
5088
2332
3589
4509
4546
3128
3939
4933
2405
4830
4428
4796
4241
3227
3030
4965
1359
4113
3665
4067
3053
2982
4250
4305
2911
4684
2763
2740
3773
4583
2052
4555
4045
3958
2261
4811
4271
4435
4273
4016
1642
5178
4131
2869
2966
3956
1698
4910
3664
914
4462
2682
1201
2963
2768
3679
552
3201
3914
2581
1862
4917
2850
4538
3812
2680
3609
4670
2680
3800
4976
811
2389
3682
4778
4057
4729
5101
2220
4963
5025
2365
2091
3091
4904
2418
3374
5147
4657
5139
4258
5020
4913
522
3224
5227
3870
3514
3299
4246
2358
4027
3980
3663
3958
3580
4770
3308
3202
4830
4010
3360
4740
3766
3696
1054
4852
4886
4113
2749
2549
5159
3048
3881
3165
4576
2865
4117
3723
5019
1283
2554
5225
1589
3424
3931
2551
2968
1502
4936
2770
2247
4362
2194
3911
3836
3134
1413
4664
5050
3487
3127
4646
5142
4304
2864
3263
2649
809
3268
4967
1653
4218
4727
2285
1333
4248
5080
1939
4630
961
3470
3633
5053
3927
3894
4484
261
1740
794
2909
4160
2588
2158
5032
1590
4307
3978
4362
3696
3536
3200
5007
3773
2950
3944
4835
1087
3065
1612
1389
3080
2909
3401
2768
4991
4187
2787
3060
4095
4602
5027
4446
1671
3500
3625
4711
2875
2239
2640
5053
2427
1323
2996
5005
2637
3184
4935
1251
4966
3715
4499
1657
487
2483
3917
4092
3600
4947
2816
4504
4507
2026
2230
1771
3829
774
2330
4611
5107
3569
1628
3784
2746
3780
2408
3400
1511
5193
3413
3804
5141
2539
2989
3534
3753
4946
4020
4129
5176
2302
1226
3191
3498
3137
2394
3617
4308
1290
3741
4595
3498
648
2394
4437
4104
4093
4183
3393
3694
3878
4253
4839
4539
5037
1880
5107
2480
4775
4837
1466
3590
3883
2612
2075
4108
3862
5151
1931
3098
4152
3112
1797
3420
4792
3497
3461
3825
3705
4909
2007
2062
3816
4871
3347
4442
906
2772
5173
3173
4342
4230
2875
3638
4030
5173
4562
2733
5018
4600
1907
3828
4467
1359
1260
3547
4386
4882
4435
5062
5113
4244
2652
1346
4956
1975
1971
3073
2511
4571
2300
4487
4432
2024
4204
5163
4605
3266
3969
815
1903
2186
3463
3963
4423
5059
1120
4559
4041
2697
2121
1931
4626
4016
5088
3408
3436
4046
3002
3511
3902
1802
5051
1151
2102
4818
4092
1762
1971
3475
3436
5200
1055
4925
4855
4849
5222
4025
1102
2514
1973
3559
3254
2377
2832
3273
1909
4160
2358
3751
5230
2351
1764
2690
3419
5200
4478
2410
1651
2779
3437
4550
5141
4860
993
956
5031
4872
1498
3388
3893
4722
3361
4428
4535
696
4593
4140
4440
3133
5121
4734
1514
1713
4853
2839
4605
3589
5051
4450
3940
4495
2949
4041
3056
773
4560
2084
4979
2928
3029
320
3977
4058
1545
5081
2484
3453
2743
4780
4392
3328
4908
3236
4890
3670
4068
3712
3619
3226
4914
5019
2012
771
4719
3080
3072
3626
3450
5070
2799
1397
4723
3290
2031
5073
474
3006
3272
5156
3817
1749
4766
1061
3715
3287
4622
2880
5039
3946
4854
3647
3916
3481
4023
4768
4260
5005
2468
1593
4954
2421
2735
4368
5117
2339
5058
3704
5182
4927
5217
3221
356
5131
5031
4449
4863
4659
3838
4166
4388
2935
4526
3494
4403
4787
2586
3892
1178
3316
3196
3405
3565
2602
5029
745
3421
1058
5146
4398
5074
3458
1490
4761
1988
4371
4020
4808
2082
5163
3739
2678
2971
4849
4540
4090
3269
4651
1478
1339
1774
2586
3337
4959
4128
3769
3403
2248
2775
2759
3431
2962
2467
4501
3479
3683
3736
3662
4845
4243
3751
4446
2884
3531
2773
4461
3829
3360
4194
3846
1850
4719
1726
4746
3990
2484
4540
4705
2048
4937
2230
4018
2677
3674
4839
853
5037
4983
1994
1082
4327
1236
1500
413
4948
1288
4338
5167
4040
2608
4590
5035
4202
5078
3498
4730
1677
1548
5058
4458
4802
5092
4009
3545
1080
1694
4174
2494
5052
3960
1634
3641
4589
3388
2406
4006
3782
1867
4398
3339
1436
4125
3957
2903
1797
4822
3348
1501
1339
4665
4106
4118
4623
2270
551
1030
4964
5062
5068
588
4700
5234
2199
5054
4270
4636
4976
2301
4958
2780
2598
4108
4581
2458
4714
3274
2329
4129
3973
2566
981
4146
2601
4730
2180
2934
2964
4801
4555
5151
4325
4792
3894
3022
4465
4665
4525
1563
4987
2019
3554
3965
2221
1773
3692
4356
2052
2735
4881
3640
1589
3701
4945
607
3401
4398
1274
4184
4276
4946
2969
3786
4122
4622
5199
1268
4404
3700
3505
4779
3051
3764
3027
3673
4265
2506
4673
3826
4626
2057
2928
3844
1171
4053
4632
4182
2156
4766
3728
2937
4545
2307
3203
3784
1836
2410
4603
2548
1934
4854
3945
1215
4815
2185
4330
1274
1849
3174
4691
4874
1991
5087
1955
5067
3338
4998
4287
2962
2107
4272
4284
4614
3481
3404
1730
3023
3910
4032
1843
3513
4188
2845
4309
5177
3306
2043
3416
5010
486
2510
4753
3433
3843
1924
3093
2705
4001
3346
3822
2492
4324
2280
1493
4061
5143
4536
1806
1756
4267
2294
3103
2517
5100
2567
1162
4633
5104
3409
1995
3061
3032
4209
4505
3405
2652
4771
4476
4704
3065
2380
470
2587
4350
2502
2502
3180
3457
2356
3874
3149
5154
3933
3085
3202
4901
3068
2089
3118
1985
3425
4630
3353
4246
3718
1746
3747
2198
4033
5051
4997
4269
4940
2998
1233
2818
3388
4639
4598
4801
3873
3875
2286
4162
1206
4500
2495
5107
3905
4027
4222
2618
4769
2729
3007
3619
3185
1241
1806
583
1936
3373
5235
4752
4506
367
4602
3654
3169
3119
2438
3691
4249
5016
3350
4962
4457
4885
4830
1127
4400
1983
3492
4555
4319
5174
1701
4658
3685
4044
2472
4941
4761
3151
4496
2754
776
1533
4040
3380
4515
4586
5139
4030
2091
4027
1694
3832
2090
3912
4003
2596
2788
3134
4624
3079
4398
4457
3792
4167
4335
4767
4564
5191
4331
3331
4608
1475
3176
5159
4458
4977
3559
1475
5004
4240
5232
5188
4101
4625
3937
2857
2655
2809
4771
4966
3001
354
4066
5166
4057
1277
4217
5070
5221
3331
4330
1259
3445
5120
2896
3949
3440
3706
3006
328
3474
1668
4062
2869
2160
3614
659
4338
1581
3434
3354
4966
1365
5054
2942
1292
4742
3650
4254
3882
4359
3486
4887
4808
4039
3591
3605
3508
4006
4150
3001
4233
2040
4675
2619
4413
1815
2948
3871
2040
3228
4385
1236
2454
3107
5036
1856
2996
5166
4838
4905
3642
1370
1343
4938
1540
4286
2183
1733
2664
3716
1733
3944
3700
4104
1360
3306
2745
3313
5169
2443
5050
1932
4310
4202
3273
2512
4447
3790
5192
4787
5018
970
3758
4935
2563
4915
4721
877
2453
3534
4211
4329
2104
3542
1996
3275
3629
2717
5132
2327
5012
3383
4864
1144
5033
3384
1097
3035
2728
3590
3648
5078
3373
2801
3304
4099
4670
3062
3615
3574
2356
3387
3522
4015
1054
3145
4546
2823
4663
3172
661
4239
2866
3047
4631
3453
5040
4650
1697
4771
3921
3901
1848
5195
1661
3551
5024
3436
4966
4169
5198
4916
4775
2115
4527
3961
2673
1477
3701
5210
2810
2938
2970
1866
2565
5111
2993
3997
4945
2784
3301
4092
577
4858
2190
4936
4032
4756
5139
460
2896
3275
4894
4293
3350
1993
1024
3671
4932
4792
3924
2760
3355
3381
1836
5042
5111
2898
4373
4250
1680
3858
4650
1149
3187
2912
3706
3106
1526
5194
1894
3744
4202
4315
4768
4341
5017
4428
4325
4241
2764
2607
4094
765
3184
5131
3014
153
4745
4445
4221
4934
4361
987
616
2106
3907
2744
4588
4940
3246
2021
3249
4955
2560
1803
4787
3552
4138
1523
4759
2433
3278
4606
3509
1853
3725
5045
4929
2002
1962
1027
1178
3750
3639
4213
3303
4589
1355
3178
987
2864
4187
4136
2417
2827
5158
2286
4461
4631
2241
1244
3867
3115
1903
4307
4635
5117
5236
3991
3101
5131
1870
3669
3586
2284
4159
4442
3546
5123
2109
3126
2849
4832
3272
1692
4658
4587
3742
4659
2242
4849
3241
2817
3053
4481
1338
4469
4788
2725
1935
4938
3552
4780
5046
1764
3467
4422
4350
5055
2205
3843
4304
4724
5026
2831
4141
2543
4064
4571
4298
2307
1795
4062
2643
1806
4698
4299
4066
3624
2856
2969
5084
3286
5174
1387
3105
4303
2208
4156
4764
2415
3781
4073
3126
3840
4314
3001
4047
3912
4067
4991
3830
2980
4713
2615
4032
3568
5234
3839
3631
1275
2754
3290
2386
5174
4339
3211
1379
4681
1876
3888
2736
4214
4889
4679
1659
4915
3619
4468
1900
4028
2937
4135
3356
3661
2504
3615
2721
1808
3430
4996
1221
4506
2961
4012
5234
776
5021
4917
2272
3115
4145
4203
2325
5207
4834
4102
4769
2722
4783
5000
4462
4342
3496
4554
4752
4452
3134
3591
5179
4473
2657
3599
4613
1946
4308
4473
2268
5114
3588
1520
1879
4036
4132
2371
5161
3772
4681
1340
2177
3533
4983
2992
3900
4369
4720
4728
2620
4749
4421
5153
3617
2766
4427
2392
2509
4774
2487
4938
1701
3443
4489
4668
1721
351
3909
5053
2690
4227
975
3570
1210
4143
2441
4348
3533
4092
687
4363
3112
1953
3203
1383
4794
3272
4473
3497
5241
4947
1202
4055
4673
3036
4061
4832
2192
4575
2684
4174
4957
3343
3641
4820
3530
2398
4821
2342
1514
2779
3902
4920
3485
4288
2978
5064
1833
3361
3165
4021
3312
4538
3939
1615
3041
4577
681
3563
4589
4326
3388
4353
2762
4438
4329
3227
2199
1432
5153
5130
3635
4061
5169
5079
4967
3083
4630
4835
5032
1649
3350
1287
4967
5141
4069
2072
3911
785
4454
4160
5219
4059
4420
2906
3918
5058
2968
2894
4202
3444
4412
3630
5071
1886
3603
3860
2921
3832
1506
4152
4361
3560
4434
3230
3927
4565
4100
1229
2836
2632
3142
4338
1542
1308
2510
4665
5085
3303
3657
3501
3838
3088
3226
4196
2287
5150
1236
4488
4780
3610
4560
2927
4234
563
1445
3541
1446
4521
5159
4056
1864
5010
4984
5199
4183
3847
3612
1891
3754
3303
3380
4599
3610
4255
2296
1779
3593
4835
4359
4557
2357
2864
2747
4430
2795
2743
3886
2208
4847
1917
4633
4357
3792
4947
4337
4774
2810
4381
2560
2974
2283
3169
4018
3729
5225
4581
2550
5112
4546
2908
4668
336
2670
1710
2848
4571
762
4132
420
2045
4347
3690
3620
2884
5044
2611
1412
1218
3293
2951
1383
5204
4684
5116
3720
4721
1540
4441
1879
2503
3324
5091
2700
4746
4504
4701
2588
5134
4680
1814
1928
2580
2962
3921
4000
377
4984
2229
4530
1853
3500
3663
3274
2680
3858
1884
388
4123
4467
3626
4917
2630
3954
2206
3634
4588
3407
839
2599
3036
5140
3561
2377
3529
1200
3655
1819
4315
3557
3565
2461
2523
2926
3644
3272
1518
4523
3800
3657
2217
3509
2883
1920
4701
927
1993
2962
3346
4855
4325
2486
2642
5136
3470
692
5168
4313
5181
4889
4553
3340
3035
2580
3692
4700
4380
5086
2552
1816
4229
2834
4481
4215
3334
1225
2700
4917
3655
4782
5084
4178
1012
5202
2882
1175
3279
3494
4911
1750
3898
3730
3032
2009
4848
3197
3053
5130
5175
4173
2570
1268
4856
5195
4971
4976
4092
4163
3618
4924
3703
4119
2307
3243
4598
3991
1795
5008
4289
1785
3854
1562
3003
3338
2059
3405
4622
3328
5133
4017
3872
4357
1497
4158
3789
4236
1732
4867
4451
980
2333
2204
4775
2478
3930
4170
5208
1110
3816
2380
4444
2527
4694
2014
4867
4944
4995
4373
5000
4664
3208
3591
1011
2592
3643
4122
4671
4015
3916
5172
4422
4748
3108
4710
2491
4323
3086
5241
3069
4207
2761
4505
2141
3191
4559
1150
2221
3582
4769
1729
2232
1271
2548
4784
3991
4625
1312
3460
4426
4630
2830
3222
1003
2096
339
574
4885
3140
3740
4124
2400
2979
3490
4825
4977
3958
4627
1157
5174
4425
1679
1283
1375
4890
1288
2268
4257
4156
1769
4157
240
4345
5234
3885
1825
4593
2443
3490
1245
3775
3436
1622
4875
1652
2985
2451
2521
2323
5059
2748
2555
2300
3772
4296
2828
3468
3538
4695
5060
4028
4468
2523
4733
2117
4828
5201
4543
1380
4971
2391
1360
2205
2162
4925
4394
2903
713
4741
1917
178
1762
5076
4217
4010
2838
4987
4970
1634
4787
1930
1787
3948
5017
4901
4247
4686
1382
3175
4449
2980
1558
2094
2237
1623
4885
886
5045
4905
3569
3705
4145
2066
4235
4976
3428
4124
4685
3409
3788
1548
4841
1331
514
4492
4782
4967
2373
2578
4547
4746
3078
3453
3325
2035
2210
1132
2483
2906
4169
4143
1098
3116
2711
4867
3593
4821
4987
4275
4584
4862
3378
3932
5230
1631
5012
3783
4176
2780
2759
4059
4449
4087
1822
2814
5185
2663
1730
3812
3838
4004
2098
3058
2781
4308
2619
3661
1379
1952
1217
3999
3648
4865
4270
1704
3805
3265
2791
1714
1933
3664
4966
4236
2491
4710
4280
5002
3954
1409
2478
2040
4204
5003
4800
4546
4809
4619
4114
2846
4163
4783
3619
2305
3008
5091
5229
2070
3513
2270
1406
4482
4792
2410
2905
3948
3742
5017
1516
1364
3328
2242
4180
4511
1716
4691
3800
4072
338
2674
4313
2515
5214
4362
4972
3087
2202
3193
4110
2620
2549
4351
3879
4599
1560
1619
2568
5136
4009
5118
4603
4799
4520
4888
3337
4564
5183
2840
2379
4670
3407
3114
4791
3097
4839
4657
4108
5157
4113
289
4947
3752
4364
3203
3503
3210
3767
4162
1488
4460
3627
4945
4301
2107
1209
4402
3723
4542
4557
4522
1676
2904
4713
4858
3767
3627
4952
3279
3750
4374
3521
4744
3571
4795
4585
4758
4016
3433
4677
3408
1918
4712
2311
5093
4186
4039
4185
4978
3358
2009
3108
5111
1547
4967
3337
3952
4077
4226
1340
2124
2606
5137
4478
2426
4617
1329
3998
2988
3317
4352
5113
3805
2733
3898
4441
4664
2608
4506
5088
2678
3963
5195
4894
4417
3524
2905
3680
2303
4854
4849
2162
3173
1569
4446
2828
3361
1801
4864
3065
3506
2649
4251
4428
2651
4442
3719
3969
3953
4443
4793
4410
2847
4920
1055
3086
3507
4503
1700
3139
3347
2862
4298
4657
2576
3717
2217
4576
4750
3865
4062
3448
2107
3033
3156
4007
3798
4544
2791
3507
4411
5186
1263
5033
2261
2301
2636
2749
1823
3423
4683
2248
5237
4145
1886
5145
2557
4532
583
2055
3864
5079
4875
2743
1572
5105
1603
2488
4963
4059
5208
3582
4295
5172
3019
4513
2493
2917
4672
2843
2132
5164
4455
2180
4844
3659
3842
4695
2456
4049
4556
3645
4987
1406
2849
2102
5110
3093
3820
3786
1839
3138
3925
3464
5115
2959
1619
3749
2883
4455
3568
4197
3664
3062
3113
4813
3353
4496
3896
4096
1872
2807
4178
3365
4559
4507
4251
2760
1123
4645
3362
4841
3409
4838
5004
4470
953
1230
5183
2660
697
4501
4684
5031
4104
2374
3385
4291
4349
2806
330
4153
5006
4608
3491
3856
2226
2455
3448
2444
4088
4881
5085
1139
2019
4083
4610
3238
1803
4981
2329
3134
1446
1122
3206
4180
2236
2208
4119
2171
4324
5011
2937
2894
2691
4352
4392
4885
5075
844
5041
3327
4685
4161
3579
2154
3767
5164
4063
4552
3392
3850
5077
4904
4932
2931
4398
2379
2338
3915
3553
5109
3135
3938
5194
4854
4646
3255
3515
4863
3997
3328
5086
5075
3960
2552
4876
2855
3358
4586
4216
3751
3135
2904
3464
4320
4208
3989
5106
3124
1626
4277
5174
2964
2092
1223
5153
1039
4422
5164
4892
4375
5205
2630
1935
2834
3919
4897
3735
4928
2162
1087
2648
1632
3768
3323
4775
1911
4499
2211
1580
3847
2817
4683
3969
4644
3189
3049
4445
1503
3867
4447
5131
2673
4855
3974
1771
4949
2637
4945
2758
5123
2409
4960
4253
4504
4271
3167
1986
2745
4547
3984
4911
4557
4291
5198
4303
2227
2778
3587
3896
4335
4875
2848
2274
4069
3465
4546
4973
4796
2394
4804
3310
1942
4606
2340
4535
3450
4165
2590
3517
4681
4750
1927
2769
2822
4259
2099
4397
5195
2991
4155
3285
1934
3465
3589
700
2086
4077
4428
4500
3221
4080
3647
3706
3060
4741
4138
4375
5108
941
3086
2973
4482
5238
5158
2927
3966
3113
4671
3220
3019
1507
4339
2426
3436
4502
1003
3712
3995
1745
3273
2633
1132
1091
2120
5197
4840
1258
5111
2265
4031
1992
3045
4259
1637
2346
3603
2423
5053
4745
4571
3502
3386
3034
4699
3400
4369
5081
4222
3752
5162
2280
3505
3575
3374
904
4525
2643
1630
3312
4092
4656
2153
1813
1027
3422
4440
3017
4060
305
4095
3470
4649
3760
5033
4574
4767
2973
2562
4134
4660
4452
1462
975
4632
4791
1824
4070
3449
4286
4220
4245
4645
5053
4572
4932
3999
4655
4954
629
3346
3692
4464
4180
3598
5214
2330
4626
3764
746
2990
1788
2678
3734
2000
3057
4490
2114
4765
3758
3484
2714
5033
3768
3763
5163
4404
4379
3983
4251
5087
4085
5188
3490
4066
861
974
1171
2418
1375
2189
4538
3487
628
2973
4468
3610
3136
4564
3534
4765
2230
4582
2562
4229
2739
1531
4708
4189
2686
1913
5095
5210
5052
5151
3267
4619
3392
3314
4674
4084
2517
3424
3559
3198
2346
5106
3674
4994
4542
2523
1923
5074
2314
4472
4762
2888
4125
4750
2413
4765
2419
3644
1554
2579
4857
3001
3089
4270
3956
4967
2475
3095
4366
4494
314
4504
4448
4468
5214
4440
2999
4966
3440
4723
1777
5133
1063
3099
4652
2274
3244
1221
2815
4440
3308
2917
4488
1616
2407
4966
3388
4234
2105
3412
1841
2504
4705
3119
4645
4084
4317
3660
5229
1372
3043
3860
2501
3583
4471
3025
1946
4959
862
4533
4263
3588
3830
3227
3712
3680
2223
4658
2301
1678
1650
4288
2165
3763
1364
2311
3149
3811
2118
4144
5079
4335
4828
4773
3179
2010
116
4980
3614
3234
4977
2198
3969
5043
3316
2182
2200
4155
5210
4701
2886
3330
1618
3730
4849
3457
3547
5131
1629
4653
4103
5146
3927
1419
2449
1795
4879
1802
2862
2102
4164
5123
2629
1284
3077
3185
2197
2220
2799
3495
1787
3437
3149
4768
4529
1662
4482
4692
4385
3148
548
4836
3683
3620
4217
3301
2655
3291
4184
3172
4502
3856
1247
1620
3221
3181
3303
3542
4083
1974
3876
901
4014
3230
4226
5055
2313
5021
4842
2422
4383
4395
3919
4632
2662
4167
4313
4375
2417
3812
2775
2793
2738
4215
2440
3509
1429
2598
4055
3369
2860
2605
863
4646
3587
564
3261
4204
4536
4605
3803
4283
4682
4325
3661
5036
4143
3785
3197
2212
4585
115
2586
1461
789
2595
5213
3792
2317
4955
2078
3659
3463
2576
2713
1921
4090
2478
1277
4085
3805
3680
5129
4937
3038
885
3303
4993
3739
3791
3756
3878
2163
3865
4836
4637
2736
5151
4644
1747
1778
2555
3907
2438
3764
4129
4059
4539
3020
1824
3636
2412
2741
1373
2323
2229
4584
2290
4895
3749
3567
5025
3713
1996
5070
3515
4448
5163
3651
4501
3109
4520
805
1448
5126
4814
4552
4523
1982
3411
2092
689
2371
4471
4005
2859
4079
3730
1256
4635
3400
4045
1298
2371
3876
4325
2223
4168
4764
5218
2698
2767
3305
1437
1871
2826
3507
4799
1690
3041
4259
4486
4392
1719
4396
4290
2297
442
4009
3094
3785
5010
4983
3862
3766
4843
2913
1465
2605
789
1429
1727
3780
2537
4524
4472
4388
4845
1805
4452
352
3668
3673
2864
4732
4098
3247
4942
3540
1878
374
1931
4986
5202
4223
4282
4055
3265
2225
4611
4283
3847
2317
1867
3693
4656
4915
4406
2726
3098
5083
4861
4940
3656
4450
3238
3796
4527
2049
3891
4281
2517
1339
2908
2210
4092
4799
5029
2148
4393
2994
3473
2599
5147
590
3498
2915
2204
1092
2355
2338
4090
714
2359
3413
4326
3422
5114
3283
1667
3514
4239
1647
4700
812
2977
5188
1684
3191
3920
4490
2192
2365
2567
3913
3710
956
4985
2645
4945
4451
4313
4927
4511
2116
2403
4225
4000
3229
2597
3272
4840
4344
5135
3605
2717
1780
2815
4231
3090
282
3803
4057
3916
3096
1270
3820
4575
2658
4807
1044
3789
2377
3037
3987
3283
4503
5022
3329
5062
4794
2743
2369
4209
