280
30
1058
61
1081
1568
1961
4657
368
227
241
1233
3950
1505
2856
163
493
2794
106
1263
3074
1037
1137
484
4013
520
2136
694
3497
1557
1151
2186
480
1416
1139
4768
518
1897
901
2226
2002
1199
2100
3646
3637
3419
3063
1529
3822
2745
465
2078
1812
1603
3995
1433
2303
691
944
1269
960
2086
1116
1245
1394
130
1452
2281
941
789
821
1200
2791
1317
156
4481
1553
1081
2507
2038
1741
1886
307
2693
64
49
3082
30
1455
3037
1541
3527
2780
275
1061
5054
220
2067
2790
3060
1019
1753
1430
4233
2939
1487
487
284
1160
3842
2127
3195
459
532
750
785
451
3372
1422
2973
108
2032
450
72
854
203
3677
1984
1003
2818
1841
2627
896
1738
850
2173
530
571
3428
653
885
1698
2955
2910
379
592
2288
1047
2276
4149
1781
1149
1402
1357
3129
1302
1859
2686
3868
1584
1612
363
2134
1339
2695
666
1844
112
3590
1827
479
1015
627
553
3320
212
1376
2883
2035
735
1500
1081
308
1230
3207
2041
844
1505
1487
1881
669
727
4568
2783
2061
462
1218
1554
1271
0
506
654
1696
744
394
1684
1340
1349
1491
101
2874
2433
349
1312
647
2194
174
1577
412
838
2499
2233
2105
408
1924
892
4003
35
3300
3819
1263
270
969
1035
3651
1210
266
1301
1161
4151
1249
2486
670
497
683
350
3250
1159
480
2980
2687
31
1486
3399
3594
3694
1854
2542
713
4451
2891
593
1037
1597
1906
726
153
2273
68
493
1102
4567
947
2336
326
784
4025
2693
412
2991
1929
419
386
950
2004
901
2463
1965
1417
2838
2181
2226
1243
380
1860
2239
676
387
345
33
2631
116
3084
2524
3008
4175
984
720
1030
1590
794
225
1067
657
868
244
1797
719
1187
3659
2346
3536
4378
203
1319
1211
224
728
1093
2791
1642
892
879
2581
215
759
261
1289
3226
4969
958
1154
160
4637
2502
1184
5001
3169
1006
5
4684
1509
4708
3916
188
575
4481
698
2581
992
4074
911
2308
5036
4695
550
1458
390
3373
3846
718
94
2462
2510
1382
746
2307
961
2467
2002
2281
2158
1672
1513
3119
2992
2077
727
1619
1605
1152
327
4298
2668
2658
4725
647
4009
4103
2742
217
377
43
1929
4804
1864
2700
108
1388
1270
228
1087
1528
3422
203
642
723
137
2392
2309
1442
524
2374
299
477
3583
3492
800
1121
1169
338
2736
3956
776
754
207
248
253
1540
476
964
609
23
2979
1750
1574
3542
160
2410
2822
1903
1325
1890
3922
1160
81
1793
1642
2583
3856
231
1394
493
252
3150
557
225
540
2302
201
1143
3069
2004
1082
322
2046
68
1939
2893
1208
224
1754
1467
134
2519
173
528
618
901
1922
1993
2465
1996
2754
1903
455
522
2979
1346
2647
1564
4249
2233
2684
2006
89
2443
53
2292
2014
2
2837
675
79
3302
2567
741
3652
1324
923
1456
263
122
1172
4108
800
3142
2456
79
1420
869
4507
2640
3178
913
2023
370
1802
1844
2
257
2172
820
1213
1375
1820
1460
416
251
2959
701
3592
1594
3826
921
927
1000
750
2574
91
1556
3756
497
274
4183
2420
2137
2906
2227
3630
1663
1876
2400
538
3745
3792
2785
3099
311
1781
2465
4651
2097
1996
87
3560
1700
351
1580
862
586
2691
295
775
1856
2345
2962
2122
1918
2723
236
1363
1460
559
6
468
839
1518
622
1587
3039
963
1723
105
1183
1555
1389
1271
1082
2943
554
1544
4141
1220
4331
3552
197
2144
620
904
3211
1451
1875
2899
1491
2721
1325
1209
1746
1324
467
780
3504
457
3626
1200
3841
3475
1396
285
39
1497
962
734
894
261
2673
256
669
997
2356
3031
3012
583
415
1465
305
1407
114
2741
4616
4296
4215
456
462
1692
2422
2721
700
1337
2874
2115
2200
1986
3132
1008
343
1736
616
2813
4080
1803
3839
1634
336
179
365
923
2305
3377
1831
2805
2498
598
1640
1378
979
282
4295
1728
654
3793
1884
1799
1368
3821
3811
1694
722
3586
2713
2411
2520
3752
228
1900
1103
1684
1506
1086
4164
689
35
2862
1363
722
762
1386
681
2007
4263
2157
705
557
1903
1461
1613
1712
1628
323
2588
3792
2921
1730
2070
2611
1904
4606
1129
266
2244
3368
2734
430
1470
431
833
1306
890
187
978
3405
1740
2145
2776
953
3177
380
148
304
316
1320
2556
1013
2527
1904
4351
3756
2822
4465
317
2701
1134
899
2579
1171
1005
2263
4599
889
2111
4095
37
1744
709
1711
379
1937
1438
176
31
534
1536
386
2213
773
1288
3316
824
1561
3777
1907
3574
1982
3013
401
902
1611
2622
2843
393
3206
2006
559
677
703
1106
4472
2485
2538
2172
1776
1540
2710
821
2278
1869
771
877
2769
1104
22
1424
691
1617
586
118
1179
1026
217
3463
4193
2434
1521
2040
1855
77
2475
4313
3687
3073
2263
363
2369
3133
3734
1757
1747
3338
1248
756
1698
1889
1275
1732
1762
3281
750
20
2945
2289
1209
1798
2057
3742
1250
886
670
2241
919
732
1871
3068
1076
723
2423
1919
3520
2959
2557
4185
307
2208
1104
2926
2546
1481
743
3213
1846
2724
3804
81
4658
2080
2930
2118
1343
641
2965
4140
567
2903
2074
1647
91
715
3480
1289
3099
286
2466
642
3079
751
156
1968
3863
3624
2637
922
2587
2251
386
461
1103
852
2283
503
2513
445
1642
1079
1645
642
984
4324
2236
3028
2059
1456
402
2955
1390
2630
1269
3459
2104
2286
3296
1745
341
241
4458
3437
1548
145
751
1246
1372
3162
2487
629
27
225
376
117
2424
1801
3190
2496
206
306
673
4201
1219
2618
2732
2027
3033
1325
724
2012
3351
994
743
1271
3406
1367
742
2606
2699
773
2349
1763
605
2619
1572
184
1008
1404
1258
1105
1799
663
559
1661
2473
517
589
2219
2152
1725
350
288
2231
2978
887
3121
841
1716
903
693
4394
960
2865
246
3159
2491
1499
186
3006
2032
90
2682
471
3635
2235
174
4171
1476
14
451
3990
877
2011
1262
2497
1639
1796
55
1938
1627
283
1722
2297
1162
1927
2991
2894
848
366
457
415
2516
3344
4767
196
2557
3431
2570
788
792
748
3954
2660
1243
1220
3548
380
1011
93
1520
857
2431
2413
288
1539
632
1689
3773
629
110
1146
1209
1048
601
791
903
299
385
1391
1585
2367
1800
60
3156
4724
127
3722
2131
2924
1345
4136
886
136
1158
1014
551
1626
1048
1856
442
3460
1270
954
3291
1066
230
865
3965
776
65
1454
2454
4694
1363
4811
1429
3281
2662
509
4115
4238
4548
241
1204
3218
1466
4319
3065
520
3168
1184
350
1039
149
713
684
1822
1374
3581
1462
1966
239
167
2916
1082
295
1434
2376
970
182
3034
1649
1667
83
340
1987
1025
1825
555
679
345
549
1470
1755
1392
1485
764
990
470
2038
328
725
1843
809
1557
1080
2064
1812
1581
4658
3319
2413
1505
1356
334
252
1073
3485
1327
3041
213
2199
1276
817
1708
574
4287
2731
704
1365
2238
352
403
1763
2347
775
1410
2212
600
237
2839
1823
906
54
464
2394
1435
407
1057
2103
3427
3445
4657
4359
1070
3502
3437
3586
1791
646
3060
1875
833
1831
824
1282
1412
1083
1294
3616
2027
1559
3987
808
177
2650
2518
1329
138
188
1610
3152
1784
3251
963
482
130
1796
922
2961
924
2284
2979
3910
923
97
677
691
2562
2840
663
729
754
1542
3376
129
105
149
1854
2001
2132
2115
2351
887
725
758
2411
2066
519
249
1495
1932
487
3017
1836
722
1336
225
2408
156
799
813
2626
587
567
3087
1322
1399
1781
1923
1847
653
2009
3122
1719
494
1822
1270
1407
2488
41
2670
279
2696
2020
932
1151
3602
1467
3350
584
1836
2684
1430
1514
506
2213
2279
545
1036
1151
2489
2128
3288
1879
1224
365
2025
1632
3017
2254
4128
3616
1712
1817
827
2692
1954
190
1785
1344
4262
1526
36
700
3106
251
2556
449
2126
3678
1206
