4104.0 4150.0 1.0
1785.0 3241.0 1.0
1816.0 2220.0 -1.0
508.0 2162.0 1.0
1295.0 1367.0 1.0
1845.0 2625.0 1.0
1399.0 1399.0 1.0
3030.0 3586.0 -1.0
2284.0 4836.0 1.0
1206.0 1409.0 1.0
3705.0 3812.0 1.0
1737.0 3510.0 1.0
3153.0 3188.0 1.0
3398.0 5222.0 1.0
882.0 1007.0 1.0
2421.0 3465.0 1.0
407.0 1982.0 1.0
195.0 1651.0 -1.0
1404.0 1675.0 1.0
277.0 277.0 1.0
2046.0 4848.0 -1.0
237.0 851.0 -1.0
2860.0 4409.0 1.0
62.0 747.0 1.0
945.0 1324.0 1.0
1279.0 1616.0 1.0
1604.0 2604.0 1.0
1429.0 1708.0 1.0
1082.0 2423.0 1.0
1109.0 2679.0 1.0
2036.0 3338.0 1.0
680.0 2753.0 1.0
2763.0 2789.0 1.0
2030.0 4360.0 -1.0
2013.0 3666.0 -1.0
99.0 2005.0 -1.0
1175.0 1289.0 -1.0
1503.0 2712.0 1.0
100.0 144.0 1.0
649.0 2996.0 1.0
4230.0 5599.0 -1.0
2159.0 4765.0 -1.0
1279.0 1611.0 1.0
1635.0 3145.0 1.0
498.0 5397.0 1.0
1321.0 3925.0 1.0
2655.0 3379.0 1.0
2242.0 4441.0 1.0
308.0 655.0 -1.0
2893.0 2974.0 1.0
2315.0 2952.0 1.0
175.0 2960.0 1.0
1125.0 2357.0 -1.0
3339.0 3712.0 1.0
695.0 878.0 -1.0
2807.0 4162.0 1.0
850.0 1736.0 1.0
1683.0 3411.0 1.0
2749.0 4480.0 1.0
1020.0 4563.0 1.0
1329.0 3181.0 1.0
1488.0 4900.0 1.0
717.0 3946.0 -1.0
1524.0 2831.0 1.0
714.0 3356.0 1.0
1101.0 1604.0 1.0
710.0 5154.0 1.0
1502.0 2778.0 1.0
1071.0 3812.0 1.0
2473.0 5114.0 1.0
861.0 1797.0 1.0
1714.0 1908.0 -1.0
1005.0 1967.0 1.0
1714.0 4635.0 -1.0
893.0 1662.0 1.0
680.0 2206.0 1.0
272.0 3365.0 1.0
1039.0 5644.0 1.0
1116.0 3783.0 -1.0
354.0 5216.0 1.0
4062.0 4922.0 1.0
2158.0 2565.0 -1.0
1429.0 5598.0 1.0
851.0 982.0 -1.0
1181.0 2679.0 1.0
5139.0 5541.0 1.0
3365.0 4236.0 -1.0
4316.0 4940.0 1.0
2042.0 2993.0 1.0
326.0 2505.0 1.0
1620.0 3125.0 1.0
1014.0 1381.0 -1.0
1260.0 1782.0 1.0
747.0 1532.0 1.0
665.0 5628.0 1.0
1439.0 3198.0 1.0
2047.0 3031.0 -1.0
2730.0 4912.0 1.0
1206.0 2168.0 1.0
1161.0 5468.0 1.0
2340.0 2478.0 -1.0
1407.0 4618.0 1.0
907.0 1735.0 1.0
511.0 1419.0 1.0
2807.0 2846.0 1.0
286.0 848.0 1.0
2952.0 4340.0 1.0
127.0 2159.0 1.0
1326.0 4193.0 1.0
565.0 4593.0 1.0
285.0 1451.0 1.0
1686.0 2586.0 1.0
1083.0 4418.0 1.0
1152.0 5154.0 1.0
1681.0 2299.0 1.0
4107.0 4364.0 1.0
646.0 2030.0 1.0
285.0 5532.0 1.0
125.0 2202.0 1.0
1020.0 4170.0 1.0
2361.0 3069.0 1.0
251.0 2789.0 1.0
1059.0 3698.0 1.0
1965.0 2158.0 1.0
1030.0 2589.0 -1.0
1955.0 2177.0 1.0
166.0 2763.0 1.0
926.0 2284.0 -1.0
595.0 5052.0 1.0
1467.0 3784.0 1.0
2633.0 2633.0 1.0
1966.0 2532.0 -1.0
1139.0 4950.0 -1.0
1110.0 1874.0 -1.0
2112.0 3723.0 1.0
612.0 2512.0 1.0
1816.0 4564.0 -1.0
2589.0 2999.0 1.0
1894.0 4145.0 1.0
1135.0 3309.0 1.0
49.0 2058.0 1.0
1269.0 1362.0 1.0
407.0 2035.0 1.0
1206.0 2560.0 1.0
979.0 3350.0 1.0
1714.0 2707.0 -1.0
1641.0 3045.0 1.0
1428.0 5423.0 1.0
560.0 2707.0 -1.0
1116.0 3365.0 -1.0
942.0 942.0 -1.0
3818.0 3818.0 -1.0
1714.0 2183.0 -1.0
1088.0 2398.0 1.0
1681.0 2788.0 1.0
1061.0 2284.0 -1.0
1433.0 5482.0 1.0
1728.0 1967.0 1.0
3474.0 4785.0 -1.0
1223.0 1367.0 1.0
2033.0 2322.0 1.0
1512.0 4118.0 1.0
296.0 2648.0 -1.0
849.0 4186.0 -1.0
974.0 1736.0 1.0
2675.0 2684.0 1.0
2486.0 3865.0 1.0
1030.0 1550.0 1.0
1729.0 1967.0 1.0
2042.0 3884.0 -1.0
1020.0 4362.0 1.0
363.0 4699.0 1.0
303.0 1948.0 -1.0
1373.0 1989.0 1.0
3125.0 3134.0 1.0
1992.0 2974.0 1.0
1574.0 2252.0 1.0
2663.0 2784.0 1.0
1935.0 2611.0 1.0
2048.0 5627.0 -1.0
2719.0 5617.0 1.0
162.0 3992.0 -1.0
1381.0 2952.0 -1.0
1193.0 1642.0 1.0
1853.0 2980.0 1.0
1101.0 5454.0 -1.0
2789.0 4287.0 1.0
2317.0 2497.0 1.0
397.0 4162.0 1.0
483.0 1540.0 1.0
2586.0 4988.0 1.0
1815.0 5237.0 1.0
379.0 823.0 -1.0
1329.0 5264.0 1.0
1874.0 2421.0 1.0
3145.0 4528.0 1.0
69.0 1086.0 1.0
915.0 2687.0 1.0
499.0 1714.0 1.0
2087.0 4438.0 1.0
61.0 717.0 1.0
1580.0 3137.0 -1.0
1816.0 2648.0 1.0
645.0 4887.0 1.0
2959.0 4560.0 -1.0
560.0 714.0 -1.0
2046.0 5178.0 -1.0
2259.0 2733.0 1.0
2354.0 3022.0 1.0
1714.0 3365.0 -1.0
898.0 2216.0 1.0
1685.0 5055.0 -1.0
2832.0 3153.0 -1.0
2999.0 4193.0 1.0
1681.0 2577.0 -1.0
1127.0 1334.0 1.0
1692.0 2161.0 1.0
285.0 3045.0 1.0
1714.0 2727.0 1.0
823.0 2934.0 -1.0
848.0 3266.0 1.0
329.0 2664.0 1.0
498.0 2096.0 1.0
124.0 3335.0 -1.0
2179.0 3336.0 -1.0
1273.0 4978.0 1.0
1714.0 3250.0 -1.0
308.0 3029.0 -1.0
2590.0 4795.0 -1.0
587.0 3257.0 1.0
714.0 4268.0 -1.0
2055.0 2497.0 1.0
2952.0 3339.0 1.0
60.0 5181.0 1.0
1520.0 2242.0 1.0
1982.0 3382.0 1.0
813.0 4244.0 -1.0
495.0 2740.0 1.0
1967.0 3241.0 1.0
2749.0 4136.0 1.0
879.0 2137.0 1.0
3284.0 4712.0 1.0
1992.0 3261.0 -1.0
1892.0 3510.0 1.0
2550.0 5401.0 1.0
1289.0 4568.0 1.0
1289.0 1874.0 1.0
1367.0 1891.0 -1.0
1460.0 1622.0 1.0
1243.0 1556.0 -1.0
1615.0 1752.0 -1.0
1489.0 2383.0 1.0
2633.0 4203.0 1.0
1714.0 2279.0 -1.0
4539.0 4539.0 1.0
831.0 1450.0 1.0
24.0 3002.0 -1.0
4596.0 5180.0 1.0
2519.0 4243.0 1.0
684.0 2345.0 1.0
1659.0 4604.0 1.0
908.0 908.0 1.0
772.0 3420.0 1.0
2033.0 3925.0 -1.0
2911.0 3030.0 -1.0
356.0 2687.0 -1.0
139.0 3762.0 1.0
1602.0 2577.0 1.0
714.0 920.0 1.0
1815.0 1948.0 1.0
137.0 986.0 -1.0
2375.0 2505.0 1.0
295.0 1290.0 -1.0
851.0 1681.0 1.0
2239.0 2586.0 1.0
328.0 3383.0 1.0
1101.0 3431.0 1.0
1367.0 3787.0 1.0
1881.0 4452.0 1.0
1053.0 2957.0 1.0
715.0 823.0 1.0
919.0 1180.0 1.0
1773.0 2850.0 1.0
2299.0 3862.0 1.0
170.0 1367.0 1.0
2679.0 4445.0 1.0
1392.0 3046.0 1.0
1196.0 4576.0 1.0
849.0 1158.0 1.0
2087.0 2087.0 1.0
1714.0 3180.0 -1.0
1681.0 4984.0 1.0
483.0 982.0 1.0
442.0 4254.0 1.0
1196.0 1949.0 1.0
2712.0 2712.0 1.0
2046.0 3022.0 1.0
1064.0 1093.0 1.0
2653.0 4274.0 1.0
407.0 5426.0 1.0
206.0 1947.0 -1.0
3392.0 4125.0 1.0
1020.0 4757.0 1.0
2094.0 2637.0 1.0
2617.0 3365.0 1.0
255.0 271.0 1.0
1580.0 2787.0 -1.0
1145.0 5132.0 -1.0
617.0 986.0 1.0
2262.0 2707.0 1.0
1874.0 3252.0 1.0
537.0 2046.0 1.0
211.0 3029.0 1.0
2735.0 2735.0 -1.0
3404.0 5222.0 1.0
1123.0 1123.0 1.0
1197.0 1451.0 -1.0
714.0 2662.0 1.0
1622.0 1973.0 -1.0
861.0 2035.0 1.0
831.0 3046.0 1.0
1531.0 2242.0 1.0
823.0 1367.0 -1.0
898.0 2973.0 1.0
4738.0 4738.0 1.0
133.0 1328.0 1.0
1973.0 4236.0 -1.0
2749.0 4622.0 1.0
1876.0 2056.0 -1.0
176.0 3011.0 -1.0
2885.0 3937.0 1.0
1082.0 4164.0 1.0
2902.0 2992.0 1.0
965.0 1823.0 1.0
1107.0 3317.0 -1.0
1020.0 1081.0 1.0
1381.0 2848.0 1.0
1746.0 5015.0 1.0
526.0 2586.0 1.0
194.0 235.0 1.0
2964.0 3404.0 1.0
1973.0 3365.0 1.0
1575.0 2096.0 -1.0
774.0 3968.0 1.0
1718.0 2753.0 1.0
1826.0 4596.0 1.0
1622.0 1629.0 -1.0
1287.0 2317.0 1.0
685.0 777.0 1.0
1714.0 2836.0 1.0
99.0 99.0 -1.0
685.0 1111.0 -1.0
457.0 849.0 1.0
2831.0 4695.0 1.0
649.0 3002.0 1.0
1901.0 4230.0 -1.0
2225.0 3200.0 1.0
133.0 3321.0 1.0
1604.0 4188.0 1.0
2717.0 4287.0 1.0
1258.0 3365.0 1.0
1197.0 4285.0 1.0
3803.0 5237.0 1.0
1437.0 3884.0 1.0
166.0 4234.0 -1.0
1144.0 2473.0 1.0
3153.0 5472.0 -1.0
2637.0 3312.0 -1.0
2442.0 3754.0 1.0
1785.0 1829.0 1.0
1161.0 1161.0 1.0
2497.0 4110.0 -1.0
2104.0 2319.0 1.0
2109.0 2617.0 1.0
2265.0 2679.0 1.0
831.0 1608.0 1.0
559.0 3964.0 1.0
891.0 1152.0 1.0
2121.0 2497.0 -1.0
1020.0 1838.0 1.0
925.0 4268.0 1.0
285.0 3328.0 1.0
968.0 2616.0 1.0
29.0 2042.0 1.0
1967.0 2249.0 1.0
2519.0 5036.0 -1.0
111.0 111.0 -1.0
203.0 2158.0 1.0
3123.0 3744.0 1.0
3559.0 4268.0 -1.0
1681.0 4663.0 1.0
217.0 3601.0 -1.0
377.0 2588.0 1.0
564.0 5613.0 -1.0
907.0 907.0 1.0
256.0 1785.0 1.0
613.0 1951.0 1.0
1120.0 1167.0 -1.0
195.0 5444.0 -1.0
714.0 1159.0 1.0
2057.0 5627.0 -1.0
1379.0 1681.0 -1.0
714.0 2228.0 -1.0
2220.0 2675.0 -1.0
2286.0 5532.0 1.0
582.0 2273.0 1.0
4976.0 5622.0 1.0
1049.0 1613.0 -1.0
1138.0 2497.0 1.0
1736.0 3420.0 1.0
1206.0 1878.0 1.0
2229.0 2763.0 1.0
1948.0 2000.0 1.0
646.0 1789.0 1.0
4428.0 4497.0 1.0
1815.0 2586.0 1.0
1861.0 2013.0 1.0
1948.0 2560.0 1.0
1400.0 1433.0 1.0
2206.0 2641.0 1.0
40.0 4597.0 1.0
898.0 2228.0 -1.0
1207.0 2616.0 1.0
280.0 2010.0 1.0
3389.0 4249.0 1.0
2751.0 4884.0 1.0
4836.0 5297.0 -1.0
1206.0 1819.0 1.0
1073.0 4244.0 -1.0
685.0 851.0 1.0
1311.0 1992.0 1.0
1449.0 2055.0 1.0
433.0 1116.0 1.0
2042.0 2226.0 -1.0
1381.0 2411.0 -1.0
848.0 1529.0 1.0
1041.0 2405.0 1.0
1039.0 1711.0 1.0
1205.0 1289.0 1.0
1815.0 2096.0 1.0
1480.0 2109.0 1.0
1429.0 1780.0 1.0
1903.0 2727.0 1.0
1967.0 4528.0 1.0
1449.0 4988.0 1.0
2695.0 4941.0 1.0
3185.0 3469.0 1.0
2714.0 2962.0 1.0
2386.0 2895.0 1.0
4223.0 4932.0 1.0
3029.0 4576.0 1.0
1949.0 3604.0 1.0
2358.0 2565.0 -1.0
2497.0 4427.0 1.0
1338.0 3024.0 1.0
1714.0 2411.0 -1.0
1370.0 1388.0 1.0
2707.0 4420.0 1.0
3722.0 3812.0 1.0
1392.0 3099.0 1.0
2148.0 2707.0 1.0
2070.0 3510.0 1.0
2735.0 2748.0 1.0
214.0 4827.0 -1.0
731.0 2699.0 1.0
730.0 2056.0 1.0
2697.0 3046.0 1.0
827.0 898.0 1.0
684.0 2411.0 1.0
102.0 498.0 1.0
2660.0 2748.0 1.0
469.0 581.0 1.0
684.0 850.0 1.0
1573.0 1714.0 1.0
1817.0 4912.0 1.0
1218.0 2724.0 1.0
2592.0 4593.0 1.0
1041.0 2110.0 1.0
2951.0 4240.0 1.0
3033.0 4758.0 1.0
823.0 1816.0 -1.0
823.0 1941.0 1.0
1289.0 2446.0 1.0
1714.0 3286.0 1.0
251.0 3361.0 1.0
1951.0 2519.0 1.0
16.0 5426.0 1.0
943.0 2920.0 1.0
1467.0 2405.0 1.0
684.0 5633.0 1.0
413.0 2990.0 -1.0
1973.0 4564.0 1.0
1761.0 2794.0 1.0
3956.0 5234.0 -1.0
986.0 1110.0 1.0
2807.0 2867.0 1.0
1223.0 1381.0 1.0
2087.0 4097.0 1.0
1303.0 3059.0 1.0
3145.0 4692.0 1.0
1632.0 1967.0 1.0
2589.0 3365.0 1.0
2046.0 4234.0 1.0
2096.0 2712.0 1.0
1022.0 2879.0 1.0
908.0 1125.0 -1.0
2158.0 2430.0 1.0
499.0 1068.0 1.0
1735.0 2086.0 -1.0
1630.0 2242.0 1.0
1851.0 2763.0 1.0
915.0 1402.0 1.0
1593.0 2109.0 1.0
1585.0 2594.0 1.0
3960.0 4037.0 1.0
21.0 99.0 -1.0
2911.0 4564.0 1.0
2369.0 3050.0 1.0
3881.0 3881.0 -1.0
1020.0 1844.0 1.0
3701.0 4204.0 -1.0
701.0 2840.0 1.0
1576.0 4018.0 1.0
166.0 3081.0 -1.0
1468.0 4509.0 1.0
2040.0 3559.0 -1.0
3404.0 5263.0 -1.0
965.0 1358.0 1.0
577.0 4252.0 1.0
2396.0 4383.0 1.0
175.0 5385.0 -1.0
965.0 1003.0 -1.0
757.0 2700.0 1.0
3277.0 3785.0 1.0
2040.0 4158.0 1.0
2225.0 4311.0 1.0
915.0 2262.0 1.0
714.0 2345.0 1.0
1367.0 2087.0 1.0
4180.0 5255.0 -1.0
471.0 2284.0 1.0
3528.0 5211.0 1.0
787.0 1714.0 -1.0
1100.0 1381.0 -1.0
4339.0 5275.0 1.0
1988.0 2404.0 -1.0
1206.0 2411.0 1.0
1948.0 2814.0 1.0
1816.0 3762.0 -1.0
1449.0 3700.0 1.0
2778.0 3123.0 1.0
2879.0 4273.0 1.0
1905.0 2444.0 1.0
1206.0 2840.0 1.0
2501.0 2684.0 1.0
2513.0 4678.0 1.0
35.0 832.0 -1.0
707.0 837.0 1.0
41.0 3564.0 1.0
908.0 1985.0 1.0
127.0 2345.0 1.0
1010.0 4516.0 1.0
418.0 2952.0 1.0
849.0 3666.0 -1.0
1734.0 1734.0 1.0
1334.0 1816.0 1.0
5029.0 5156.0 1.0
1279.0 1803.0 -1.0
2633.0 5301.0 1.0
1955.0 2348.0 1.0
61.0 3266.0 1.0
1020.0 2090.0 1.0
3398.0 4403.0 -1.0
2766.0 3162.0 1.0
685.0 2327.0 1.0
525.0 4533.0 -1.0
1641.0 2132.0 1.0
3687.0 3957.0 1.0
3218.0 3621.0 1.0
1464.0 2992.0 1.0
194.0 1969.0 1.0
1147.0 3325.0 -1.0
139.0 2960.0 -1.0
1169.0 4596.0 1.0
714.0 5627.0 1.0
296.0 4699.0 1.0
2801.0 5426.0 -1.0
1176.0 4285.0 1.0
1202.0 5423.0 1.0
4222.0 5321.0 1.0
972.0 2096.0 1.0
912.0 2952.0 -1.0
601.0 2769.0 1.0
3433.0 3957.0 1.0
1381.0 2101.0 1.0
1525.0 4087.0 1.0
2229.0 2692.0 1.0
163.0 771.0 1.0
498.0 5201.0 1.0
581.0 3173.0 1.0
174.0 685.0 1.0
865.0 2228.0 1.0
1714.0 4160.0 -1.0
738.0 3307.0 1.0
684.0 1553.0 1.0
1629.0 3365.0 -1.0
1653.0 5517.0 1.0
823.0 823.0 1.0
758.0 3398.0 1.0
1059.0 4343.0 -1.0
484.0 4705.0 1.0
321.0 2242.0 1.0
1712.0 2432.0 -1.0
886.0 1444.0 -1.0
1020.0 1728.0 1.0
157.0 2497.0 1.0
3365.0 3403.0 -1.0
1020.0 1899.0 1.0
3200.0 4856.0 1.0
758.0 1652.0 -1.0
1948.0 3154.0 -1.0
1816.0 2675.0 1.0
574.0 2242.0 1.0
261.0 1243.0 -1.0
2663.0 2959.0 -1.0
717.0 5533.0 1.0
480.0 1395.0 1.0
2029.0 2210.0 -1.0
685.0 1433.0 1.0
1404.0 4903.0 1.0
1874.0 2707.0 1.0
1441.0 3305.0 1.0
3812.0 3827.0 1.0
3344.0 3789.0 1.0
1681.0 3277.0 1.0
1041.0 5205.0 1.0
2108.0 2662.0 1.0
865.0 4501.0 1.0
1040.0 2983.0 -1.0
1449.0 5384.0 1.0
3252.0 4234.0 -1.0
1423.0 1622.0 1.0
549.0 1870.0 1.0
1876.0 3956.0 -1.0
751.0 3365.0 1.0
1714.0 2867.0 1.0
2098.0 3376.0 1.0
620.0 1056.0 1.0
289.0 4589.0 1.0
3783.0 3994.0 1.0
2398.0 2530.0 1.0
851.0 2675.0 -1.0
3359.0 4262.0 1.0
4013.0 4593.0 1.0
1385.0 2201.0 1.0
1660.0 5423.0 1.0
758.0 1543.0 -1.0
1891.0 1967.0 1.0
684.0 1960.0 1.0
1377.0 3164.0 1.0
1092.0 4204.0 -1.0
1402.0 1651.0 -1.0
391.0 1393.0 1.0
59.0 2695.0 1.0
907.0 1736.0 1.0
685.0 2033.0 1.0
2454.0 3339.0 1.0
1167.0 5181.0 1.0
1194.0 1651.0 1.0
2895.0 4953.0 1.0
938.0 3084.0 1.0
1199.0 3682.0 -1.0
1737.0 2242.0 1.0
836.0 3869.0 1.0
1573.0 1815.0 1.0
3398.0 5178.0 -1.0
4364.0 5161.0 1.0
1947.0 4723.0 1.0
1429.0 1509.0 1.0
829.0 2589.0 1.0
2862.0 3317.0 -1.0
3334.0 3870.0 1.0
1020.0 1791.0 1.0
2374.0 3441.0 1.0
3344.0 4291.0 1.0
66.0 684.0 1.0
2679.0 3771.0 1.0
3404.0 4740.0 1.0
85.0 2691.0 1.0
1529.0 2721.0 1.0
1927.0 3490.0 1.0
2034.0 5237.0 1.0
1196.0 3089.0 1.0
2637.0 4512.0 1.0
1199.0 3335.0 -1.0
1786.0 3101.0 1.0
2041.0 3689.0 1.0
2229.0 2831.0 1.0
1290.0 3281.0 1.0
681.0 4596.0 -1.0
747.0 927.0 1.0
1449.0 2921.0 1.0
1973.0 4917.0 1.0
71.0 2846.0 1.0
865.0 2617.0 1.0
814.0 1659.0 -1.0
175.0 4014.0 1.0
498.0 1730.0 1.0
1041.0 1707.0 1.0
1622.0 2748.0 1.0
407.0 1129.0 1.0
2633.0 4452.0 -1.0
1269.0 2714.0 1.0
1815.0 1945.0 1.0
1205.0 1281.0 1.0
4867.0 4959.0 1.0
1175.0 2807.0 -1.0
53.0 2950.0 1.0
740.0 1346.0 1.0
3103.0 3103.0 1.0
646.0 1844.0 1.0
1367.0 2228.0 -1.0
684.0 1392.0 1.0
2397.0 5378.0 -1.0
1604.0 1709.0 1.0
2474.0 2633.0 1.0
1681.0 2617.0 1.0
377.0 2599.0 1.0
1049.0 2104.0 1.0
1110.0 2737.0 1.0
3335.0 4878.0 -1.0
163.0 4504.0 1.0
1576.0 5239.0 1.0
774.0 3879.0 1.0
4127.0 4127.0 -1.0
71.0 2794.0 1.0
1825.0 3286.0 1.0
823.0 3192.0 1.0
4976.0 5176.0 1.0
1778.0 3147.0 1.0
718.0 1336.0 1.0
3257.0 4416.0 -1.0
1121.0 4101.0 1.0
3904.0 5169.0 1.0
1714.0 2011.0 -1.0
3838.0 3838.0 1.0
1417.0 2965.0 1.0
324.0 1785.0 1.0
3692.0 5440.0 -1.0
3029.0 3925.0 -1.0
1874.0 3559.0 -1.0
2777.0 4576.0 1.0
908.0 2663.0 1.0
810.0 4244.0 -1.0
2183.0 4596.0 1.0
261.0 1804.0 -1.0
2577.0 3001.0 1.0
638.0 4854.0 1.0
1197.0 1197.0 1.0
2558.0 2801.0 1.0
979.0 1575.0 1.0
980.0 1020.0 1.0
166.0 5633.0 1.0
972.0 1289.0 -1.0
1176.0 2865.0 1.0
3383.0 4147.0 1.0
814.0 2262.0 1.0
1992.0 2033.0 1.0
2564.0 3322.0 1.0
722.0 4935.0 1.0
2322.0 4193.0 1.0
826.0 3398.0 1.0
2784.0 5594.0 1.0
1735.0 4438.0 1.0
1832.0 2242.0 1.0
2037.0 5022.0 1.0
1302.0 4188.0 -1.0
1407.0 2763.0 1.0
1681.0 2035.0 1.0
195.0 1604.0 -1.0
48.0 646.0 1.0
77.0 2797.0 1.0
1202.0 2578.0 1.0
237.0 2411.0 -1.0
1621.0 2264.0 1.0
3259.0 5618.0 1.0
886.0 2590.0 1.0
1464.0 1734.0 1.0
2718.0 3365.0 1.0
1221.0 1833.0 1.0
2532.0 2675.0 1.0
3139.0 3744.0 -1.0
897.0 3516.0 1.0
1289.0 2862.0 -1.0
1556.0 4231.0 1.0
303.0 1116.0 -1.0
1544.0 2817.0 1.0
127.0 498.0 1.0
715.0 2040.0 1.0
1921.0 4489.0 1.0
851.0 2533.0 -1.0
363.0 2663.0 -1.0
907.0 1497.0 1.0
1429.0 1716.0 1.0
1206.0 2663.0 1.0
3535.0 4821.0 -1.0
941.0 1295.0 1.0
499.0 1681.0 1.0
893.0 1714.0 1.0
5052.0 5475.0 -1.0
1762.0 2541.0 1.0
1429.0 2030.0 1.0
907.0 5474.0 -1.0
2902.0 4364.0 1.0
1381.0 1450.0 -1.0
1714.0 5015.0 1.0
1545.0 4087.0 1.0
2662.0 2818.0 -1.0
685.0 1555.0 1.0
2097.0 5429.0 1.0
285.0 5635.0 1.0
4518.0 5361.0 1.0
1714.0 3339.0 -1.0
893.0 1960.0 1.0
1604.0 3949.0 -1.0
1193.0 1324.0 1.0
3030.0 4352.0 1.0
407.0 1402.0 -1.0
1622.0 2728.0 -1.0
912.0 915.0 -1.0
1921.0 3750.0 1.0
188.0 3317.0 -1.0
407.0 2801.0 1.0
1681.0 5264.0 1.0
1110.0 4729.0 1.0
1408.0 1580.0 -1.0
717.0 2317.0 1.0
699.0 705.0 1.0
1126.0 1556.0 -1.0
1456.0 2955.0 1.0
2697.0 2895.0 1.0
4785.0 4959.0 -1.0
144.0 5388.0 1.0
1206.0 1735.0 1.0
2221.0 4242.0 1.0
1714.0 1973.0 -1.0
2934.0 5440.0 -1.0
3391.0 3391.0 1.0
1041.0 1891.0 1.0
75.0 814.0 1.0
342.0 464.0 1.0
332.0 2992.0 1.0
1088.0 2875.0 1.0
407.0 1992.0 1.0
2558.0 3028.0 1.0
2290.0 3982.0 1.0
684.0 2118.0 1.0
2159.0 3525.0 1.0
143.0 2927.0 1.0
2911.0 2974.0 1.0
3252.0 4287.0 1.0
814.0 1604.0 1.0
1336.0 1815.0 1.0
422.0 2675.0 -1.0
1451.0 5181.0 -1.0
1088.0 3942.0 1.0
975.0 1169.0 1.0
1874.0 5444.0 1.0
1681.0 4461.0 1.0
166.0 166.0 -1.0
2807.0 5511.0 1.0
4230.0 4520.0 -1.0
3348.0 3365.0 -1.0
251.0 1367.0 1.0
4778.0 5641.0 1.0
4564.0 4564.0 1.0
751.0 5599.0 1.0
2072.0 2698.0 1.0
2839.0 2839.0 1.0
1162.0 1567.0 1.0
823.0 4735.0 -1.0
2036.0 4712.0 1.0
1747.0 2717.0 -1.0
2579.0 4533.0 1.0
848.0 4146.0 1.0
102.0 3144.0 1.0
1714.0 3200.0 -1.0
715.0 2161.0 1.0
111.0 2576.0 -1.0
831.0 1110.0 -1.0
58.0 4069.0 1.0
4345.0 4723.0 -1.0
1992.0 2042.0 1.0
3317.0 4188.0 -1.0
1935.0 2787.0 1.0
1105.0 4194.0 1.0
442.0 3370.0 1.0
515.0 1921.0 1.0
879.0 4174.0 1.0
3300.0 5450.0 -1.0
255.0 1795.0 1.0
946.0 2405.0 -1.0
1020.0 2003.0 1.0
668.0 2103.0 1.0
2887.0 5207.0 -1.0
1381.0 1503.0 1.0
757.0 1273.0 1.0
1874.0 2897.0 1.0
1681.0 1880.0 1.0
986.0 4921.0 1.0
723.0 970.0 1.0
723.0 3346.0 1.0
2519.0 3761.0 -1.0
1171.0 2463.0 -1.0
2992.0 4236.0 1.0
965.0 1735.0 -1.0
2544.0 3286.0 1.0
795.0 2628.0 1.0
851.0 3379.0 1.0
2160.0 5075.0 1.0
1815.0 3202.0 1.0
2944.0 3749.0 1.0
755.0 1345.0 -1.0
2035.0 2589.0 1.0
1086.0 4485.0 1.0
1381.0 2377.0 -1.0
814.0 3291.0 -1.0
2718.0 3329.0 1.0
2200.0 2200.0 -1.0
326.0 2614.0 1.0
1289.0 1367.0 -1.0
1651.0 3368.0 -1.0
1206.0 2551.0 1.0
1429.0 1834.0 1.0
680.0 3356.0 1.0
2590.0 2800.0 1.0
1429.0 1728.0 1.0
1316.0 2723.0 -1.0
3132.0 4754.0 1.0
2035.0 2592.0 1.0
3335.0 3469.0 -1.0
898.0 1747.0 -1.0
1504.0 5178.0 -1.0
1409.0 1409.0 -1.0
3254.0 4672.0 1.0
703.0 751.0 1.0
2345.0 2902.0 -1.0
1020.0 5395.0 1.0
1821.0 3139.0 -1.0
3494.0 4756.0 1.0
1363.0 1622.0 -1.0
2097.0 3005.0 1.0
1576.0 5595.0 1.0
457.0 5622.0 1.0
831.0 2018.0 1.0
1622.0 5098.0 1.0
2159.0 3788.0 1.0
2410.0 2648.0 -1.0
1030.0 1681.0 1.0
2013.0 2712.0 1.0
3642.0 4891.0 1.0
1407.0 3046.0 -1.0
8.0 1949.0 1.0
377.0 4946.0 1.0
2740.0 3279.0 1.0
898.0 2541.0 -1.0
1682.0 2789.0 -1.0
1429.0 1623.0 1.0
1472.0 2229.0 1.0
1407.0 3325.0 1.0
2763.0 2911.0 1.0
874.0 1607.0 1.0
716.0 2242.0 1.0
499.0 1334.0 1.0
1448.0 3365.0 1.0
1622.0 2190.0 1.0
1688.0 1688.0 1.0
1117.0 2432.0 1.0
1216.0 1334.0 1.0
1622.0 4842.0 -1.0
925.0 3743.0 -1.0
2405.0 3418.0 1.0
3090.0 4440.0 1.0
714.0 1681.0 1.0
1041.0 1610.0 1.0
966.0 2993.0 1.0
638.0 2396.0 1.0
2836.0 3727.0 1.0
1774.0 2242.0 1.0
2309.0 4672.0 -1.0
1921.0 2586.0 -1.0
608.0 608.0 1.0
1420.0 4618.0 1.0
831.0 1681.0 -1.0
118.0 1948.0 1.0
1315.0 3242.0 1.0
126.0 3336.0 1.0
893.0 3029.0 1.0
640.0 1947.0 1.0
1621.0 5097.0 1.0
1714.0 3783.0 -1.0
852.0 2046.0 -1.0
1101.0 3623.0 1.0
2355.0 3022.0 1.0
1531.0 1967.0 1.0
1604.0 1874.0 1.0
2170.0 2827.0 -1.0
1816.0 2653.0 -1.0
2566.0 2577.0 -1.0
849.0 1861.0 1.0
2025.0 2789.0 1.0
992.0 4517.0 1.0
722.0 2589.0 1.0
1289.0 1890.0 1.0
1159.0 2990.0 1.0
2264.0 2633.0 -1.0
3048.0 5431.0 -1.0
831.0 2035.0 1.0
1966.0 2046.0 -1.0
684.0 1322.0 1.0
323.0 324.0 1.0
266.0 972.0 1.0
886.0 2955.0 1.0
1289.0 3290.0 1.0
1714.0 4608.0 -1.0
2675.0 3041.0 -1.0
823.0 1714.0 -1.0
312.0 2096.0 -1.0
2592.0 3365.0 1.0
972.0 1957.0 1.0
326.0 1334.0 -1.0
851.0 1392.0 1.0
1588.0 3383.0 1.0
947.0 3335.0 -1.0
879.0 2025.0 1.0
1692.0 1958.0 1.0
1747.0 2775.0 -1.0
2601.0 2899.0 1.0
1604.0 3885.0 -1.0
1159.0 1797.0 1.0
2743.0 2772.0 -1.0
2018.0 3970.0 1.0
1404.0 2777.0 1.0
1960.0 2484.0 -1.0
319.0 1206.0 1.0
2143.0 5298.0 -1.0
4452.0 5599.0 -1.0
2414.0 2879.0 1.0
2259.0 3535.0 -1.0
1116.0 2109.0 1.0
90.0 919.0 -1.0
2807.0 5577.0 -1.0
462.0 2996.0 1.0
907.0 1322.0 1.0
695.0 815.0 1.0
2879.0 4933.0 1.0
1551.0 2101.0 -1.0
2931.0 3090.0 1.0
2013.0 2229.0 1.0
2109.0 5176.0 -1.0
3510.0 4061.0 1.0
691.0 1969.0 1.0
2216.0 4268.0 -1.0
342.0 488.0 -1.0
1386.0 3643.0 1.0
251.0 5194.0 1.0
2938.0 3305.0 1.0
1175.0 2818.0 -1.0
897.0 2775.0 1.0
1068.0 3812.0 1.0
480.0 3244.0 -1.0
3153.0 5489.0 1.0
2756.0 3510.0 1.0
751.0 1816.0 1.0
684.0 3041.0 1.0
1328.0 4101.0 1.0
1993.0 4864.0 -1.0
3041.0 4704.0 1.0
1358.0 2802.0 1.0
581.0 2916.0 1.0
415.0 4652.0 1.0
959.0 1110.0 1.0
127.0 127.0 1.0
499.0 3329.0 1.0
890.0 2589.0 -1.0
2023.0 2734.0 1.0
1957.0 2338.0 -1.0
2281.0 5387.0 1.0
1853.0 1972.0 1.0
75.0 312.0 1.0
836.0 979.0 1.0
921.0 3267.0 1.0
2345.0 3850.0 -1.0
1216.0 3290.0 1.0
1041.0 1260.0 1.0
1744.0 1745.0 1.0
305.0 5181.0 -1.0
2468.0 4003.0 1.0
3124.0 4125.0 1.0
1041.0 5390.0 1.0
469.0 5472.0 -1.0
1363.0 2794.0 -1.0
2952.0 3374.0 1.0
885.0 3099.0 1.0
326.0 1167.0 -1.0
2601.0 4003.0 1.0
1441.0 1651.0 -1.0
2586.0 2921.0 1.0
363.0 4864.0 -1.0
1161.0 4087.0 1.0
1125.0 2663.0 -1.0
1576.0 2034.0 1.0
1082.0 1543.0 1.0
1918.0 2982.0 1.0
2519.0 4144.0 -1.0
915.0 2833.0 -1.0
3202.0 3365.0 1.0
3030.0 3045.0 1.0
1967.0 5311.0 1.0
704.0 1603.0 1.0
3063.0 5178.0 1.0
2388.0 2599.0 1.0
2222.0 4242.0 1.0
2653.0 4340.0 1.0
1513.0 4380.0 1.0
1086.0 1747.0 1.0
634.0 1890.0 1.0
938.0 2620.0 -1.0
646.0 4362.0 1.0
729.0 1776.0 1.0
1381.0 3207.0 1.0
1874.0 2177.0 1.0
2432.0 3099.0 1.0
772.0 4859.0 1.0
907.0 2109.0 1.0
1196.0 1196.0 1.0
2543.0 4049.0 1.0
3496.0 5431.0 1.0
2879.0 2952.0 1.0
1973.0 4180.0 1.0
582.0 1957.0 1.0
1575.0 3473.0 -1.0
1020.0 1024.0 1.0
646.0 5041.0 1.0
737.0 5193.0 1.0
1159.0 2035.0 1.0
4248.0 5350.0 1.0
1941.0 2023.0 1.0
1383.0 3242.0 1.0
936.0 972.0 1.0
893.0 2576.0 -1.0
1399.0 2205.0 1.0
2601.0 2973.0 1.0
1020.0 1632.0 1.0
1665.0 2746.0 1.0
982.0 1407.0 1.0
935.0 2052.0 1.0
273.0 1290.0 1.0
2663.0 2787.0 1.0
2086.0 2941.0 1.0
1242.0 3806.0 1.0
979.0 3431.0 1.0
2500.0 3518.0 1.0
469.0 2042.0 -1.0
646.0 4528.0 1.0
1692.0 1908.0 1.0
1966.0 3651.0 1.0
1336.0 1580.0 1.0
848.0 848.0 1.0
751.0 2473.0 1.0
1815.0 3317.0 1.0
669.0 2548.0 1.0
1111.0 4970.0 1.0
2807.0 4204.0 1.0
3206.0 5172.0 -1.0
774.0 5608.0 1.0
2959.0 3885.0 -1.0
2242.0 2249.0 1.0
1966.0 3002.0 -1.0
1129.0 2801.0 1.0
29.0 831.0 1.0
851.0 2358.0 1.0
1321.0 4117.0 1.0
629.0 1504.0 1.0
2411.0 3528.0 -1.0
717.0 2041.0 1.0
2259.0 3810.0 -1.0
1816.0 3365.0 1.0
4002.0 4954.0 1.0
1841.0 2801.0 1.0
5176.0 5282.0 -1.0
1581.0 4593.0 1.0
4828.0 4828.0 1.0
2850.0 4439.0 1.0
244.0 3363.0 1.0
445.0 5638.0 1.0
2586.0 5282.0 1.0
2959.0 5641.0 1.0
1912.0 2714.0 1.0
1762.0 2577.0 1.0
3520.0 4629.0 1.0
457.0 2446.0 1.0
3266.0 4146.0 1.0
469.0 5515.0 1.0
1107.0 2586.0 -1.0
908.0 2299.0 1.0
376.0 1206.0 1.0
3473.0 5454.0 -1.0
955.0 2532.0 1.0
2516.0 5083.0 -1.0
3745.0 5209.0 1.0
2541.0 5440.0 -1.0
1110.0 1953.0 -1.0
2586.0 4375.0 1.0
634.0 1205.0 1.0
5552.0 5574.0 1.0
1828.0 2242.0 1.0
2284.0 2807.0 1.0
1544.0 1911.0 1.0
4101.0 4618.0 1.0
2677.0 2916.0 1.0
498.0 1381.0 1.0
36.0 1154.0 1.0
1721.0 2205.0 1.0
727.0 4201.0 1.0
1967.0 4408.0 1.0
2331.0 2383.0 1.0
1732.0 1732.0 1.0
571.0 3071.0 -1.0
2588.0 5306.0 1.0
2663.0 5208.0 1.0
2444.0 4851.0 1.0
2485.0 2939.0 1.0
2440.0 2867.0 1.0
1575.0 1681.0 1.0
1381.0 3957.0 1.0
139.0 5407.0 1.0
118.0 2854.0 1.0
4853.0 5049.0 1.0
2042.0 5194.0 1.0
1960.0 5181.0 1.0
443.0 1784.0 1.0
4003.0 5169.0 1.0
2679.0 4551.0 1.0
466.0 1960.0 -1.0
418.0 1367.0 1.0
684.0 3207.0 1.0
1545.0 2033.0 1.0
2315.0 3428.0 -1.0
1422.0 3368.0 1.0
1952.0 2911.0 1.0
2158.0 4276.0 1.0
4002.0 5169.0 1.0
1064.0 2109.0 1.0
433.0 2228.0 1.0
1139.0 3024.0 1.0
831.0 4274.0 1.0
1785.0 2110.0 1.0
1260.0 1429.0 1.0
731.0 2030.0 1.0
498.0 849.0 1.0
2579.0 3792.0 1.0
2655.0 2952.0 1.0
861.0 1338.0 1.0
964.0 4280.0 1.0
855.0 2731.0 1.0
865.0 2204.0 1.0
1604.0 4451.0 -1.0
380.0 670.0 1.0
3227.0 3310.0 1.0
3774.0 4765.0 1.0
966.0 2907.0 -1.0
1967.0 4061.0 1.0
1446.0 5627.0 1.0
261.0 1805.0 -1.0
3744.0 4723.0 1.0
2168.0 2450.0 1.0
363.0 3609.0 -1.0
817.0 5348.0 -1.0
1373.0 2713.0 -1.0
1982.0 2794.0 1.0
3289.0 5006.0 1.0
466.0 2009.0 1.0
247.0 2034.0 1.0
1692.0 3689.0 1.0
498.0 1046.0 1.0
1253.0 1625.0 1.0
1339.0 2959.0 1.0
46.0 3089.0 1.0
3398.0 5471.0 1.0
3361.0 4243.0 -1.0
2009.0 2959.0 -1.0
3153.0 4949.0 1.0
4636.0 4853.0 1.0
4223.0 4728.0 1.0
3274.0 4234.0 -1.0
879.0 2973.0 1.0
2242.0 4916.0 1.0
2589.0 3329.0 1.0
1429.0 2090.0 1.0
697.0 1296.0 1.0
2663.0 3980.0 -1.0
2497.0 5091.0 -1.0
1781.0 1785.0 1.0
2398.0 2565.0 1.0
3250.0 5432.0 1.0
722.0 3899.0 1.0
2663.0 3130.0 1.0
1206.0 2973.0 1.0
2513.0 3170.0 1.0
2096.0 3024.0 -1.0
1334.0 2653.0 -1.0
848.0 5378.0 -1.0
1635.0 5030.0 -1.0
1714.0 2009.0 -1.0
5364.0 5364.0 1.0
2577.0 2633.0 -1.0
3252.0 3252.0 1.0
99.0 3214.0 -1.0
751.0 2652.0 1.0
1306.0 2405.0 1.0
714.0 1948.0 1.0
2570.0 4976.0 1.0
1446.0 3503.0 1.0
3815.0 5443.0 1.0
305.0 2109.0 -1.0
3339.0 4056.0 1.0
2714.0 3024.0 1.0
3744.0 5237.0 1.0
415.0 646.0 1.0
1020.0 3282.0 1.0
714.0 2633.0 -1.0
758.0 2074.0 1.0
2239.0 2345.0 -1.0
1575.0 4842.0 -1.0
1405.0 2787.0 1.0
2109.0 2675.0 1.0
1397.0 2158.0 1.0
879.0 1440.0 -1.0
49.0 1797.0 1.0
1041.0 4622.0 1.0
907.0 1651.0 -1.0
5554.0 5574.0 1.0
966.0 2787.0 1.0
79.0 2201.0 1.0
1367.0 1754.0 -1.0
379.0 1575.0 -1.0
2261.0 3325.0 -1.0
898.0 2802.0 -1.0
2077.0 2700.0 -1.0
3130.0 4169.0 1.0
1289.0 2895.0 1.0
1588.0 4325.0 1.0
206.0 1931.0 -1.0
1552.0 3242.0 -1.0
938.0 4504.0 -1.0
342.0 1876.0 1.0
1198.0 3029.0 -1.0
106.0 4017.0 -1.0
2005.0 2895.0 -1.0
713.0 1683.0 -1.0
1324.0 2748.0 1.0
5144.0 5180.0 1.0
363.0 2222.0 -1.0
1110.0 1392.0 1.0
2009.0 2204.0 -1.0
3470.0 4574.0 1.0
2749.0 5205.0 1.0
2763.0 5237.0 1.0
646.0 1891.0 1.0
929.0 2299.0 1.0
195.0 3081.0 -1.0
2096.0 3376.0 1.0
5556.0 5574.0 1.0
1779.0 5348.0 1.0
1020.0 1155.0 1.0
1041.0 1780.0 1.0
906.0 952.0 -1.0
14.0 4057.0 1.0
722.0 1030.0 1.0
1525.0 2558.0 1.0
1206.0 2564.0 1.0
1815.0 2042.0 1.0
2632.0 3751.0 1.0
695.0 816.0 1.0
722.0 2161.0 1.0
5267.0 5318.0 1.0
2087.0 2802.0 1.0
893.0 1171.0 1.0
2579.0 3077.0 1.0
175.0 3492.0 1.0
2317.0 2519.0 1.0
908.0 2973.0 1.0
1579.0 3191.0 -1.0
966.0 1714.0 1.0
2925.0 3465.0 1.0
1855.0 2483.0 1.0
915.0 3397.0 1.0
239.0 2973.0 1.0
206.0 2533.0 -1.0
878.0 1951.0 1.0
1020.0 2988.0 1.0
2200.0 4248.0 1.0
2614.0 5361.0 1.0
2035.0 4733.0 1.0
843.0 3684.0 1.0
1041.0 1633.0 1.0
734.0 1893.0 1.0
1682.0 3025.0 -1.0
1281.0 2054.0 1.0
722.0 1660.0 -1.0
1087.0 2151.0 1.0
1815.0 3962.0 1.0
1134.0 4226.0 1.0
3089.0 4933.0 -1.0
149.0 4745.0 1.0
1782.0 2242.0 1.0
751.0 1786.0 1.0
332.0 2345.0 1.0
692.0 1969.0 1.0
691.0 815.0 1.0
3168.0 4394.0 -1.0
1059.0 4778.0 1.0
379.0 2934.0 1.0
1784.0 2067.0 1.0
1947.0 2675.0 1.0
1202.0 1961.0 -1.0
2097.0 3499.0 -1.0
1472.0 1960.0 1.0
1254.0 2727.0 1.0
161.0 2749.0 1.0
1206.0 2299.0 1.0
2432.0 3365.0 1.0
740.0 1139.0 1.0
526.0 1815.0 1.0
915.0 1659.0 1.0
1948.0 5141.0 1.0
2158.0 3687.0 1.0
1967.0 4441.0 1.0
1254.0 3317.0 1.0
2723.0 4518.0 -1.0
1947.0 2309.0 -1.0
1992.0 3559.0 -1.0
848.0 1555.0 -1.0
1010.0 3019.0 1.0
287.0 3053.0 1.0
38.0 2832.0 -1.0
2588.0 4364.0 1.0
1020.0 1737.0 1.0
1741.0 2588.0 1.0
469.0 2547.0 1.0
1108.0 4193.0 1.0
716.0 4157.0 1.0
1729.0 2242.0 1.0
69.0 1088.0 1.0
305.0 4160.0 1.0
1004.0 2284.0 -1.0
2983.0 4862.0 1.0
363.0 5623.0 1.0
431.0 2239.0 1.0
1110.0 1110.0 1.0
4232.0 4232.0 1.0
1575.0 3001.0 -1.0
3339.0 3339.0 -1.0
671.0 1125.0 -1.0
1960.0 3365.0 1.0
831.0 1714.0 -1.0
2963.0 2963.0 1.0
2836.0 3291.0 1.0
1419.0 1538.0 1.0
1544.0 1903.0 1.0
2807.0 2962.0 1.0
748.0 906.0 1.0
1844.0 2242.0 1.0
1816.0 2707.0 1.0
1449.0 3046.0 1.0
1289.0 1992.0 1.0
1334.0 3286.0 1.0
1967.0 2859.0 1.0
3099.0 3336.0 1.0
2763.0 2867.0 1.0
854.0 2679.0 1.0
936.0 1059.0 -1.0
814.0 926.0 1.0
731.0 1349.0 1.0
3894.0 4525.0 1.0
1449.0 3366.0 1.0
1967.0 2017.0 1.0
3335.0 3682.0 -1.0
1164.0 3356.0 1.0
1068.0 3155.0 1.0
694.0 1635.0 1.0
2712.0 3328.0 -1.0
217.0 901.0 1.0
865.0 2358.0 1.0
1815.0 3290.0 1.0
1206.0 2329.0 -1.0
245.0 3200.0 -1.0
954.0 1093.0 1.0
715.0 3752.0 1.0
1894.0 4583.0 1.0
202.0 670.0 1.0
5030.0 5468.0 -1.0
1477.0 3812.0 1.0
1785.0 2405.0 1.0
2412.0 3200.0 1.0
2379.0 2518.0 1.0
1175.0 5038.0 -1.0
342.0 4946.0 -1.0
2096.0 3762.0 1.0
874.0 1890.0 1.0
2681.0 5639.0 1.0
239.0 239.0 1.0
