914
3768
4323
635
2272
5338
3557
378
5241
1238
4175
625
4679
3755
5280
3090
181
4189
5388
2314
4192
4968
5355
5520
4919
2414
4913
5581
4227
5352
1041
5529
4948
5153
5451
1024
4702
4999
3526
2035
5496
5184
1348
5530
3935
2113
3925
5404
3448
2345
5633
3690
3408
2822
5000
4459
5148
3727
2550
4932
3809
3342
3667
3294
3047
4068
1590
4643
1764
1941
2028
2975
5320
5264
2997
5524
1083
4776
1794
4615
4625
4360
3936
3288
3558
4938
3441
2403
4479
5481
2397
4916
5491
3521
4681
4750
4476
4598
3209
5410
2087
3024
1992
3429
4433
5320
2499
4053
4120
2252
1712
3473
4837
3194
3376
2665
4199
1860
3746
2819
2690
3038
5001
3421
2331
2005
2377
1767
4705
4659
4814
5078
2612
4708
4657
5148
5125
4113
2910
5568
2313
2258
3754
1888
4087
2916
5150
5137
3638
2821
2182
4383
3600
4708
2126
1664
5444
4827
4050
4917
5625
4918
3072
5338
5064
5623
3356
4024
2412
2949
951
3379
4057
3413
2452
4399
3872
4420
5010
3153
3605
2887
1454
5511
3663
5174
2951
4927
4815
5397
2241
4939
2749
4989
5052
5428
2490
3812
3699
4864
5230
5187
4109
4509
2842
3991
4735
5469
4715
2269
4288
4951
5005
4029
4955
4270
3078
2063
657
4456
3265
3414
5211
2906
1933
5225
1579
4222
851
1584
4279
4932
4260
3479
4418
5346
5179
4475
448
2525
4661
3835
901
2212
2873
3801
4905
4619
4220
1513
4364
4117
3339
3359
3974
2960
3413
4707
1157
4844
4632
3836
889
5468
4395
5463
1651
3617
4062
874
2886
4071
1171
5012
1881
5528
3428
3740
3502
4826
5077
4818
4353
1904
5375
4599
4601
4716
3953
4059
3550
4731
5541
5122
2215
4521
620
4211
4688
4336
5589
3108
2749
4379
905
1861
3961
5282
4328
5542
3816
4891
3421
4203
3557
5077
5223
4251
4123
1674
3782
3719
3227
3428
4198
3235
5558
1996
5200
5050
5297
5528
2757
3718
4074
4807
2003
5305
5262
4626
3629
3917
1475
4256
3303
4245
2868
4769
4933
4138
3831
1845
5441
4050
4336
3209
3420
4486
2025
4416
1698
5353
3325
1057
3625
4972
2563
2962
5101
5428
5062
2796
3749
2292
2948
2422
3561
2079
2855
5043
2000
3896
403
4184
1167
5339
3241
4404
1874
3835
4714
4682
2436
4577
1020
4288
5204
4755
2954
4028
5484
1547
5512
2065
4897
2808
1411
5039
4902
5609
4796
4895
4218
5502
1856
3846
5388
4995
4319
2784
3619
3836
5148
2943
3436
3617
3288
5558
1904
5394
3520
3498
5324
1693
2442
2304
3436
981
5414
3147
4568
2549
684
1341
5556
2462
4546
4154
4528
1177
5448
3731
5368
2958
4868
5183
966
5084
3490
1893
4686
3801
4957
4283
1933
5522
2411
3641
4927
4455
3389
5546
848
3675
2528
4984
3878
2144
3446
5036
3993
3116
4418
2004
4602
973
2463
2949
5484
2821
3945
2344
3582
4780
3164
3844
5450
5604
3026
4705
5477
2611
5072
2999
4913
4275
4483
2312
3391
3767
2934
832
3889
3179
4457
2847
4555
3391
1263
4271
1694
2649
2258
430
5303
4760
3691
5602
1812
4635
4968
2760
2526
4037
1137
3681
5284
3194
3449
5401
3791
5396
4473
3527
2867
5520
2913
2539
3187
4564
2542
4254
2780
5529
4904
2041
1784
4837
2958
2099
4130
5006
1564
3949
1650
3497
4989
5339
4802
4256
3975
5399
3865
4290
3630
5013
3640
2369
842
4559
5468
4072
2818
3281
5398
1031
1517
4440
4956
3095
4111
4333
5216
3812
5035
4836
3015
2033
5332
4795
1324
518
5177
3889
5530
1584
1536
5249
5152
2934
3735
2318
2910
2630
3100
2181
5017
4620
3211
5289
2750
4500
1707
4378
3977
5634
2156
3523
5041
5241
4605
4549
5547
3018
3478
4036
5606
5484
3497
5353
3587
2972
4113
2905
4773
2179
4559
2264
3800
5135
4172
1350
3235
4527
5410
5046
3326
4005
2572
2909
5339
4215
5254
5424
3555
2221
4344
1716
4745
3725
2992
4371
4810
5498
4677
4693
3523
3925
4458
3778
1861
5530
4768
3939
5111
1806
5424
1515
2295
3842
4895
2083
3910
3448
4431
4355
4559
3436
5356
3904
5332
5604
5391
4796
3522
1866
5206
5195
5587
5381
3901
3407
5037
2347
3348
1203
3306
3742
4019
5438
4707
2868
5216
3769
5153
2587
4228
4099
4837
2278
4207
3878
4575
4490
2628
3682
3663
1931
4650
2760
3046
4299
4879
2093
4036
2201
4364
3236
3405
2727
3883
5396
2208
4390
5378
4904
3373
5012
4449
2969
3864
3410
2805
1130
5292
2792
2718
3082
5389
3969
4756
5306
4351
3592
5294
823
5515
904
4152
4495
4714
5480
3481
3917
3475
4378
4407
3993
2575
3451
759
3203
3976
3220
4879
5558
1347
4795
4949
5190
4974
5011
4904
2006
3694
5189
3234
2442
4883
4854
4688
4043
2117
5515
327
5358
2964
3408
3571
5519
4537
1420
5591
2894
3342
3581
5082
5305
5473
1889
4042
4153
5475
5256
2190
4422
3479
2902
4766
2006
515
4325
5178
4648
4047
3295
3364
4066
4235
2258
1137
3752
1123
2906
4651
3549
3323
3963
2844
4190
4712
5327
2885
582
5155
3217
5163
2521
5589
5344
5222
1904
1834
4705
3990
2925
3643
4865
4470
5629
3599
2577
4450
4748
4025
2554
834
1876
4458
2930
2566
882
3386
4876
2229
5364
4845
5327
4413
1145
3447
1085
5435
4217
5065
2191
4287
5547
1741
4643
3055
5601
1085
4280
5027
2539
4329
2604
4729
5047
4637
3289
5138
4783
4259
4534
2787
4413
1183
3504
3996
2445
5065
2828
5611
5634
4126
4755
2971
2509
1774
2672
1927
4391
3621
4729
3865
4613
3577
3179
4072
5233
2353
3361
4220
5192
4563
4800
3827
4356
2336
2329
3422
5467
4433
5114
3092
3157
4197
5410
568
3631
4178
2268
4929
5061
4298
3535
2322
1767
5463
4447
5542
1867
3093
4110
5382
3159
4199
2585
4916
4714
4091
5372
2074
3799
4777
5417
1790
2256
4624
4348
3937
4792
3411
3237
3425
4121
4373
397
4182
2986
3382
5532
2987
2434
4598
5296
2399
4005
3984
2681
4552
2778
4185
3888
3817
919
5564
2728
5569
4345
4578
3912
2513
5526
2165
5514
4251
3559
2959
4170
2924
3601
4602
2735
3462
3139
3312
5465
3889
5616
5604
4454
4021
4846
4190
3539
4578
4960
3395
3235
4715
5579
3546
5360
667
4947
1807
5215
3355
2396
4650
2480
2723
4981
1575
3881
2571
3080
2340
4840
4180
3346
204
2559
2588
5448
3343
5251
2835
2503
5292
5320
4283
4977
4169
2270
2968
5167
3340
4284
2450
5410
4018
1370
829
5360
4045
4004
5580
3286
4464
4173
4644
3106
5635
2016
4317
3968
1241
2339
475
5227
4744
4651
2561
5016
4341
2080
4477
5340
1363
2912
2897
3927
2207
2560
2773
4053
4404
5054
4844
5149
4365
3569
5152
2454
3907
3631
3755
4263
4162
3170
3481
2491
4371
3297
1253
806
1409
3358
5439
5066
2230
2066
4294
2633
2768
3334
5560
4921
1862
4177
1871
3297
5546
5420
5406
3315
5234
5251
2999
3929
5449
4123
2045
3403
805
2832
1526
3633
3601
5218
4698
5369
5169
5042
2336
1201
3916
4430
5524
5067
4977
4123
3778
3935
2064
5173
4611
5044
2866
5471
4351
1736
4662
4387
5601
4330
1708
5607
4542
5342
2674
4340
3933
5122
2210
5552
1734
4222
4292
5039
3548
4674
1908
914
4681
2440
5512
4187
2720
4541
4260
4874
5187
3042
5109
5302
3418
4484
5031
4582
3881
5001
5644
3890
2980
5600
3607
4234
3550
5028
2336
4362
4132
1800
1073
4147
5585
3309
3813
4965
1637
3058
2512
2965
5154
5551
1817
3284
2629
5497
3643
4912
3126
1676
4888
4186
5230
3463
2685
5451
4031
3767
1075
1209
2906
5325
5107
3404
3015
3984
5284
4711
5543
4042
4918
4408
3770
3353
4484
4348
4454
3057
5080
4511
5449
2781
5018
1564
4682
4070
3542
3901
2819
5157
2451
5621
1723
5341
5403
116
4780
4113
2979
4356
4511
3066
5153
4554
3478
1587
4245
4316
2114
1499
2092
3365
4771
3536
3244
5268
3804
4592
3262
4731
3384
3459
2586
2289
4822
5080
1731
5183
5093
4686
3477
3778
4587
3178
4830
2300
4368
5575
4874
5294
2916
4861
2191
2647
5437
5316
2111
4724
5199
3654
5036
2816
4763
5288
1754
1763
5329
5309
5625
4077
5622
5357
1843
1493
3715
4846
4293
4235
4849
3689
4892
3430
3402
5107
1432
1378
5186
4330
5357
5096
3892
2025
5588
4175
4415
4471
2120
3666
2112
3143
3008
3497
921
4492
4609
4953
4772
2940
1116
2207
4100
5343
5426
4747
1930
5015
3040
3886
2381
4660
497
1287
3459
5334
3878
3893
3694
2360
3821
4401
5155
1348
4096
3957
4972
2750
5617
3461
836
4456
2128
5607
4270
3180
918
4014
2825
2195
4092
5572
2761
4582
1972
2131
4718
4349
2886
2586
5177
5154
4716
5537
3450
3400
5542
4804
3657
510
2090
5333
3080
1680
3468
5593
3491
3703
4024
4152
4492
1054
5144
3783
3722
2620
4913
