579
3007
4244
525
1978
4040
1096
192
1690
1228
2763
168
2610
1532
2297
2622
29
139
1112
983
2372
3255
462
1974
4263
348
635
995
2647
2576
617
3736
1102
4266
856
6
528
3383
2530
315
3758
2336
724
5345
2241
1748
2080
383
1328
1980
4103
1025
1310
2079
1509
3070
723
3139
2515
4570
2460
1557
3304
3220
655
3004
1037
279
978
604
1127
2201
2417
97
2552
4167
311
4717
1176
1307
600
3233
3533
2884
965
4884
1335
1152
4379
615
2201
4839
1207
1267
4256
1496
1402
2305
1272
1985
783
446
1210
626
1548
2507
1567
2707
4038
1187
739
320
2336
2538
1486
2619
978
325
1598
2394
2535
1326
504
808
215
744
178
315
1017
89
1761
708
2123
4250
3030
2603
3289
203
106
1751
840
1893
3144
1306
3350
250
1194
1409
1396
403
692
3315
2961
919
1126
1515
5182
4213
1909
2100
2168
4756
235
2571
887
532
1850
1597
1104
2339
22
1466
3338
1079
1946
266
2195
812
4768
1359
3442
2449
717
1755
1902
806
489
3592
443
220
1659
2442
777
3565
4834
3323
2020
1081
1984
3286
3950
2716
2546
279
1454
264
407
5109
4185
1107
3228
1118
4292
2451
396
4201
860
1644
442
2934
2073
3190
661
1969
1736
4031
1225
1006
440
571
4091
1524
301
2393
2188
67
1835
3738
447
2040
2490
2238
850
191
961
2183
2012
2531
1664
260
4129
2061
221
2745
2583
1986
2951
3183
481
4723
4091
3725
515
313
1357
4870
950
2863
461
706
2251
3285
276
3247
1168
3285
105
1770
1702
1396
1203
833
3603
1692
386
4528
1161
2324
2240
3105
1378
46
476
4106
261
1947
528
2290
2216
1547
1952
873
1919
3214
564
201
416
1666
875
2332
1122
1332
1779
2368
3463
1831
4272
2598
676
1180
610
1098
2189
1204
3589
740
1937
964
5073
3494
4423
3217
1566
2776
287
1454
857
495
1100
2608
2369
2682
704
2626
2503
1616
2262
2412
1841
2180
1730
1119
4632
2741
2226
2988
225
558
1494
4136
510
4741
2774
18
1965
624
1751
2185
3684
2339
2
1846
3039
2007
815
1059
2150
946
2427
4469
1412
582
175
1333
736
2959
86
3062
931
3185
3760
3174
192
3124
742
1027
1519
3021
1081
1560
4890
800
56
715
1099
384
160
1415
3800
4345
923
4892
3703
1849
443
2015
1545
15
3316
1699
2785
1690
245
2326
3201
3364
3102
1590
1536
4910
2859
715
3963
257
2139
343
2265
759
3511
1774
3612
1059
197
246
3737
484
3880
2833
4299
268
210
1179
2349
87
3104
1371
374
325
1268
1524
865
2881
3316
2187
70
1144
472
1088
1784
546
1056
4583
818
12
2197
2493
211
2093
1812
4757
261
1020
2111
666
3626
236
1702
1499
3891
808
1323
1647
2850
1169
995
532
4136
2127
2088
983
2718
2597
175
1900
659
2886
3824
531
518
518
1933
201
2708
69
3592
1592
1931
670
36
3057
1006
797
864
68
1408
3018
966
1126
1020
3718
1267
1390
1547
2330
492
644
4931
2490
1510
3354
2681
221
3289
1696
1420
849
1171
1587
2999
3986
2525
2761
308
3994
1554
520
781
1825
771
704
444
284
93
3783
29
2951
3726
848
2810
3671
3512
2852
2805
1894
1225
2192
2018
2246
675
795
1448
1612
1714
2556
3195
938
1513
3816
4818
808
4005
417
1838
1795
606
1993
601
1793
4273
637
1318
163
2562
3611
3971
1403
1353
3969
663
504
1129
1385
2011
2569
960
547
3213
3156
2889
1494
1300
3186
816
4134
2548
5390
1381
2102
2568
123
1678
1664
1121
2442
3050
1797
2901
3627
2655
2640
3182
122
323
1369
1299
818
3644
1042
3525
4056
72
705
1288
1164
1071
2428
3248
3583
1616
1192
2811
4088
2926
646
2681
1606
3864
680
4187
3721
2779
3416
4608
3902
3707
1965
1076
2352
1311
1469
178
3566
4385
1815
5003
18
2547
744
1256
3835
3668
979
1028
2909
4300
3155
4375
1097
3610
1188
2620
1199
2312
4742
2217
26
2944
1586
1370
4827
3342
2495
858
1248
1282
76
1002
737
149
1432
49
2167
1750
771
4864
1250
1366
1147
2456
2184
3813
869
3199
833
1667
1113
930
730
2291
522
1167
1654
1618
964
3020
1751
727
2350
2576
2049
1817
3792
436
934
3727
985
934
4414
721
2314
1633
2524
2427
900
2289
1456
1375
148
1673
581
2318
86
1574
627
4223
774
2330
360
1389
2778
268
205
2702
880
2461
384
4268
1739
2152
3392
24
2035
3564
1051
906
4312
618
1047
4140
2052
830
1196
4874
546
2525
3434
1252
356
3685
2800
1449
335
373
4558
28
1710
2432
1227
2498
4861
3377
580
1762
1220
636
2978
3824
3074
1511
702
2805
375
4645
4236
1231
1385
759
2085
2570
1135
494
2729
1625
1059
3849
642
2205
287
1590
1293
984
3438
918
2103
504
2333
3118
688
1643
93
810
1983
2545
229
1524
1346
1924
1944
4281
426
3356
250
321
2987
1415
2283
411
4686
766
3711
1624
1666
4092
1886
3741
345
161
253
4099
1760
1837
603
1498
149
751
1807
1275
5196
4056
220
2764
644
660
3291
535
1011
913
2595
667
1005
1168
5295
984
1106
4050
465
876
52
4289
2026
3909
2333
4721
911
604
130
377
2891
379
298
3855
2437
527
1016
4253
4002
768
2940
625
621
1623
1334
189
3192
2811
939
1906
1680
1383
1020
3504
273
2000
553
646
932
4530
1217
1561
2332
1742
1241
2812
3204
4261
758
2564
2299
444
3171
464
2666
265
1378
230
3878
1579
2516
963
331
1548
1878
2870
1498
2649
2163
4990
2636
1249
2028
2167
4166
2083
3228
1970
1534
4663
4684
1658
725
284
1353
2076
3724
1875
858
1083
752
2498
1
1482
1319
1907
3366
593
234
3669
2063
639
3059
3823
2046
1834
2708
4044
649
2107
868
2129
683
3904
2889
2709
1935
874
717
1534
4849
1142
3289
2892
3638
44
2845
3939
1953
476
1838
251
4910
3283
1201
160
1292
2458
2853
3572
2030
2335
152
1253
2209
484
5275
1014
3504
632
3657
1533
2610
1728
2048
4175
926
724
180
896
245
130
903
435
244
1055
860
169
1625
732
1873
209
2719
99
202
1731
1926
227
4287
902
603
235
1352
595
2893
518
178
1413
552
15
2490
2861
323
4580
3184
728
3638
1442
1615
4060
726
1159
1568
859
1677
122
1466
3744
2410
1736
1746
336
785
4216
4158
671
1645
524
3068
1653
1253
1573
289
1143
1602
113
5080
160
3258
4405
772
1291
2999
1663
4199
1110
1334
2430
1670
2155
247
735
99
59
471
2940
632
359
1788
1655
2549
1717
1494
5415
275
878
3282
750
585
156
4197
437
2020
281
2829
2470
621
5357
558
1767
3125
82
761
30
3489
1403
387
4594
3786
608
1564
940
265
2279
1829
1651
1202
3164
2984
3485
2819
401
2982
2493
3241
2203
3433
984
1647
917
545
5269
852
571
5279
1840
782
2489
3557
476
4921
515
258
1272
1775
472
4812
3547
790
29
687
2386
702
5276
3331
100
4105
4014
4623
2989
1880
2788
2670
2554
8
4640
2720
614
453
1693
1083
1609
3397
2957
2567
2476
983
1482
3431
3682
581
148
383
4209
1880
3763
951
1548
2182
1069
153
3788
4298
1212
1717
1187
3468
553
3020
1971
136
3074
1748
1814
54
1366
2452
1836
3514
311
466
1630
3512
3921
1645
1556
1515
3467
2870
842
3924
834
1245
3210
3330
2438
3305
3364
2848
1280
1241
4468
2039
1329
284
2117
752
834
3579
2782
3246
199
2805
545
4364
1989
101
1052
2425
19
1230
3343
911
5039
2517
305
1046
1830
1227
209
774
1701
2894
1111
3276
1380
2534
1378
3287
1620
2963
121
1931
632
1636
408
1907
878
742
3866
3889
1145
1499
2711
2141
1606
225
189
1028
1153
1169
1399
2148
740
1640
5355
1938
101
1253
3010
1168
4002
1002
4649
3397
652
288
2973
1852
3550
1250
1055
4968
1140
1390
2787
1208
277
1944
206
1974
969
3067
610
89
987
822
5149
1483
5212
2100
3482
936
383
2934
226
338
1329
142
1118
2032
1258
2014
535
1595
2412
4050
1600
449
426
1657
1954
2325
111
830
1284
1663
1787
2770
1320
2728
323
961
374
3722
3771
3229
963
1517
1612
343
4914
843
22
1479
4409
322
5084
2372
734
4265
2051
588
3238
704
131
3330
938
72
1403
5362
621
682
1598
2042
1595
3971
238
2141
849
1846
887
629
2529
2155
1375
1386
940
329
1550
2616
674
1541
1597
4530
2549
2527
1477
2875
2427
918
1488
1493
845
295
3299
