747.0
747.0
747.0
747.0
747.0
747.0
747.0
747.0
747.0
747.0
747.0
747.0
747.0
747.0
747.0
747.0
747.0
747.0
747.0
1362.0
1362.0
1815.0
1815.0
1815.0
1815.0
1815.0
1815.0
1815.0
1815.0
1815.0
1815.0
1815.0
1815.0
1815.0
1815.0
1815.0
1815.0
1815.0
1815.0
1815.0
1815.0
1815.0
1815.0
1815.0
1815.0
1815.0
1815.0
1815.0
1815.0
1815.0
1815.0
1815.0
1815.0
1815.0
1815.0
1815.0
1815.0
1815.0
1815.0
1815.0
1815.0
1815.0
1815.0
1815.0
1815.0
1815.0
1815.0
1815.0
1815.0
1815.0
1815.0
1815.0
1815.0
1815.0
1815.0
1815.0
1815.0
1815.0
1815.0
1815.0
1815.0
1815.0
1815.0
1815.0
1815.0
1815.0
1815.0
1815.0
1815.0
1815.0
1815.0
1815.0
1815.0
1815.0
1815.0
1815.0
1815.0
1815.0
1815.0
1815.0
1815.0
1815.0
1815.0
1815.0
1815.0
1815.0
1815.0
1815.0
1815.0
1815.0
1815.0
1815.0
1815.0
1815.0
1815.0
1815.0
1815.0
1815.0
1815.0
1815.0
1815.0
1815.0
1815.0
1815.0
1815.0
1815.0
1815.0
1815.0
1815.0
1815.0
1815.0
1815.0
1815.0
1815.0
1815.0
1815.0
1815.0
1815.0
1815.0
1815.0
1815.0
1815.0
1815.0
1815.0
1815.0
1815.0
1815.0
1815.0
1815.0
1815.0
1815.0
1815.0
1815.0
1815.0
1815.0
1815.0
1815.0
1815.0
1815.0
1815.0
1815.0
1815.0
1815.0
1815.0
1815.0
1815.0
1815.0
1815.0
1815.0
1815.0
1815.0
1815.0
1815.0
1815.0
1815.0
1815.0
1815.0
1815.0
1815.0
1815.0
1815.0
1815.0
1815.0
1815.0
1815.0
1815.0
1815.0
1815.0
1815.0
1815.0
1815.0
1815.0
2339.0
2339.0
2339.0
2339.0
2339.0
2339.0
2339.0
2339.0
1960.0
1960.0
1960.0
1960.0
1960.0
1960.0
1960.0
1960.0
1960.0
1960.0
1960.0
1960.0
1960.0
1960.0
1960.0
1960.0
1960.0
1960.0
1960.0
1960.0
1960.0
1960.0
1960.0
1960.0
1960.0
1960.0
1960.0
1960.0
1960.0
1960.0
1960.0
1960.0
1960.0
1960.0
1960.0
1960.0
1960.0
1960.0
1960.0
1960.0
1960.0
1960.0
1960.0
1960.0
1960.0
1960.0
1960.0
1960.0
1960.0
1960.0
1960.0
1960.0
1960.0
1960.0
1960.0
1960.0
1960.0
1960.0
1532.0
1532.0
1532.0
1385.0
1385.0
1385.0
1385.0
1385.0
1385.0
1385.0
1385.0
1385.0
1385.0
1385.0
1385.0
1385.0
1385.0
1385.0
1385.0
1385.0
1385.0
1385.0
1385.0
1385.0
1385.0
1385.0
1385.0
1385.0
1385.0
1385.0
1385.0
1385.0
1385.0
1385.0
1385.0
1385.0
1385.0
1385.0
1385.0
2161.0
2161.0
2161.0
2161.0
2161.0
2161.0
2161.0
2161.0
2161.0
2161.0
2161.0
2161.0
2161.0
62.0
62.0
62.0
2879.0
2879.0
2879.0
2879.0
2879.0
2879.0
2879.0
2879.0
2879.0
2879.0
2879.0
2879.0
2879.0
2879.0
2879.0
2879.0
2879.0
2879.0
2879.0
2879.0
2879.0
2879.0
2879.0
2879.0
2879.0
2879.0
2879.0
1269.0
1269.0
1269.0
1269.0
1269.0
1269.0
1269.0
1908.0
1908.0
1908.0
1908.0
1908.0
1908.0
1908.0
1908.0
1908.0
1908.0
1908.0
1908.0
1908.0
1908.0
1908.0
1908.0
1908.0
1908.0
1908.0
1908.0
1908.0
1908.0
1908.0
1908.0
1908.0
1908.0
1908.0
1908.0
1908.0
1908.0
1908.0
1908.0
3308.0
3308.0
927.0
927.0
927.0
927.0
927.0
927.0
927.0
927.0
927.0
927.0
927.0
974.0
974.0
974.0
974.0
974.0
974.0
974.0
974.0
974.0
974.0
974.0
974.0
974.0
974.0
974.0
974.0
974.0
974.0
4556.0
4556.0
4556.0
4556.0
4556.0
4556.0
4556.0
4556.0
4556.0
4556.0
4556.0
4556.0
4556.0
4556.0
4556.0
2205.0
2205.0
2205.0
2205.0
2205.0
2205.0
2205.0
2205.0
2205.0
2205.0
2205.0
2205.0
2205.0
2205.0
2205.0
2205.0
2205.0
2205.0
2205.0
2205.0
2205.0
2205.0
2205.0
2205.0
2205.0
2205.0
2205.0
2205.0
2205.0
2205.0
2205.0
2205.0
2205.0
2205.0
2205.0
906.0
906.0
906.0
906.0
906.0
906.0
906.0
906.0
906.0
906.0
906.0
906.0
906.0
906.0
906.0
906.0
906.0
906.0
906.0
906.0
906.0
906.0
906.0
906.0
906.0
906.0
906.0
906.0
906.0
906.0
906.0
906.0
906.0
906.0
906.0
3418.0
3418.0
3418.0
2229.0
2229.0
2229.0
2229.0
2229.0
2229.0
2229.0
2229.0
2229.0
2229.0
2229.0
2229.0
2229.0
2229.0
2229.0
2229.0
2229.0
2229.0
2229.0
2229.0
2229.0
2229.0
2229.0
2229.0
2229.0
2229.0
2229.0
2229.0
2229.0
2229.0
2229.0
2229.0
2229.0
2229.0
2229.0
2229.0
2229.0
2229.0
2229.0
2229.0
2229.0
2229.0
2229.0
2229.0
2229.0
2229.0
2229.0
2229.0
2229.0
2229.0
2229.0
2229.0
2229.0
2229.0
2229.0
2229.0
2229.0
2229.0
2229.0
2229.0
2229.0
2229.0
2229.0
2229.0
2229.0
2229.0
2229.0
2229.0
2229.0
2229.0
2229.0
2229.0
2229.0
2229.0
2229.0
2229.0
2229.0
2229.0
2229.0
2229.0
2229.0
2229.0
2229.0
2229.0
2229.0
2229.0
2229.0
2229.0
2229.0
2229.0
2229.0
2229.0
2229.0
2229.0
2229.0
2229.0
2229.0
2229.0
2229.0
2229.0
2229.0
2229.0
2229.0
2229.0
2229.0
2229.0
2229.0
2229.0
2229.0
2229.0
2229.0
2229.0
2229.0
2229.0
2229.0
2229.0
2229.0
2229.0
2229.0
2229.0
2229.0
2229.0
2229.0
2229.0
2229.0
2229.0
2229.0
2229.0
2229.0
829.0
829.0
829.0
829.0
1595.0
1595.0
1595.0
1595.0
1595.0
1595.0
1595.0
1595.0
1595.0
1595.0
1595.0
1595.0
1595.0
1595.0
1595.0
1595.0
1595.0
1595.0
1595.0
1979.0
1979.0
1979.0
1979.0
1979.0
1979.0
1979.0
1979.0
1979.0
1979.0
1979.0
1979.0
1979.0
1979.0
1979.0
1979.0
1979.0
1979.0
1979.0
1979.0
1979.0
1979.0
5406.0
2679.0
2679.0
2679.0
2679.0
2679.0
2679.0
2679.0
2679.0
2679.0
2679.0
2679.0
2679.0
2679.0
2679.0
2679.0
2679.0
2679.0
2679.0
2679.0
2679.0
2679.0
2679.0
2679.0
2679.0
2679.0
2679.0
2679.0
2679.0
2679.0
2679.0
2679.0
2679.0
2679.0
2679.0
2679.0
2679.0
2679.0
2265.0
912.0
912.0
912.0
912.0
912.0
912.0
912.0
912.0
912.0
912.0
912.0
912.0
912.0
912.0
912.0
912.0
912.0
912.0
912.0
912.0
912.0
3125.0
3125.0
3125.0
3125.0
3125.0
3125.0
3125.0
1953.0
3046.0
3046.0
3046.0
3046.0
3046.0
3046.0
3046.0
3046.0
3046.0
3046.0
3046.0
3046.0
3046.0
3046.0
3046.0
3046.0
3046.0
3046.0
3046.0
3046.0
3046.0
3046.0
3046.0
3046.0
3046.0
3046.0
3046.0
3046.0
3046.0
854.0
854.0
854.0
1769.0
1769.0
1769.0
1769.0
1769.0
1769.0
1769.0
1769.0
1769.0
1769.0
1769.0
1769.0
1769.0
1769.0
1769.0
1769.0
1769.0
2992.0
2992.0
2992.0
2992.0
2992.0
2992.0
2992.0
2992.0
2992.0
2992.0
2992.0
2992.0
2992.0
2992.0
2992.0
2992.0
2992.0
2992.0
2992.0
2992.0
2992.0
2992.0
2992.0
2992.0
2992.0
2992.0
2992.0
2992.0
2992.0
2992.0
2992.0
2992.0
2992.0
2992.0
2992.0
2992.0
2992.0
2992.0
2992.0
2992.0
2992.0
2992.0
2992.0
2992.0
2992.0
2992.0
2992.0
2992.0
2992.0
2992.0
2992.0
2992.0
2992.0
2992.0
2992.0
2992.0
2992.0
2992.0
2992.0
2992.0
2992.0
2992.0
2992.0
2992.0
2992.0
2992.0
2992.0
2992.0
2992.0
2992.0
2992.0
2992.0
2992.0
2992.0
2992.0
2992.0
2992.0
2992.0
2992.0
2992.0
2992.0
2992.0
2992.0
2992.0
3161.0
3161.0
3161.0
3161.0
3161.0
3161.0
3161.0
3161.0
3161.0
2628.0
2628.0
2628.0
2628.0
2628.0
3771.0
3771.0
3771.0
4140.0
4140.0
4140.0
2262.0
2262.0
2262.0
2262.0
2262.0
2262.0
2262.0
2262.0
2262.0
2262.0
2262.0
915.0
915.0
915.0
915.0
915.0
915.0
915.0
915.0
915.0
915.0
915.0
915.0
915.0
915.0
915.0
915.0
915.0
915.0
915.0
915.0
915.0
915.0
915.0
915.0
915.0
915.0
915.0
915.0
915.0
915.0
915.0
915.0
915.0
915.0
915.0
915.0
915.0
915.0
915.0
915.0
915.0
915.0
915.0
915.0
915.0
915.0
915.0
915.0
915.0
915.0
915.0
915.0
915.0
915.0
915.0
915.0
915.0
915.0
915.0
915.0
915.0
915.0
915.0
915.0
915.0
915.0
915.0
915.0
915.0
915.0
915.0
915.0
915.0
915.0
915.0
915.0
915.0
915.0
915.0
915.0
915.0
915.0
915.0
915.0
915.0
915.0
915.0
915.0
915.0
915.0
915.0
915.0
915.0
915.0
915.0
915.0
915.0
915.0
915.0
915.0
915.0
915.0
915.0
915.0
915.0
915.0
915.0
915.0
915.0
915.0
915.0
915.0
915.0
915.0
915.0
915.0
915.0
915.0
915.0
915.0
915.0
915.0
915.0
915.0
915.0
915.0
915.0
915.0
915.0
915.0
915.0
915.0
915.0
915.0
915.0
915.0
915.0
915.0
915.0
915.0
915.0
915.0
915.0
915.0
915.0
915.0
915.0
915.0
915.0
915.0
915.0
915.0
915.0
915.0
915.0
915.0
915.0
915.0
915.0
915.0
915.0
671.0
671.0
671.0
671.0
671.0
671.0
671.0
671.0
671.0
671.0
671.0
671.0
671.0
671.0
671.0
671.0
671.0
671.0
671.0
671.0
671.0
671.0
671.0
5580.0
5580.0
235.0
235.0
235.0
235.0
235.0
235.0
235.0
235.0
235.0
235.0
1620.0
1620.0
1620.0
1620.0
1620.0
1620.0
1620.0
1620.0
1620.0
1620.0
1598.0
2179.0
2179.0
2179.0
2179.0
2179.0
2179.0
2179.0
2179.0
2179.0
241.0
2886.0
2886.0
2886.0
2886.0
2886.0
2886.0
2886.0
1181.0
1181.0
1181.0
1181.0
1181.0
1181.0
1109.0
1109.0
1109.0
1109.0
5423.0
5423.0
5423.0
5423.0
4519.0
4519.0
4519.0
4519.0
1681.0
1681.0
1681.0
1681.0
1681.0
1681.0
1681.0
1681.0
1681.0
1681.0
1681.0
1681.0
1681.0
1681.0
1681.0
1681.0
1681.0
1681.0
1681.0
1681.0
1681.0
1681.0
1681.0
1681.0
1681.0
1681.0
1681.0
1681.0
1681.0
1681.0
1681.0
1681.0
1681.0
1681.0
1681.0
1681.0
1681.0
1681.0
1681.0
1681.0
1681.0
1681.0
1681.0
1681.0
1681.0
1681.0
1681.0
1681.0
1681.0
1681.0
1681.0
1681.0
1681.0
1681.0
1681.0
1681.0
1681.0
1681.0
1681.0
1681.0
1681.0
1681.0
1681.0
1681.0
1681.0
1681.0
1681.0
1681.0
1681.0
1681.0
1681.0
1681.0
1681.0
1681.0
1681.0
1681.0
1681.0
1681.0
1681.0
1681.0
1681.0
1681.0
1681.0
1681.0
1681.0
1681.0
1681.0
1681.0
1681.0
1681.0
1681.0
1681.0
1681.0
1681.0
1681.0
1681.0
1681.0
1681.0
1681.0
1681.0
1681.0
1681.0
1681.0
1681.0
1681.0
1681.0
1681.0
1681.0
1681.0
1681.0
1681.0
1681.0
1681.0
1681.0
1681.0
1681.0
1681.0
1681.0
1681.0
1681.0
1681.0
1681.0
1681.0
1681.0
1681.0
1681.0
1681.0
1681.0
1681.0
1681.0
1681.0
1681.0
1681.0
1681.0
1681.0
1681.0
1681.0
1681.0
1681.0
1681.0
1681.0
1681.0
1681.0
4445.0
4445.0
4445.0
4445.0
3154.0
3154.0
3154.0
3154.0
3154.0
3154.0
3154.0
3154.0
3154.0
3154.0
3154.0
3154.0
3154.0
3154.0
3154.0
3154.0
3154.0
3154.0
3154.0
3154.0
3154.0
3154.0
3154.0
3154.0
3154.0
4375.0
1144.0
1144.0
1144.0
1144.0
1144.0
1144.0
1144.0
1144.0
1144.0
1144.0
1144.0
1144.0
4552.0
4552.0
4552.0
4552.0
4552.0
4552.0
4552.0
3041.0
3041.0
3041.0
3041.0
3041.0
3041.0
3041.0
3041.0
3041.0
3041.0
3041.0
3041.0
3041.0
3041.0
3041.0
3041.0
3041.0
3041.0
3041.0
3041.0
3041.0
3041.0
3041.0
3041.0
3041.0
3041.0
3041.0
3041.0
3041.0
982.0
982.0
982.0
982.0
982.0
982.0
982.0
982.0
982.0
982.0
982.0
982.0
982.0
982.0
982.0
982.0
4551.0
4551.0
4551.0
4551.0
2868.0
2868.0
2868.0
2868.0
684.0
684.0
684.0
684.0
684.0
684.0
684.0
684.0
684.0
684.0
684.0
684.0
684.0
684.0
684.0
684.0
684.0
684.0
684.0
684.0
684.0
684.0
684.0
684.0
684.0
684.0
684.0
684.0
684.0
684.0
684.0
684.0
684.0
684.0
684.0
684.0
684.0
684.0
684.0
684.0
684.0
684.0
684.0
684.0
684.0
684.0
684.0
684.0
684.0
684.0
684.0
684.0
684.0
684.0
684.0
684.0
684.0
684.0
684.0
684.0
684.0
684.0
684.0
684.0
684.0
684.0
684.0
684.0
684.0
1100.0
1100.0
1100.0
1100.0
1100.0
1100.0
1100.0
1100.0
1100.0
1100.0
1100.0
1100.0
1100.0
1100.0
1100.0
1100.0
1100.0
1100.0
5592.0
5592.0
5592.0
5592.0
5592.0
5592.0
3357.0
3708.0
5393.0
5393.0
5393.0
5393.0
5393.0
5393.0
5393.0
5393.0
3094.0
3094.0
3094.0
3094.0
1874.0
1874.0
1874.0
1874.0
1874.0
1874.0
1874.0
1874.0
1874.0
1874.0
1874.0
1874.0
1874.0
1874.0
1874.0
1874.0
1874.0
1874.0
1874.0
1874.0
1874.0
1874.0
1874.0
1874.0
1874.0
1874.0
1874.0
1874.0
1874.0
1874.0
1874.0
1874.0
1874.0
1874.0
1874.0
1874.0
1874.0
1874.0
1874.0
1874.0
1874.0
1874.0
1874.0
1874.0
1874.0
1874.0
1874.0
1874.0
1874.0
1874.0
1874.0
1874.0
1874.0
1874.0
1874.0
1874.0
1874.0
1874.0
1874.0
1874.0
1874.0
1874.0
1874.0
1874.0
1874.0
1874.0
1874.0
1874.0
1874.0
1874.0
1874.0
1874.0
1874.0
1874.0
1874.0
1874.0
1874.0
1874.0
1874.0
1874.0
1874.0
1874.0
1874.0
1874.0
1874.0
1874.0
1874.0
1874.0
1874.0
1874.0
1874.0
1874.0
1874.0
831.0
831.0
831.0
831.0
831.0
831.0
831.0
831.0
831.0
831.0
831.0
831.0
831.0
831.0
831.0
831.0
831.0
831.0
831.0
831.0
831.0
831.0
831.0
831.0
831.0
831.0
831.0
831.0
831.0
831.0
831.0
831.0
831.0
831.0
831.0
831.0
831.0
831.0
831.0
831.0
4903.0
3303.0
3303.0
3303.0
3303.0
3303.0
1718.0
1718.0
1718.0
1718.0
1718.0
1718.0
1718.0
1718.0
1718.0
1718.0
1718.0
1596.0
1596.0
1596.0
1596.0
1596.0
1596.0
1596.0
1596.0
1596.0
1596.0
1596.0
1596.0
1596.0
1596.0
2484.0
2484.0
2484.0
2484.0
2484.0
2484.0
2484.0
2484.0
2484.0
2484.0
2484.0
2484.0
2484.0
2484.0
2484.0
2484.0
2484.0
2484.0
2484.0
2484.0
2484.0
2484.0
2484.0
2484.0
2484.0
2484.0
2484.0
2484.0
2484.0
2484.0
2484.0
2484.0
2484.0
2484.0
1955.0
1955.0
1955.0
1955.0
1955.0
1955.0
1955.0
1955.0
1955.0
1955.0
1955.0
1955.0
1955.0
1955.0
1955.0
1955.0
1955.0
1955.0
5605.0
5605.0
5605.0
5605.0
5605.0
5605.0
5605.0
5605.0
5605.0
5605.0
5605.0
5605.0
5605.0
2096.0
2096.0
2096.0
2096.0
2096.0
2096.0
2096.0
2096.0
2096.0
2096.0
2096.0
2096.0
2096.0
2096.0
2096.0
2096.0
2096.0
2096.0
2096.0
2096.0
2096.0
2096.0
2096.0
2096.0
2096.0
2096.0
2096.0
2096.0
2096.0
2096.0
2096.0
2096.0
2096.0
2096.0
2096.0
2096.0
2096.0
2096.0
2096.0
2096.0
2096.0
2096.0
2096.0
2096.0
2096.0
2096.0
2096.0
2096.0
2096.0
2096.0
2096.0
2096.0
2096.0
2096.0
2096.0
2096.0
2096.0
2096.0
2096.0
2096.0
2096.0
2096.0
2096.0
2096.0
2096.0
2096.0
2096.0
2096.0
2096.0
2096.0
2096.0
2096.0
2096.0
2096.0
1472.0
1472.0
1472.0
1472.0
1472.0
1472.0
1472.0
3084.0
3084.0
2034.0
2034.0
2034.0
2034.0
2034.0
2034.0
2034.0
2034.0
2034.0
2034.0
2034.0
2034.0
2034.0
2034.0
2034.0
2034.0
60.0
60.0
60.0
60.0
60.0
60.0
60.0
60.0
60.0
60.0
60.0
60.0
60.0
4013.0
4013.0
4013.0
1714.0
1714.0
1714.0
1714.0
1714.0
1714.0
1714.0
1714.0
1714.0
1714.0
1714.0
1714.0
1714.0
1714.0
1714.0
1714.0
1714.0
1714.0
1714.0
1714.0
1714.0
1714.0
1714.0
1714.0
1714.0
1714.0
1714.0
1714.0
1714.0
1714.0
1714.0
1714.0
1714.0
1714.0
1714.0
1714.0
1714.0
1714.0
1714.0
1714.0
1714.0
1714.0
1714.0
1714.0
1714.0
1714.0
1714.0
1714.0
1714.0
1714.0
1714.0
1714.0
1714.0
1714.0
1714.0
1714.0
1714.0
1714.0
1714.0
1714.0
1714.0
1714.0
1714.0
1714.0
1714.0
1714.0
1714.0
1714.0
1714.0
1714.0
1714.0
1714.0
1714.0
1714.0
1714.0
1714.0
1714.0
1714.0
1714.0
1714.0
1714.0
1714.0
1714.0
1714.0
1714.0
1714.0
1714.0
1714.0
1714.0
1714.0
1714.0
1714.0
1714.0
1714.0
1714.0
1714.0
1714.0
1714.0
1714.0
1714.0
1714.0
1714.0
1714.0
1714.0
1714.0
1714.0
1714.0
1714.0
1714.0
1714.0
1714.0
1714.0
1714.0
1714.0
1714.0
1714.0
1714.0
1714.0
1714.0
1714.0
1714.0
1714.0
1714.0
1714.0
1714.0
1714.0
1714.0
1714.0
1714.0
1714.0
1714.0
1714.0
1714.0
1714.0
1714.0
1714.0
1714.0
1714.0
1714.0
1714.0
1714.0
1714.0
1714.0
1714.0
1714.0
1714.0
1714.0
1714.0
1714.0
1714.0
1714.0
1714.0
1714.0
1714.0
1714.0
1714.0
1714.0
1714.0
1714.0
2206.0
2206.0
2206.0
2206.0
2206.0
2206.0
2206.0
893.0
893.0
893.0
893.0
893.0
893.0
893.0
893.0
893.0
893.0
893.0
893.0
893.0
893.0
893.0
893.0
893.0
893.0
893.0
893.0
893.0
893.0
893.0
893.0
893.0
893.0
893.0
893.0
893.0
893.0
893.0
893.0
893.0
893.0
893.0
893.0
893.0
893.0
893.0
893.0
893.0
893.0
893.0
893.0
893.0
893.0
2109.0
2109.0
2109.0
2109.0
2109.0
2109.0
2109.0
2109.0
2109.0
2109.0
2109.0
2109.0
2109.0
2109.0
2109.0
2109.0
2109.0
2109.0
2109.0
2109.0
2109.0
2109.0
2109.0
2109.0
2109.0
2109.0
2109.0
2109.0
2109.0
2109.0
2109.0
2109.0
2109.0
2109.0
2109.0
2109.0
2109.0
2109.0
2109.0
2109.0
2109.0
2109.0
2109.0
2109.0
2109.0
2109.0
2109.0
2109.0
2109.0
2109.0
2109.0
2109.0
2109.0
2109.0
2109.0
2109.0
2109.0
2109.0
2109.0
2109.0
2109.0
2109.0
2109.0
2109.0
2109.0
2109.0
2109.0
2109.0
2109.0
2109.0
2109.0
2109.0
2109.0
1941.0
1941.0
1941.0
1941.0
1941.0
3365.0
3365.0
3365.0
3365.0
3365.0
3365.0
3365.0
3365.0
3365.0
3365.0
3365.0
3365.0
3365.0
3365.0
3365.0
3365.0
3365.0
3365.0
3365.0
3365.0
3365.0
3365.0
3365.0
3365.0
3365.0
3365.0
3365.0
3365.0
3365.0
3365.0
3365.0
3365.0
3365.0
3365.0
3365.0
3365.0
3365.0
3365.0
3365.0
3365.0
3365.0
3365.0
3365.0
3365.0
3365.0
3365.0
3365.0
3365.0
3365.0
3365.0
3365.0
3365.0
3365.0
3365.0
3365.0
3365.0
3365.0
3365.0
3365.0
3365.0
3365.0
3365.0
3365.0
3365.0
3365.0
3365.0
3365.0
3365.0
3365.0
3365.0
3365.0
3365.0
3365.0
3365.0
3365.0
3365.0
3365.0
3365.0
3365.0
3365.0
3365.0
3365.0
3365.0
3365.0
3365.0
3365.0
3365.0
3365.0
3365.0
3365.0
3365.0
3365.0
3365.0
3365.0
3365.0
3365.0
3365.0
3365.0
3365.0
3365.0
3365.0
3365.0
3365.0
4765.0
4765.0
4765.0
4765.0
4765.0
4765.0
4765.0
4765.0
4765.0
4765.0
4765.0
4765.0
4765.0
4765.0
4765.0
4765.0
4765.0
4765.0
4765.0
4765.0
4765.0
4765.0
2982.0
2982.0
2982.0
2982.0
2982.0
2982.0
1648.0
1648.0
1648.0
1407.0
1407.0
1407.0
1407.0
1407.0
1407.0
1407.0
1407.0
1407.0
1407.0
1407.0
1407.0
1407.0
1407.0
1407.0
1407.0
1407.0
1407.0
1407.0
1407.0
1407.0
1407.0
1407.0
1407.0
1407.0
1407.0
1407.0
1407.0
1407.0
1407.0
1407.0
3870.0
3870.0
3870.0
3870.0
3870.0
1927.0
1927.0
1927.0
1927.0
1927.0
1404.0
1404.0
1404.0
1404.0
1404.0
1404.0
1404.0
1404.0
3336.0
3336.0
3336.0
3336.0
3336.0
3336.0
3336.0
3336.0
3336.0
3336.0
3336.0
3336.0
3336.0
3336.0
3336.0
3336.0
3336.0
3336.0
3336.0
3336.0
3336.0
3336.0
3336.0
3336.0
563.0
563.0
5181.0
5181.0
5181.0
5181.0
5181.0
5181.0
5181.0
5181.0
5181.0
5181.0
5181.0
5181.0
5181.0
5181.0
5181.0
5181.0
5181.0
5181.0
5181.0
5181.0
5181.0
5181.0
5181.0
5181.0
5181.0
1525.0
1525.0
1525.0
1525.0
1525.0
1525.0
1525.0
1525.0
1525.0
1525.0
1525.0
1525.0
1525.0
1992.0
1992.0
1992.0
1992.0
1992.0
1992.0
1992.0
1992.0
1992.0
1992.0
1992.0
1992.0
1992.0
1992.0
1992.0
1992.0
1992.0
1992.0
1992.0
1992.0
1992.0
1992.0
1992.0
1992.0
1992.0
1992.0
1992.0
1992.0
1992.0
1992.0
1992.0
1992.0
1992.0
1992.0
1992.0
1992.0
1992.0
1992.0
1992.0
1992.0
1992.0
1992.0
1992.0
1992.0
1992.0
1992.0
1992.0
1992.0
1992.0
1992.0
1992.0
1992.0
1992.0
1992.0
1992.0
1992.0
1992.0
1992.0
1992.0
1992.0
1992.0
1992.0
1992.0
1992.0
3144.0
3144.0
3144.0
3144.0
3144.0
3144.0
3144.0
3144.0
3144.0
4805.0
4805.0
4805.0
4805.0
4805.0
1450.0
1450.0
1450.0
1450.0
1450.0
1450.0
1450.0
1450.0
1450.0
1450.0
1450.0
1450.0
1450.0
1450.0
1450.0
5265.0
5265.0
5265.0
466.0
466.0
5387.0
5387.0
1625.0
1625.0
3023.0
3023.0
3023.0
3023.0
3023.0
3023.0
3023.0
3023.0
3023.0
1381.0
1381.0
1381.0
1381.0
1381.0
1381.0
1381.0
1381.0
1381.0
1381.0
1381.0
1381.0
1381.0
1381.0
1381.0
1381.0
1381.0
1381.0
1381.0
1381.0
1381.0
1381.0
1381.0
1381.0
1381.0
1381.0
1381.0
1381.0
1381.0
1381.0
1381.0
1381.0
1381.0
1381.0
1381.0
1381.0
1381.0
1381.0
1381.0
1381.0
1381.0
1381.0
1381.0
1381.0
1381.0
1381.0
1381.0
1381.0
1381.0
1381.0
1381.0
1381.0
1381.0
1381.0
1381.0
1381.0
1381.0
1381.0
1381.0
1381.0
1381.0
1381.0
1381.0
1381.0
1381.0
1381.0
1381.0
1381.0
1381.0
1381.0
1381.0
1381.0
1381.0
1381.0
1381.0
1381.0
1381.0
1381.0
1381.0
1381.0
1381.0
1381.0
1381.0
1381.0
1381.0
1381.0
1381.0
1381.0
1381.0
1381.0
1381.0
1381.0
1381.0
1381.0
1381.0
1381.0
1381.0
1381.0
1381.0
1381.0
1381.0
1381.0
1381.0
1381.0
1381.0
1381.0
1381.0
1381.0
1381.0
1381.0
1381.0
1381.0
1381.0
1381.0
1381.0
1381.0
1381.0
1381.0
1381.0
1381.0
1381.0
1381.0
1381.0
1381.0
1381.0
1381.0
1381.0
1381.0
1381.0
1381.0
1381.0
1381.0
1381.0
1381.0
1381.0
1381.0
1381.0
1381.0
1381.0
1381.0
1381.0
1381.0
1381.0
1381.0
1381.0
1381.0
1381.0
1381.0
1381.0
1381.0
1381.0
1381.0
1381.0
1381.0
1381.0
1381.0
1381.0
1381.0
1381.0
1381.0
1381.0
1381.0
1381.0
1381.0
1381.0
1381.0
1381.0
1381.0
1381.0
1381.0
1381.0
1381.0
1381.0
1381.0
1381.0
1381.0
1381.0
1381.0
1381.0
1381.0
1381.0
1381.0
1381.0
1381.0
1381.0
1381.0
1381.0
1381.0
1381.0
4543.0
4543.0
4543.0
4543.0
4543.0
814.0
814.0
814.0
814.0
814.0
814.0
814.0
814.0
814.0
814.0
814.0
814.0
814.0
814.0
814.0
814.0
814.0
814.0
814.0
814.0
814.0
814.0
814.0
814.0
814.0
814.0
814.0
814.0
814.0
814.0
814.0
814.0
814.0
814.0
814.0
814.0
814.0
814.0
814.0
814.0
814.0
814.0
814.0
814.0
814.0
814.0
814.0
1538.0
1538.0
1538.0
1538.0
1538.0
1538.0
1538.0
1538.0
1538.0
1538.0
1538.0
1538.0
1538.0
1538.0
1538.0
1538.0
1538.0
1538.0
1538.0
4145.0
4145.0
4340.0
4340.0
4340.0
4340.0
4340.0
4340.0
4340.0
4340.0
4340.0
4340.0
4340.0
4340.0
4340.0
4340.0
4340.0
4340.0
4340.0
4340.0
4340.0
4340.0
4340.0
1777.0
1777.0
2592.0
2592.0
2592.0
2592.0
2592.0
2592.0
2592.0
2592.0
2592.0
2592.0
2592.0
2592.0
2592.0
2592.0
2592.0
2592.0
2592.0
2592.0
2592.0
2592.0
2592.0
2586.0
2586.0
2586.0
2586.0
2586.0
2586.0
2586.0
2586.0
2586.0
2586.0
2586.0
2586.0
2586.0
2586.0
2586.0
2586.0
2586.0
2586.0
2586.0
2586.0
2586.0
2586.0
2586.0
2586.0
2586.0
2586.0
2586.0
2586.0
2586.0
2586.0
2586.0
2586.0
2586.0
2586.0
2586.0
2586.0
2586.0
2586.0
2586.0
2586.0
2586.0
2586.0
2586.0
2586.0
2586.0
2586.0
2586.0
2586.0
2586.0
2586.0
2586.0
2586.0
2586.0
2586.0
2586.0
2586.0
2586.0
2586.0
2586.0
2586.0
2586.0
2586.0
2586.0
2586.0
2586.0
2586.0
2586.0
2586.0
2586.0
2586.0
2586.0
2586.0
2586.0
2586.0
2586.0
2586.0
2586.0
2586.0
2586.0
2586.0
2586.0
2586.0
2586.0
2586.0
2586.0
2586.0
2586.0
2586.0
2586.0
2586.0
2586.0
2586.0
2586.0
2586.0
2586.0
2586.0
2586.0
2586.0
2586.0
2586.0
2586.0
2586.0
2586.0
2586.0
2586.0
2586.0
2586.0
2586.0
2586.0
2586.0
2586.0
2586.0
2586.0
2586.0
2586.0
2586.0
2586.0
2586.0
2586.0
2586.0
2586.0
2586.0
2586.0
2586.0
2586.0
2586.0
2586.0
2586.0
2586.0
2586.0
2586.0
2586.0
2586.0
2586.0
2586.0
2586.0
2586.0
2586.0
2586.0
2586.0
2586.0
2586.0
2586.0
2586.0
2586.0
2586.0
2586.0
2586.0
2586.0
1253.0
1253.0
1253.0
1253.0
5110.0
2035.0
2035.0
2035.0
2035.0
2035.0
2035.0
2035.0
2035.0
2035.0
2035.0
2035.0
2035.0
2035.0
2035.0
2035.0
2035.0
2035.0
2035.0
2035.0
2035.0
2035.0
2035.0
2035.0
2035.0
2035.0
1294.0
1950.0
1950.0
1950.0
1950.0
1950.0
1950.0
1950.0
1950.0
890.0
890.0
890.0
890.0
890.0
890.0
3709.0
3709.0
4593.0
4593.0
4593.0
4593.0
4593.0
4593.0
4593.0
4593.0
4593.0
4593.0
4593.0
4593.0
690.0
690.0
690.0
1376.0
1047.0
1047.0
1047.0
1047.0
1047.0
1030.0
1030.0
1030.0
1030.0
1030.0
1030.0
1030.0
1030.0
1030.0
722.0
722.0
722.0
722.0
722.0
722.0
722.0
722.0
722.0
722.0
722.0
722.0
722.0
722.0
722.0
722.0
722.0
722.0
722.0
722.0
722.0
722.0
722.0
722.0
722.0
722.0
722.0
722.0
722.0
722.0
722.0
722.0
722.0
722.0
722.0
722.0
722.0
722.0
722.0
722.0
722.0
722.0
722.0
722.0
722.0
722.0
722.0
751.0
751.0
751.0
751.0
751.0
751.0
751.0
751.0
751.0
751.0
751.0
751.0
751.0
751.0
751.0
751.0
751.0
751.0
751.0
751.0
751.0
751.0
751.0
751.0
751.0
751.0
751.0
751.0
751.0
751.0
751.0
751.0
751.0
751.0
751.0
751.0
751.0
751.0
751.0
751.0
751.0
4632.0
4632.0
3329.0
3329.0
3329.0
3329.0
3329.0
3329.0
3329.0
3329.0
3329.0
3329.0
3329.0
3329.0
3329.0
3329.0
3329.0
3792.0
720.0
720.0
720.0
720.0
720.0
2011.0
2011.0
2011.0
2011.0
884.0
759.0
759.0
759.0
194.0
194.0
194.0
194.0
194.0
194.0
194.0
194.0
194.0
194.0
194.0
194.0
194.0
194.0
194.0
194.0
194.0
194.0
194.0
194.0
4895.0
4895.0
4895.0
4895.0
4895.0
4895.0
4895.0
4895.0
4895.0
4895.0
4895.0
4895.0
2633.0
2633.0
2633.0
2633.0
2633.0
2633.0
2633.0
2633.0
2633.0
2633.0
2633.0
2633.0
2633.0
2633.0
2633.0
2633.0
2633.0
2633.0
2633.0
2633.0
2633.0
2633.0
2633.0
2633.0
2633.0
2633.0
2633.0
2633.0
2633.0
2633.0
2633.0
2633.0
2633.0
2633.0
2633.0
2633.0
2633.0
2633.0
2633.0
2633.0
2633.0
2633.0
2633.0
5094.0
5094.0
5094.0
5094.0
2867.0
2867.0
2867.0
2867.0
2867.0
2867.0
2867.0
2867.0
2867.0
2867.0
2867.0
2867.0
2867.0
2867.0
2867.0
2867.0
2867.0
2867.0
2867.0
2867.0
2867.0
2867.0
2867.0
2867.0
2867.0
2867.0
2867.0
2867.0
2867.0
2867.0
2867.0
2867.0
1951.0
1951.0
1951.0
1951.0
1951.0
1951.0
1951.0
1951.0
1951.0
1951.0
1951.0
1951.0
1951.0
1951.0
1951.0
1951.0
1951.0
1951.0
1951.0
1951.0
1951.0
1951.0
1951.0
515.0
515.0
515.0
515.0
4786.0
4786.0
4786.0
4786.0
4786.0
3328.0
3328.0
4933.0
4933.0
4933.0
4933.0
4933.0
4933.0
4933.0
4933.0
4933.0
4933.0
4933.0
4380.0
4380.0
4380.0
4380.0
4380.0
4380.0
4380.0
4380.0
4380.0
4380.0
4380.0
4380.0
4380.0
4380.0
4380.0
4380.0
4380.0
4380.0
4380.0
4380.0
4380.0
3941.0
3941.0
3941.0
46.0
46.0
46.0
46.0
46.0
46.0
46.0
5579.0
1969.0
1969.0
1969.0
1969.0
1969.0
1969.0
1969.0
1969.0
1969.0
1969.0
2974.0
2974.0
2974.0
2974.0
2974.0
2974.0
2974.0
2974.0
2974.0
2974.0
2974.0
2974.0
2974.0
2974.0
2974.0
2974.0
3682.0
3682.0
3682.0
3682.0
3682.0
2532.0
2532.0
2532.0
2532.0
2532.0
2532.0
2532.0
2532.0
2532.0
2532.0
2532.0
2532.0
2532.0
2532.0
2532.0
2532.0
2532.0
2532.0
2532.0
2532.0
2532.0
2532.0
2532.0
2532.0
2532.0
2233.0
1956.0
1956.0
206.0
206.0
206.0
206.0
206.0
206.0
206.0
206.0
206.0
206.0
206.0
206.0
206.0
206.0
206.0
206.0
206.0
206.0
206.0
3335.0
3335.0
3335.0
3335.0
3335.0
3335.0
3335.0
3335.0
3335.0
3335.0
3335.0
3335.0
3335.0
3335.0
3335.0
3335.0
3335.0
3335.0
3335.0
3335.0
3335.0
3335.0
3335.0
3335.0
3089.0
3089.0
3089.0
3089.0
3089.0
3089.0
3089.0
1199.0
1199.0
1199.0
4576.0
4576.0
4576.0
4576.0
4576.0
4576.0
4576.0
1958.0
1958.0
1958.0
1958.0
1958.0
1958.0
1958.0
1958.0
1958.0
1958.0
1958.0
1958.0
1958.0
1958.0
631.0
1949.0
1949.0
1949.0
1949.0
1949.0
1949.0
1949.0
1949.0
211.0
1872.0
1872.0
1872.0
1872.0
1872.0
2538.0
2538.0
2538.0
2538.0
2538.0
1035.0
1035.0
2560.0
2560.0
2560.0
2560.0
2560.0
2560.0
2560.0
2560.0
2560.0
2560.0
2560.0
2560.0
2560.0
2560.0
2560.0
2560.0
2560.0
2560.0
2560.0
2560.0
2560.0
2560.0
2560.0
2560.0
2560.0
2560.0
2560.0
2560.0
2560.0
2560.0
2560.0
2560.0
2560.0
2560.0
2560.0
2560.0
2560.0
2560.0
2560.0
2560.0
2560.0
2560.0
2560.0
2560.0
2560.0
2560.0
2560.0
2560.0
2560.0
2560.0
2560.0
2560.0
2560.0
2560.0
2560.0
2560.0
2560.0
2560.0
2560.0
2560.0
2560.0
2560.0
2560.0
2560.0
2560.0
2560.0
2560.0
2560.0
2560.0
2560.0
2560.0
2560.0
2560.0
2560.0
2560.0
2560.0
2560.0
2560.0
2560.0
2560.0
2560.0
2497.0
2497.0
2497.0
2497.0
2497.0
2497.0
2497.0
2497.0
2497.0
2497.0
2497.0
2497.0
2497.0
2497.0
2497.0
2497.0
2497.0
2497.0
2497.0
2497.0
2497.0
2497.0
2497.0
2497.0
2497.0
2497.0
2497.0
2497.0
2497.0
2497.0
2497.0
2497.0
2497.0
2497.0
2497.0
2497.0
2497.0
2497.0
2497.0
2497.0
2497.0
2497.0
2497.0
2497.0
2497.0
1274.0
1274.0
1274.0
1274.0
1274.0
1274.0
1274.0
4522.0
4522.0
4522.0
3506.0
3506.0
3506.0
3506.0
3506.0
2147.0
5020.0
258.0
258.0
258.0
126.0
126.0
126.0
126.0
126.0
126.0
126.0
126.0
126.0
126.0
126.0
126.0
126.0
126.0
126.0
126.0
126.0
126.0
126.0
126.0
126.0
457.0
457.0
457.0
457.0
457.0
457.0
457.0
457.0
457.0
457.0
457.0
457.0
104.0
104.0
104.0
104.0
104.0
104.0
4261.0
4261.0
2444.0
2444.0
2444.0
2444.0
2444.0
2444.0
2444.0
2444.0
2444.0
2444.0
2444.0
165.0
165.0
165.0
165.0
2445.0
2445.0
2445.0
2445.0
2445.0
4804.0
4804.0
4804.0
4804.0
4804.0
102.0
102.0
2446.0
2446.0
2446.0
5350.0
5350.0
5350.0
5350.0
5350.0
5350.0
4851.0
4851.0
4851.0
4851.0
849.0
849.0
849.0
849.0
849.0
5622.0
5622.0
1046.0
4760.0
4760.0
4760.0
164.0
164.0
164.0
164.0
1861.0
1861.0
1861.0
1861.0
498.0
498.0
498.0
498.0
498.0
498.0
498.0
498.0
498.0
498.0
498.0
498.0
498.0
498.0
498.0
498.0
498.0
498.0
498.0
498.0
498.0
498.0
4984.0
4984.0
4984.0
4984.0
4984.0
4984.0
5524.0
5524.0
438.0
438.0
3477.0
3477.0
3477.0
380.0
380.0
1626.0
1626.0
1626.0
1626.0
1626.0
1626.0
1626.0
2200.0
2200.0
2200.0
2200.0
2200.0
2200.0
2200.0
2200.0
2200.0
2200.0
2200.0
2200.0
2200.0
2200.0
2200.0
2118.0
2118.0
2118.0
2118.0
2118.0
2118.0
2118.0
2118.0
2118.0
2118.0
2118.0
2118.0
2118.0
2118.0
2118.0
2118.0
2118.0
2118.0
2118.0
2118.0
2118.0
2118.0
2118.0
2118.0
2118.0
4179.0
1811.0
1811.0
1811.0
1811.0
1811.0
1811.0
1811.0
1811.0
1811.0
1811.0
2519.0
2519.0
2519.0
2519.0
2519.0
2519.0
2519.0
2519.0
2519.0
2519.0
2519.0
2519.0
2519.0
2519.0
2519.0
2519.0
2519.0
2519.0
2519.0
2519.0
2519.0
2519.0
2519.0
2519.0
2519.0
2519.0
2519.0
2519.0
2519.0
2519.0
2519.0
2519.0
2519.0
2519.0
2519.0
2519.0
2519.0
2519.0
2519.0
2519.0
2519.0
2519.0
2519.0
2519.0
2519.0
2519.0
2519.0
2519.0
2519.0
2519.0
2519.0
2519.0
2519.0
2519.0
2519.0
2519.0
2519.0
2519.0
2519.0
2519.0
2519.0
2519.0
2519.0
2519.0
2519.0
2519.0
2519.0
2519.0
2519.0
2519.0
2519.0
4976.0
4976.0
4976.0
4976.0
4976.0
4976.0
4976.0
4976.0
4976.0
4976.0
4976.0
2013.0
2013.0
2013.0
2013.0
2013.0
2013.0
2013.0
2013.0
2013.0
1368.0
1368.0
1368.0
1368.0
1368.0
2097.0
2097.0
2097.0
2097.0
2097.0
2097.0
2097.0
2097.0
2097.0
2097.0
2097.0
2097.0
2097.0
2097.0
2097.0
2097.0
2097.0
2097.0
2097.0
2097.0
2097.0
2097.0
2097.0
2097.0
2097.0
2097.0
2097.0
2097.0
2097.0
851.0
851.0
851.0
851.0
851.0
851.0
851.0
851.0
851.0
851.0
851.0
851.0
851.0
851.0
851.0
851.0
851.0
851.0
851.0
851.0
851.0
851.0
851.0
851.0
851.0
851.0
851.0
851.0
851.0
851.0
851.0
851.0
851.0
851.0
851.0
851.0
851.0
851.0
851.0
851.0
851.0
851.0
851.0
851.0
851.0
851.0
851.0
851.0
851.0
851.0
851.0
851.0
851.0
851.0
851.0
851.0
851.0
851.0
851.0
851.0
851.0
851.0
851.0
851.0
851.0
851.0
851.0
851.0
851.0
851.0
851.0
851.0
851.0
851.0
851.0
851.0
851.0
851.0
851.0
851.0
851.0
851.0
851.0
851.0
851.0
851.0
851.0
851.0
851.0
851.0
851.0
851.0
851.0
851.0
851.0
851.0
851.0
851.0
851.0
851.0
851.0
851.0
851.0
851.0
851.0
851.0
851.0
851.0
851.0
851.0
851.0
851.0
851.0
851.0
851.0
851.0
851.0
851.0
851.0
851.0
851.0
851.0
851.0
851.0
851.0
851.0
851.0
851.0
851.0
851.0
851.0
851.0
851.0
851.0
851.0
851.0
851.0
851.0
851.0
1821.0
1821.0
5429.0
5429.0
5429.0
5429.0
5429.0
5429.0
5429.0
5429.0
5429.0
303.0
303.0
303.0
303.0
303.0
303.0
139.0
139.0
139.0
139.0
139.0
139.0
139.0
139.0
139.0
714.0
714.0
714.0
714.0
714.0
714.0
714.0
714.0
714.0
714.0
714.0
714.0
714.0
714.0
714.0
714.0
714.0
714.0
714.0
714.0
714.0
714.0
714.0
714.0
714.0
714.0
714.0
714.0
714.0
714.0
714.0
714.0
714.0
714.0
714.0
714.0
714.0
714.0
714.0
714.0
714.0
714.0
714.0
714.0
714.0
714.0
714.0
714.0
714.0
714.0
714.0
714.0
714.0
714.0
714.0
714.0
714.0
714.0
714.0
714.0
714.0
714.0
714.0
714.0
714.0
714.0
714.0
714.0
714.0
714.0
714.0
714.0
714.0
714.0
714.0
714.0
714.0
714.0
714.0
3376.0
3376.0
3376.0
3376.0
3376.0
3376.0
2920.0
2920.0
2920.0
2920.0
2920.0
2920.0
1715.0
2216.0
2216.0
2216.0
2216.0
2216.0
2216.0
2216.0
2216.0
2216.0
2216.0
2216.0
2216.0
2216.0
2216.0
2216.0
1296.0
1296.0
1296.0
1296.0
1296.0
1296.0
1296.0
1296.0
1296.0
1296.0
1296.0
1296.0
1296.0
1296.0
1296.0
1296.0
5264.0
5098.0
2319.0
2319.0
2319.0
2319.0
2319.0
2319.0
2319.0
2319.0
2319.0
2319.0
2319.0
1771.0
1771.0
1771.0
1771.0
1771.0
1771.0
1771.0
1771.0
1329.0
1329.0
1329.0
1329.0
1329.0
1329.0
1329.0
1329.0
1329.0
1329.0
575.0
575.0
575.0
575.0
5407.0
5407.0
5407.0
2098.0
2098.0
2098.0
2098.0
2098.0
2098.0
2098.0
2098.0
2098.0
2098.0
2098.0
2098.0
2098.0
2098.0
2098.0
2370.0
1273.0
1273.0
1273.0
1273.0
1273.0
1273.0
2031.0
2031.0
2831.0
2831.0
2831.0
2831.0
2831.0
2831.0
2831.0
2831.0
2831.0
2831.0
2831.0
2831.0
2831.0
2831.0
2831.0
2831.0
2831.0
2831.0
2831.0
2831.0
2831.0
2831.0
2831.0
3024.0
3024.0
3024.0
3024.0
3024.0
3024.0
3024.0
3024.0
3024.0
3024.0
3024.0
3499.0
2565.0
2565.0
2565.0
1439.0
1439.0
1439.0
1439.0
1439.0
1439.0
1439.0
2718.0
2718.0
2718.0
2718.0
1359.0
1359.0
1359.0
1359.0
1359.0
1359.0
1359.0
1359.0
1359.0
1359.0
1582.0
1582.0
1582.0
2357.0
2357.0
2357.0
2357.0
2357.0
2357.0
2357.0
2357.0
2357.0
5437.0
5437.0
5437.0
5437.0
5437.0
5437.0
5437.0
5437.0
874.0
874.0
874.0
874.0
874.0
874.0
874.0
874.0
2358.0
2358.0
2358.0
2358.0
2358.0
2358.0
2358.0
2529.0
2529.0
367.0
367.0
367.0
978.0
978.0
865.0
865.0
865.0
865.0
865.0
865.0
865.0
865.0
865.0
634.0
634.0
634.0
634.0
634.0
634.0
634.0
2663.0
2663.0
2663.0
2663.0
2663.0
2663.0
2663.0
2663.0
2663.0
2663.0
2663.0
2663.0
2663.0
2663.0
2663.0
2663.0
2663.0
2663.0
2663.0
2663.0
2663.0
2663.0
2663.0
2663.0
2663.0
2663.0
2663.0
2663.0
2663.0
2663.0
2663.0
2663.0
2663.0
2663.0
5004.0
5004.0
5004.0
5004.0
5004.0
5004.0
5004.0
5004.0
5004.0
5004.0
1116.0
1116.0
1116.0
1116.0
1116.0
1116.0
1116.0
1116.0
1116.0
1116.0
1116.0
1116.0
1116.0
1116.0
1116.0
1116.0
1116.0
1116.0
1116.0
1116.0
1116.0
1116.0
1116.0
1116.0
3379.0
3379.0
3379.0
3379.0
3379.0
3379.0
3379.0
3379.0
3379.0
3379.0
3379.0
305.0
305.0
305.0
305.0
305.0
305.0
305.0
305.0
305.0
305.0
305.0
305.0
305.0
305.0
305.0
305.0
305.0
305.0
305.0
305.0
305.0
305.0
305.0
305.0
305.0
305.0
305.0
305.0
305.0
305.0
305.0
305.0
305.0
1948.0
1948.0
1948.0
1948.0
1948.0
1948.0
1948.0
1948.0
1948.0
1948.0
1948.0
1948.0
1948.0
1948.0
1948.0
1948.0
1948.0
1948.0
1948.0
1948.0
1948.0
1948.0
1948.0
1948.0
1948.0
1948.0
1948.0
1948.0
1948.0
2832.0
2832.0
2832.0
2832.0
2832.0
2832.0
2832.0
2832.0
2832.0
2832.0
2832.0
2832.0
2832.0
2832.0
2832.0
2832.0
2832.0
2832.0
4209.0
4209.0
2508.0
2508.0
2508.0
2508.0
2508.0
3007.0
4274.0
4274.0
4274.0
2911.0
2911.0
2911.0
2911.0
2911.0
2911.0
2911.0
2911.0
2911.0
2911.0
2911.0
2911.0
2911.0
2911.0
2911.0
2911.0
535.0
535.0
535.0
535.0
535.0
535.0
535.0
5532.0
5532.0
5532.0
5532.0
5532.0
5532.0
5532.0
5532.0
5532.0
5532.0
5532.0
5532.0
5532.0
5532.0
5532.0
5532.0
5532.0
5532.0
5532.0
5532.0
5532.0
5532.0
5532.0
5532.0
5532.0
5532.0
822.0
822.0
822.0
822.0
822.0
2052.0
2052.0
2052.0
2052.0
2052.0
2052.0
2052.0
2052.0
1397.0
1397.0
2104.0
2104.0
2104.0
2104.0
2104.0
2104.0
2104.0
2104.0
2104.0
2104.0
3075.0
3075.0
3075.0
3075.0
3075.0
3075.0
3075.0
1464.0
1464.0
1464.0
1464.0
1464.0
1464.0
1464.0
156.0
156.0
3186.0
3186.0
3186.0
3186.0
2794.0
2794.0
2794.0
2794.0
2794.0
2794.0
2794.0
2794.0
2794.0
2794.0
2794.0
2794.0
2794.0
2794.0
2794.0
2794.0
2794.0
2794.0
2794.0
2794.0
2794.0
2794.0
2794.0
2794.0
2794.0
2794.0
2794.0
2794.0
2794.0
2794.0
2794.0
2794.0
2794.0
2794.0
2794.0
2794.0
2794.0
2794.0
2794.0
2794.0
2794.0
2794.0
2794.0
2794.0
2794.0
2794.0
2794.0
2794.0
2794.0
2794.0
2794.0
2794.0
2794.0
2794.0
2794.0
2794.0
2794.0
2794.0
2794.0
2794.0
2794.0
2794.0
2794.0
2794.0
2794.0
2794.0
2794.0
2794.0
2794.0
2620.0
2620.0
2620.0
2620.0
2620.0
3356.0
3356.0
3356.0
3356.0
3356.0
3356.0
3356.0
3356.0
3356.0
3356.0
3356.0
3356.0
3356.0
3356.0
3356.0
3356.0
3356.0
3356.0
3356.0
3356.0
3356.0
2753.0
2753.0
2753.0
251.0
251.0
251.0
251.0
251.0
251.0
251.0
251.0
251.0
251.0
251.0
251.0
251.0
251.0
251.0
251.0
251.0
251.0
251.0
251.0
251.0
251.0
251.0
251.0
251.0
748.0
748.0
2993.0
2993.0
2993.0
2993.0
5528.0
5528.0
861.0
861.0
861.0
861.0
861.0
72.0
1692.0
1692.0
1692.0
1692.0
1692.0
1692.0
1692.0
1692.0
1692.0
1692.0
1692.0
1692.0
1692.0
1692.0
1692.0
1692.0
1692.0
1692.0
1692.0
1206.0
1206.0
1206.0
1206.0
1206.0
1206.0
1206.0
1206.0
1206.0
1206.0
1206.0
1206.0
1206.0
1206.0
1206.0
1206.0
1206.0
1206.0
1206.0
1206.0
1206.0
1206.0
1206.0
1206.0
1206.0
1206.0
1206.0
1206.0
1206.0
1206.0
1206.0
1206.0
1206.0
1206.0
1206.0
1206.0
1206.0
1206.0
1206.0
1206.0
1206.0
1206.0
1206.0
1206.0
1206.0
1206.0
1206.0
1206.0
1206.0
1206.0
1206.0
1206.0
1206.0
1206.0
1206.0
1206.0
1206.0
1206.0
1206.0
1206.0
1206.0
1206.0
1206.0
1206.0
1206.0
1206.0
1206.0
1206.0
1206.0
1206.0
1206.0
1206.0
1206.0
1206.0
1206.0
1206.0
1206.0
1206.0
1206.0
1206.0
1206.0
1206.0
1206.0
1206.0
1206.0
1206.0
1206.0
1206.0
1206.0
1206.0
1206.0
1206.0
1206.0
1206.0
1206.0
1206.0
1206.0
1206.0
1206.0
1206.0
1206.0
1206.0
1206.0
1206.0
1206.0
1206.0
1206.0
1206.0
1206.0
1206.0
1206.0
1206.0
1206.0
1206.0
1206.0
1206.0
1206.0
1206.0
1206.0
1206.0
1206.0
1206.0
1206.0
1206.0
1206.0
1206.0
1206.0
1206.0
1206.0
1206.0
1206.0
1206.0
1206.0
1206.0
1206.0
1206.0
1206.0
1206.0
1206.0
1206.0
1206.0
1206.0
1206.0
1206.0
1206.0
1206.0
1206.0
1206.0
1206.0
1206.0
1206.0
1206.0
1206.0
1206.0
1905.0
1905.0
1905.0
1905.0
1905.0
1905.0
2020.0
2020.0
2020.0
2020.0
2020.0
2020.0
2020.0
1736.0
1736.0
1736.0
1736.0
1736.0
1736.0
1736.0
1736.0
1736.0
1736.0
1736.0
1736.0
1736.0
1736.0
1736.0
1736.0
1736.0
1736.0
1736.0
1736.0
1736.0
1736.0
1736.0
1736.0
1736.0
5381.0
5596.0
5596.0
1402.0
1402.0
1402.0
1402.0
1402.0
1402.0
1402.0
1402.0
1402.0
1402.0
1402.0
1402.0
1402.0
1402.0
1402.0
1402.0
1402.0
1402.0
1402.0
1402.0
1402.0
1402.0
1402.0
1402.0
1402.0
4158.0
4158.0
1816.0
1816.0
1816.0
1816.0
1816.0
1816.0
1816.0
1816.0
1816.0
1816.0
1816.0
1816.0
1816.0
1816.0
1816.0
1816.0
1816.0
1816.0
1816.0
1816.0
1816.0
1816.0
1816.0
1816.0
1816.0
1816.0
1816.0
1816.0
1816.0
1816.0
1816.0
1816.0
1816.0
1816.0
1816.0
1816.0
1816.0
1816.0
1816.0
1816.0
1816.0
3362.0
5194.0
5194.0
5194.0
1575.0
1575.0
1575.0
1575.0
1575.0
1575.0
1575.0
1575.0
1575.0
1575.0
1575.0
1575.0
1575.0
1575.0
1575.0
4450.0
898.0
898.0
898.0
898.0
898.0
898.0
898.0
898.0
898.0
898.0
898.0
898.0
898.0
898.0
898.0
898.0
898.0
898.0
898.0
898.0
898.0
898.0
898.0
898.0
898.0
898.0
898.0
898.0
898.0
898.0
898.0
898.0
898.0
898.0
898.0
898.0
898.0
898.0
898.0
29.0
29.0
29.0
29.0
29.0
29.0
29.0
29.0
29.0
29.0
29.0
29.0
29.0
29.0
29.0
4314.0
4314.0
1782.0
1782.0
1782.0
1782.0
1782.0
1782.0
1782.0
3286.0
3286.0
3286.0
3286.0
3286.0
3286.0
3286.0
3286.0
3286.0
3286.0
3286.0
3286.0
3286.0
3286.0
3286.0
3286.0
3286.0
3286.0
3286.0
3286.0
3286.0
3286.0
3286.0
3286.0
3286.0
3286.0
2299.0
2299.0
2299.0
2299.0
2299.0
2299.0
2299.0
2299.0
2299.0
2299.0
2299.0
2299.0
2299.0
2299.0
2299.0
2299.0
2299.0
2299.0
2299.0
2299.0
2299.0
2299.0
869.0
869.0
869.0
869.0
869.0
869.0
869.0
869.0
2775.0
2775.0
2775.0
2775.0
2775.0
2775.0
2775.0
2775.0
2775.0
2775.0
2775.0
2775.0
2775.0
2775.0
2775.0
2775.0
5440.0
5440.0
5440.0
5440.0
5440.0
5440.0
5440.0
5440.0
5440.0
5440.0
5440.0
5440.0
5440.0
5440.0
5440.0
5440.0
5440.0
5440.0
5440.0
5440.0
5440.0
966.0
966.0
966.0
966.0
966.0
966.0
966.0
966.0
966.0
966.0
966.0
2789.0
2789.0
2789.0
2789.0
2789.0
2789.0
2789.0
2789.0
2789.0
2789.0
2789.0
2789.0
2789.0
2789.0
2789.0
2789.0
2789.0
2789.0
2789.0
2789.0
879.0
879.0
879.0
879.0
879.0
879.0
879.0
879.0
879.0
879.0
879.0
879.0
879.0
879.0
879.0
879.0
879.0
879.0
879.0
879.0
2345.0
2345.0
2345.0
2345.0
2345.0
2345.0
2345.0
2345.0
2345.0
2345.0
2345.0
2345.0
2345.0
2345.0
2345.0
2345.0
2345.0
2345.0
2345.0
2345.0
2345.0
2345.0
2345.0
2345.0
2345.0
2345.0
2345.0
2345.0
2345.0
2345.0
2345.0
2345.0
2345.0
2345.0
2345.0
2345.0
2345.0
2345.0
2345.0
2345.0
2345.0
2345.0
2345.0
2345.0
2345.0
2345.0
2345.0
2345.0
2345.0
2345.0
2345.0
2345.0
2345.0
2345.0
2345.0
2345.0
2345.0
2345.0
2345.0
2345.0
2345.0
2345.0
2345.0
2345.0
2345.0
2345.0
2345.0
2345.0
2345.0
2345.0
2345.0
2345.0
2345.0
2345.0
2959.0
2959.0
2959.0
2959.0
2959.0
2959.0
2959.0
2959.0
2959.0
2959.0
2959.0
2959.0
2959.0
2959.0
2959.0
2959.0
2959.0
2959.0
2959.0
2959.0
2959.0
2959.0
2959.0
2959.0
2959.0
2959.0
2959.0
2959.0
2959.0
2959.0
2959.0
2959.0
2959.0
2959.0
2959.0
2959.0
2959.0
2959.0
2959.0
2959.0
3361.0
3361.0
3361.0
3361.0
3361.0
3361.0
3361.0
3361.0
3361.0
3361.0
2734.0
2734.0
2734.0
2734.0
2734.0
2734.0
2734.0
2734.0
2734.0
2734.0
2734.0
2734.0
2734.0
2734.0
2734.0
4698.0
4698.0
4698.0
4698.0
348.0
348.0
348.0
1367.0
1367.0
1367.0
1367.0
1367.0
1367.0
1367.0
1367.0
1367.0
1367.0
1367.0
1367.0
1367.0
1367.0
1367.0
1367.0
1367.0
1367.0
1367.0
1367.0
1367.0
1367.0
1367.0
1367.0
1367.0
1367.0
1367.0
1367.0
1367.0
1367.0
1367.0
1367.0
1367.0
1367.0
1367.0
1367.0
1367.0
1367.0
1367.0
1367.0
1367.0
1367.0
1367.0
1367.0
1367.0
1367.0
1367.0
1367.0
1367.0
1367.0
1367.0
1367.0
1367.0
1367.0
1367.0
1367.0
1367.0
1367.0
1367.0
1367.0
1367.0
1367.0
1367.0
1367.0
1367.0
1367.0
1367.0
1367.0
1367.0
1367.0
1367.0
1367.0
1367.0
1367.0
1367.0
1367.0
1367.0
1367.0
1367.0
1367.0
1367.0
1367.0
1367.0
1367.0
1367.0
1367.0
1367.0
1367.0
1367.0
1367.0
1367.0
1367.0
1367.0
1367.0
1367.0
1367.0
1367.0
1367.0
1367.0
1367.0
1367.0
1367.0
1367.0
1367.0
1367.0
1367.0
1367.0
1367.0
1367.0
1367.0
1367.0
1367.0
1367.0
1367.0
1367.0
1367.0
1367.0
1367.0
1367.0
2717.0
2717.0
2717.0
2717.0
2717.0
2717.0
2717.0
2717.0
2717.0
2717.0
2717.0
2717.0
2717.0
2717.0
2717.0
2717.0
2717.0
2717.0
2717.0
2717.0
2717.0
1469.0
1469.0
1469.0
1469.0
1469.0
1469.0
1469.0
1469.0
4540.0
4540.0
4755.0
5229.0
3264.0
2353.0
2353.0
4177.0
4177.0
4569.0
4569.0
4348.0
4348.0
3980.0
3980.0
3980.0
3980.0
3980.0
3980.0
3339.0
3339.0
3339.0
3339.0
3339.0
3339.0
3339.0
3339.0
3339.0
3339.0
3339.0
3339.0
3339.0
3339.0
3712.0
3712.0
3712.0
3712.0
3712.0
3712.0
3712.0
3712.0
1682.0
4777.0
4777.0
3853.0
3853.0
2952.0
2952.0
2952.0
2952.0
2952.0
2952.0
2952.0
2952.0
2952.0
2952.0
2952.0
2952.0
2952.0
2952.0
2952.0
2952.0
2952.0
2952.0
2952.0
2952.0
2952.0
2952.0
2952.0
2952.0
2952.0
2952.0
2952.0
2952.0
2952.0
2952.0
2952.0
2952.0
2952.0
2952.0
2952.0
2952.0
2952.0
2952.0
2952.0
2952.0
2952.0
2952.0
2952.0
2952.0
2952.0
2952.0
2952.0
2952.0
2952.0
2952.0
2952.0
2952.0
2952.0
2952.0
2952.0
2952.0
2952.0
2952.0
2454.0
2454.0
2454.0
2377.0
2377.0
2377.0
2377.0
2377.0
2377.0
2377.0
2377.0
2377.0
2377.0
2377.0
2377.0
2377.0
2377.0
2377.0
2377.0
2377.0
2377.0
5305.0
5305.0
4056.0
4056.0
4056.0
368.0
368.0
368.0
4404.0
4404.0
5132.0
5132.0
5132.0
3183.0
3183.0
5469.0
4785.0
4785.0
1806.0
2692.0
4162.0
4162.0
4162.0
4162.0
4162.0
4162.0
4162.0
649.0
649.0
649.0
649.0
649.0
649.0
649.0
649.0
649.0
649.0
649.0
649.0
649.0
649.0
1451.0
1451.0
1451.0
1451.0
1451.0
1451.0
1451.0
1451.0
1451.0
1451.0
1451.0
1451.0
1451.0
1451.0
1451.0
1451.0
1451.0
1451.0
1451.0
1451.0
1451.0
1451.0
1125.0
1125.0
1125.0
1125.0
1125.0
1125.0
1125.0
1125.0
1125.0
1125.0
1125.0
1125.0
1125.0
1242.0
1242.0
1242.0
1242.0
1242.0
1242.0
2438.0
2438.0
2438.0
2438.0
2438.0
2438.0
2438.0
2438.0
2438.0
2438.0
2438.0
2438.0
1614.0
1614.0
1614.0
1614.0
1614.0
1614.0
3151.0
5585.0
5585.0
5585.0
4485.0
4485.0
4485.0
4485.0
4485.0
4485.0
4485.0
2768.0
2768.0
2768.0
2768.0
2768.0
2768.0
2768.0
2768.0
2768.0
2768.0
2768.0
2957.0
2957.0
2957.0
2957.0
443.0
443.0
443.0
1383.0
1383.0
1383.0
478.0
478.0
478.0
478.0
478.0
478.0
2158.0
2158.0
2158.0
2158.0
2158.0
2158.0
2158.0
2158.0
2158.0
2158.0
2158.0
2158.0
2158.0
2158.0
2158.0
2158.0
2158.0
2158.0
2158.0
2158.0
2158.0
2158.0
2158.0
5252.0
5252.0
5252.0
1567.0
1567.0
1567.0
1567.0
4475.0
4475.0
4475.0
2955.0
2955.0
2955.0
2955.0
1845.0
1845.0
1845.0
1845.0
1845.0
1845.0
1845.0
1845.0
1845.0
1845.0
1845.0
1845.0
1845.0
1845.0
1845.0
1845.0
1845.0
1845.0
1845.0
1845.0
1845.0
1493.0
4016.0
4016.0
4016.0
4016.0
4016.0
4016.0
1604.0
1604.0
1604.0
1604.0
1604.0
1604.0
1604.0
1604.0
1604.0
1604.0
1604.0
1604.0
1604.0
1604.0
1604.0
1604.0
1604.0
1604.0
2668.0
2668.0
2668.0
2668.0
2763.0
2763.0
2763.0
2763.0
2763.0
2763.0
2763.0
2763.0
2763.0
2763.0
2763.0
2763.0
2763.0
2763.0
2763.0
2763.0
2763.0
2763.0
2763.0
2763.0
2763.0
2763.0
2763.0
2763.0
2763.0
2763.0
2763.0
2763.0
2763.0
2763.0
2763.0
2763.0
2763.0
3899.0
3899.0
3899.0
5104.0
4246.0
4246.0
4246.0
4246.0
4246.0
2361.0
2361.0
2348.0
3432.0
3156.0
5299.0
3043.0
3043.0
3043.0
3043.0
3043.0
3043.0
3043.0
1890.0
1890.0
1890.0
1890.0
1890.0
4621.0
320.0
5623.0
5623.0
5623.0
5623.0
1772.0
4276.0
2226.0
2226.0
2226.0
2226.0
2226.0
1322.0
1322.0
1322.0
1322.0
1602.0
1210.0
3173.0
3173.0
3173.0
3173.0
3173.0
3173.0
3173.0
2116.0
2116.0
2019.0
25.0
3135.0
3135.0
3135.0
3503.0
4714.0
1484.0
1484.0
1484.0
2833.0
2833.0
2833.0
2833.0
2833.0
2833.0
2833.0
4208.0
5008.0
5008.0
5008.0
2217.0
2217.0
2217.0
1765.0
1765.0
1765.0
1765.0
1334.0
1334.0
1334.0
1334.0
1334.0
1334.0
1334.0
1334.0
1334.0
1334.0
1334.0
1334.0
1334.0
1334.0
1334.0
1334.0
1334.0
1334.0
1334.0
1334.0
1334.0
1334.0
1334.0
1334.0
1334.0
1334.0
1334.0
1334.0
1334.0
1334.0
5483.0
1101.0
1101.0
1101.0
1101.0
1101.0
1101.0
1101.0
1101.0
1101.0
1101.0
1101.0
1101.0
3559.0
3559.0
3559.0
3559.0
3559.0
3559.0
3559.0
3559.0
3559.0
3559.0
3559.0
3559.0
3559.0
3559.0
3559.0
5635.0
5635.0
3622.0
5315.0
1973.0
1973.0
1973.0
1973.0
1973.0
1973.0
1973.0
1973.0
1973.0
1973.0
1973.0
1973.0
1973.0
1973.0
1973.0
1973.0
1973.0
1973.0
1973.0
1973.0
1973.0
1973.0
1973.0
1973.0
1973.0
1973.0
1973.0
1973.0
1973.0
1973.0
1973.0
1973.0
1973.0
1973.0
1973.0
1973.0
1973.0
1973.0
2367.0
144.0
144.0
144.0
144.0
144.0
144.0
144.0
144.0
144.0
144.0
144.0
144.0
144.0
144.0
144.0
144.0
144.0
144.0
144.0
144.0
144.0
144.0
144.0
144.0
144.0
144.0
946.0
946.0
946.0
946.0
1202.0
1202.0
1202.0
1202.0
1202.0
1202.0
1202.0
1202.0
1202.0
1202.0
1202.0
1202.0
1202.0
1202.0
1202.0
1202.0
1202.0
1202.0
1202.0
1202.0
1202.0
5475.0
5475.0
5475.0
1766.0
1766.0
5314.0
5001.0
5001.0
5001.0
221.0
3642.0
3642.0
3642.0
2787.0
2787.0
2787.0
2787.0
2787.0
2787.0
2787.0
2787.0
2787.0
2787.0
2787.0
2787.0
2787.0
2787.0
2787.0
2787.0
2787.0
2787.0
2787.0
2787.0
2787.0
2787.0
2787.0
2787.0
2787.0
2787.0
2787.0
2787.0
2787.0
4704.0
4704.0
4704.0
4704.0
4704.0
555.0
1966.0
1966.0
1966.0
1966.0
1966.0
1966.0
1966.0
1966.0
1966.0
1966.0
1966.0
1966.0
1966.0
1966.0
1966.0
1966.0
1966.0
1966.0
1966.0
5628.0
5628.0
5628.0
5628.0
5628.0
5628.0
5628.0
5628.0
5054.0
2902.0
2902.0
2902.0
2902.0
2902.0
2902.0
2902.0
2902.0
2902.0
2902.0
4101.0
4101.0
4101.0
4101.0
4101.0
4101.0
4101.0
4101.0
4101.0
4101.0
4101.0
4101.0
4101.0
4101.0
4101.0
4499.0
4842.0
4842.0
4842.0
4842.0
4842.0
4842.0
4906.0
2371.0
2371.0
2371.0
2371.0
2371.0
5224.0
5224.0
1207.0
2675.0
2675.0
2675.0
2675.0
2675.0
2675.0
2675.0
2675.0
2675.0
2675.0
2675.0
2675.0
2675.0
2675.0
2675.0
2675.0
2675.0
2675.0
2675.0
2675.0
2675.0
2675.0
2675.0
2675.0
2675.0
2675.0
2675.0
2675.0
2675.0
2675.0
561.0
4574.0
4574.0
4574.0
1321.0
1321.0
1321.0
1321.0
1321.0
1321.0
1321.0
2616.0
2616.0
2616.0
2616.0
2616.0
2616.0
2616.0
2616.0
2616.0
2616.0
2616.0
2616.0
2616.0
2616.0
2616.0
2616.0
3913.0
3913.0
3723.0
3723.0
3723.0
431.0
431.0
4236.0
4236.0
4236.0
203.0
203.0
2577.0
2577.0
2577.0
2577.0
2577.0
2577.0
2577.0
2577.0
2577.0
2577.0
2577.0
2577.0
2577.0
2577.0
2577.0
2577.0
2577.0
2577.0
2577.0
2577.0
2577.0
2577.0
2577.0
2577.0
2577.0
2577.0
2577.0
2577.0
2577.0
2577.0
2577.0
2577.0
2577.0
2577.0
2577.0
2577.0
2577.0
2577.0
2239.0
2239.0
2239.0
2239.0
2239.0
1286.0
1286.0
1286.0
4017.0
4017.0
4017.0
4017.0
4017.0
2541.0
2541.0
2541.0
2541.0
2541.0
2541.0
2541.0
2541.0
2541.0
2541.0
2541.0
2541.0
2541.0
2541.0
332.0
332.0
332.0
332.0
332.0
332.0
4268.0
4268.0
4268.0
4268.0
4268.0
4268.0
4268.0
4268.0
4268.0
4215.0
4215.0
3398.0
3398.0
3398.0
3398.0
3398.0
3398.0
3398.0
3398.0
3398.0
3398.0
3398.0
3398.0
3398.0
3398.0
3398.0
3398.0
3398.0
3398.0
3398.0
3398.0
3398.0
3398.0
3398.0
3398.0
3398.0
3398.0
3398.0
3398.0
3398.0
3398.0
3398.0
3398.0
4364.0
4364.0
4364.0
4364.0
4364.0
4364.0
4364.0
4364.0
4364.0
4364.0
4364.0
4364.0
4364.0
4364.0
4364.0
4364.0
4364.0
4364.0
4364.0
4364.0
4364.0
4364.0
4364.0
4364.0
4364.0
4364.0
4364.0
4364.0
4364.0
4364.0
4364.0
4364.0
4364.0
4364.0
4364.0
4364.0
4625.0
3354.0
2365.0
2365.0
2365.0
2365.0
2365.0
3181.0
2748.0
2748.0
2748.0
2748.0
2748.0
3774.0
3829.0
3829.0
3829.0
3829.0
5434.0
5084.0
5084.0
3906.0
1488.0
1488.0
1488.0
1488.0
1488.0
1488.0
1488.0
1488.0
1488.0
1488.0
1488.0
1488.0
4557.0
4557.0
4277.0
5213.0
5213.0
5213.0
5213.0
5213.0
2255.0
2255.0
2255.0
2255.0
2255.0
2255.0
2255.0
2255.0
5038.0
5038.0
5038.0
5038.0
5038.0
5038.0
5038.0
5038.0
3297.0
3297.0
3317.0
3317.0
3317.0
3317.0
3317.0
3317.0
3317.0
3317.0
3317.0
3317.0
3317.0
3317.0
3317.0
3317.0
3317.0
3317.0
3317.0
3317.0
3317.0
3317.0
3317.0
3317.0
3317.0
3317.0
3317.0
5606.0
5606.0
5606.0
1453.0
1453.0
1453.0
1453.0
1453.0
1338.0
1338.0
1338.0
1338.0
1338.0
1338.0
1338.0
1338.0
1338.0
1338.0
2846.0
2846.0
2846.0
2846.0
2846.0
2846.0
2846.0
2846.0
2151.0
2151.0
2151.0
2151.0
2151.0
2151.0
2151.0
2151.0
2151.0
1139.0
1139.0
1139.0
1139.0
1139.0
1139.0
3202.0
3202.0
3202.0
3202.0
3202.0
3202.0
3202.0
3202.0
3202.0
3202.0
3202.0
3202.0
2714.0
2714.0
2714.0
2714.0
2714.0
2714.0
2714.0
2714.0
2714.0
2714.0
1290.0
1290.0
1290.0
1290.0
1290.0
1290.0
1290.0
1290.0
1290.0
1290.0
1290.0
1290.0
1290.0
1290.0
1290.0
1290.0
1290.0
1290.0
3811.0
3811.0
889.0
889.0
889.0
889.0
889.0
889.0
889.0
889.0
889.0
3290.0
3290.0
3290.0
3290.0
3290.0
3290.0
3290.0
3290.0
3290.0
3290.0
3290.0
3290.0
3071.0
3071.0
3071.0
3071.0
3071.0
3071.0
4891.0
4891.0
4891.0
4891.0
4891.0
4891.0
4891.0
4891.0
4891.0
4891.0
4891.0
4891.0
4891.0
4891.0
4891.0
5278.0
5278.0
5278.0
5278.0
5278.0
5278.0
1797.0
1797.0
1797.0
1797.0
1797.0
1797.0
1797.0
1797.0
1797.0
1797.0
1797.0
1797.0
1797.0
1797.0
1961.0
1961.0
1961.0
1961.0
1961.0
1961.0
4505.0
4505.0
2091.0
2091.0
2091.0
2091.0
2091.0
2091.0
2091.0
2091.0
2091.0
2091.0
5222.0
5222.0
5222.0
5222.0
5222.0
5222.0
5222.0
5222.0
5222.0
735.0
735.0
735.0
798.0
798.0
798.0
798.0
798.0
798.0
798.0
798.0
798.0
1660.0
1660.0
1660.0
1660.0
1660.0
5444.0
5444.0
5444.0
5444.0
2707.0
2707.0
2707.0
2707.0
2707.0
2707.0
2707.0
2707.0
2707.0
2707.0
2707.0
2707.0
2707.0
2707.0
2707.0
2707.0
2707.0
2707.0
2707.0
1659.0
1659.0
1659.0
1659.0
1659.0
1659.0
1659.0
1659.0
1659.0
1659.0
4226.0
4226.0
4226.0
4226.0
4226.0
830.0
830.0
830.0
2591.0
2591.0
2591.0
2591.0
2591.0
2591.0
1305.0
1305.0
1305.0
4516.0
4516.0
3384.0
3384.0
3384.0
3384.0
1324.0
1324.0
1324.0
1324.0
1324.0
1324.0
1324.0
1324.0
1324.0
1324.0
1324.0
1324.0
1324.0
1324.0
1324.0
1324.0
1324.0
1324.0
1324.0
1324.0
1324.0
1324.0
2800.0
2800.0
2800.0
163.0
886.0
886.0
886.0
886.0
886.0
886.0
2907.0
2907.0
2907.0
2907.0
2907.0
2907.0
2907.0
2907.0
2907.0
4584.0
4087.0
4087.0
4087.0
4087.0
4087.0
4571.0
4571.0
4571.0
4571.0
4571.0
4571.0
4571.0
4571.0
4571.0
3152.0
1119.0
1119.0
1119.0
1119.0
1119.0
1119.0
1119.0
1119.0
3939.0
4078.0
2558.0
2558.0
2558.0
2558.0
2558.0
2558.0
2558.0
2558.0
2558.0
2558.0
2558.0
2558.0
2558.0
2558.0
2558.0
2558.0
2558.0
2558.0
2558.0
2558.0
2558.0
2558.0
1742.0
1742.0
3420.0
1580.0
1580.0
1580.0
1580.0
1580.0
1580.0
1580.0
1580.0
1580.0
1580.0
1580.0
1580.0
1580.0
1580.0
1580.0
1580.0
1580.0
1580.0
1580.0
1580.0
1580.0
1580.0
1580.0
5364.0
5364.0
5364.0
5364.0
5364.0
1049.0
1049.0
1049.0
1049.0
1049.0
1049.0
1049.0
1049.0
1049.0
1049.0
2087.0
2087.0
2087.0
2087.0
2087.0
2087.0
2087.0
2087.0
2087.0
2087.0
2087.0
2087.0
2087.0
2087.0
2087.0
2087.0
2087.0
2087.0
2087.0
2087.0
2087.0
848.0
848.0
848.0
848.0
848.0
848.0
848.0
848.0
848.0
848.0
848.0
848.0
848.0
848.0
850.0
850.0
850.0
850.0
850.0
850.0
850.0
850.0
850.0
850.0
908.0
908.0
908.0
908.0
908.0
908.0
908.0
908.0
908.0
908.0
908.0
908.0
908.0
908.0
908.0
908.0
908.0
908.0
908.0
908.0
908.0
908.0
908.0
908.0
908.0
908.0
908.0
908.0
908.0
908.0
908.0
908.0
908.0
908.0
908.0
908.0
908.0
908.0
908.0
908.0
908.0
908.0
908.0
908.0
908.0
908.0
685.0
685.0
685.0
685.0
685.0
685.0
685.0
685.0
685.0
685.0
685.0
685.0
685.0
685.0
685.0
685.0
685.0
685.0
685.0
685.0
685.0
685.0
685.0
685.0
685.0
685.0
685.0
685.0
685.0
685.0
685.0
685.0
685.0
685.0
685.0
685.0
685.0
685.0
685.0
685.0
685.0
685.0
685.0
685.0
685.0
685.0
685.0
685.0
685.0
685.0
685.0
685.0
685.0
685.0
685.0
685.0
685.0
685.0
685.0
685.0
685.0
685.0
685.0
685.0
685.0
685.0
2786.0
2786.0
2786.0
2786.0
2786.0
2786.0
907.0
907.0
907.0
907.0
907.0
907.0
907.0
907.0
907.0
907.0
907.0
907.0
907.0
907.0
907.0
907.0
907.0
907.0
907.0
907.0
907.0
907.0
907.0
907.0
907.0
907.0
907.0
907.0
4207.0
4207.0
2086.0
2086.0
2086.0
2086.0
2086.0
2086.0
2086.0
2086.0
2086.0
2086.0
2086.0
2837.0
2837.0
2837.0
2837.0
2837.0
2837.0
2837.0
1388.0
1388.0
1388.0
1388.0
1388.0
1388.0
1388.0
1275.0
1275.0
1275.0
1982.0
1982.0
1982.0
1982.0
1982.0
1982.0
1982.0
1982.0
1982.0
1982.0
1935.0
1935.0
1935.0
1935.0
1935.0
1935.0
1935.0
1935.0
1731.0
1731.0
1731.0
1731.0
1731.0
1731.0
1731.0
1731.0
1731.0
1731.0
1731.0
1731.0
3358.0
3358.0
3059.0
2735.0
2735.0
2735.0
2735.0
2735.0
2735.0
2735.0
2159.0
2159.0
2159.0
2159.0
2159.0
2159.0
2159.0
2159.0
2159.0
2159.0
2159.0
2159.0
252.0
252.0
252.0
252.0
252.0
252.0
252.0
5633.0
5633.0
5633.0
5633.0
3788.0
3525.0
1370.0
1370.0
5282.0
5282.0
5282.0
5282.0
5282.0
5282.0
5282.0
5282.0
5282.0
5282.0
5282.0
5282.0
5282.0
2225.0
2225.0
2225.0
2225.0
2225.0
2225.0
188.0
188.0
188.0
188.0
188.0
127.0
127.0
127.0
127.0
127.0
127.0
127.0
127.0
127.0
2442.0
1316.0
1316.0
1316.0
1316.0
1316.0
1316.0
1316.0
1316.0
5301.0
5301.0
5301.0
5301.0
5301.0
5301.0
5301.0
5301.0
5301.0
1110.0
1110.0
1110.0
1110.0
1110.0
1110.0
1110.0
1110.0
1110.0
1110.0
1110.0
1110.0
1110.0
1110.0
1110.0
1110.0
1110.0
1110.0
1110.0
1110.0
1110.0
1110.0
1110.0
1110.0
1110.0
1110.0
1110.0
1110.0
1110.0
1110.0
1110.0
1110.0
1110.0
1110.0
1110.0
1110.0
1110.0
1110.0
5258.0
5258.0
1111.0
1111.0
1111.0
1111.0
1111.0
1111.0
1111.0
2420.0
3099.0
3099.0
3099.0
3099.0
3099.0
3099.0
3099.0
3099.0
3099.0
3099.0
3099.0
3099.0
3099.0
3099.0
3099.0
3099.0
3099.0
3099.0
3099.0
3099.0
3099.0
3099.0
3099.0
3099.0
3252.0
3252.0
3252.0
3252.0
3252.0
3252.0
3252.0
3252.0
3252.0
3252.0
3252.0
3252.0
3252.0
3252.0
3252.0
3252.0
3252.0
3252.0
3252.0
84.0
1911.0
1911.0
1911.0
1911.0
1911.0
1289.0
1289.0
1289.0
1289.0
1289.0
1289.0
1289.0
1289.0
1289.0
1289.0
1289.0
1289.0
1289.0
1289.0
1289.0
1289.0
1289.0
1289.0
1289.0
1289.0
1289.0
1289.0
1289.0
1289.0
1289.0
1289.0
1289.0
1289.0
1289.0
1289.0
1289.0
1289.0
3047.0
3047.0
3047.0
3047.0
3047.0
3047.0
3047.0
2015.0
4800.0
4800.0
4800.0
4800.0
2421.0
1847.0
1847.0
1847.0
2177.0
2177.0
2177.0
2177.0
2177.0
2177.0
1428.0
1428.0
1428.0
1428.0
1428.0
2148.0
2148.0
2148.0
2148.0
2148.0
1537.0
1537.0
2820.0
2820.0
2820.0
1352.0
1352.0
1352.0
669.0
669.0
669.0
669.0
669.0
2220.0
2220.0
1939.0
5454.0
5454.0
5454.0
5454.0
5454.0
5454.0
3121.0
4938.0
4938.0
4938.0
4938.0
4938.0
4938.0
4938.0
4938.0
2415.0
2415.0
2341.0
2341.0
2341.0
2341.0
2341.0
2341.0
3957.0
3957.0
3957.0
3957.0
3957.0
297.0
297.0
297.0
297.0
297.0
297.0
297.0
297.0
297.0
297.0
2417.0
4988.0
4988.0
4988.0
2579.0
2579.0
2579.0
2579.0
2579.0
2579.0
2579.0
2579.0
4829.0
4829.0
4829.0
2588.0
2588.0
2588.0
2588.0
2588.0
2588.0
2588.0
2588.0
2588.0
2588.0
2588.0
2588.0
2588.0
2588.0
2588.0
2588.0
2588.0
2588.0
2588.0
2588.0
2588.0
2588.0
2588.0
2588.0
2588.0
3063.0
3063.0
3063.0
2989.0
3518.0
3518.0
3518.0
3518.0
3518.0
3518.0
3518.0
3518.0
3518.0
3518.0
3518.0
3518.0
3118.0
3953.0
1965.0
1965.0
1965.0
1965.0
1965.0
1965.0
1965.0
1965.0
4612.0
2500.0
2500.0
2500.0
2500.0
2500.0
1656.0
1656.0
1656.0
3786.0
3786.0
3786.0
598.0
598.0
598.0
4248.0
4248.0
4248.0
4248.0
5313.0
5313.0
5360.0
5360.0
5360.0
5360.0
5360.0
5360.0
5360.0
5360.0
5360.0
5360.0
5360.0
5360.0
1159.0
1159.0
1159.0
1159.0
1159.0
1159.0
1622.0
1622.0
1622.0
1622.0
1622.0
1622.0
1622.0
1622.0
1622.0
1622.0
1622.0
1622.0
1622.0
1622.0
1622.0
1622.0
1622.0
1622.0
1622.0
1622.0
1622.0
1622.0
1622.0
1622.0
1622.0
1622.0
1622.0
1622.0
1622.0
1622.0
1622.0
1622.0
1622.0
1622.0
1622.0
1622.0
1622.0
1622.0
1622.0
1622.0
1622.0
1622.0
1622.0
1622.0
1622.0
1622.0
1622.0
1622.0
1622.0
1622.0
1622.0
1622.0
1622.0
1622.0
1622.0
1622.0
1622.0
1622.0
1622.0
5259.0
5259.0
5259.0
3407.0
175.0
175.0
175.0
175.0
175.0
175.0
175.0
175.0
175.0
175.0
175.0
175.0
175.0
175.0
175.0
175.0
175.0
175.0
175.0
175.0
175.0
175.0
175.0
175.0
175.0
175.0
175.0
175.0
175.0
175.0
175.0
175.0
1998.0
5221.0
5221.0
2450.0
2450.0
2450.0
2450.0
2450.0
827.0
827.0
827.0
827.0
827.0
827.0
1295.0
1295.0
1295.0
1295.0
1295.0
1295.0
1295.0
823.0
823.0
823.0
823.0
823.0
823.0
823.0
823.0
823.0
823.0
823.0
823.0
823.0
823.0
823.0
823.0
4294.0
1114.0
1114.0
1114.0
1114.0
1114.0
2784.0
2784.0
2784.0
911.0
2018.0
2018.0
2018.0
2018.0
2018.0
2018.0
2018.0
2018.0
2018.0
2018.0
2018.0
2018.0
2018.0
3086.0
3086.0
3086.0
412.0
412.0
2411.0
2411.0
2411.0
2411.0
2411.0
2411.0
2411.0
2411.0
2411.0
2411.0
2411.0
2411.0
2411.0
2411.0
1409.0
1409.0
1409.0
3137.0
3137.0
3137.0
3327.0
3327.0
3327.0
3327.0
3327.0
3327.0
3327.0
3327.0
3327.0
4438.0
1171.0
1171.0
1171.0
1171.0
2564.0
2564.0
2564.0
2564.0
2564.0
2564.0
2564.0
2564.0
2564.0
2564.0
2564.0
2564.0
2564.0
2564.0
2564.0
2564.0
2564.0
2564.0
2564.0
2564.0
2564.0
2564.0
2564.0
2564.0
2564.0
2564.0
2564.0
2564.0
2564.0
2564.0
2564.0
2564.0
2564.0
2564.0
2564.0
2564.0
2564.0
2564.0
2564.0
2564.0
2564.0
2564.0
2564.0
2564.0
2564.0
2564.0
2564.0
2564.0
2564.0
2564.0
2564.0
2564.0
2564.0
2564.0
2564.0
2564.0
2564.0
2564.0
2564.0
2564.0
2564.0
2564.0
2564.0
2564.0
2564.0
2564.0
2564.0
2564.0
2564.0
2564.0
2564.0
2564.0
2564.0
2564.0
2564.0
2564.0
2564.0
2564.0
2564.0
2564.0
2564.0
2564.0
2564.0
2564.0
2564.0
2564.0
2564.0
2564.0
2564.0
2564.0
2564.0
2564.0
2564.0
2564.0
2564.0
2564.0
2564.0
2564.0
2564.0
2564.0
2564.0
2564.0
2564.0
2564.0
2564.0
2564.0
2564.0
2564.0
2564.0
2564.0
2564.0
2564.0
2564.0
2564.0
2564.0
2564.0
2564.0
2564.0
2564.0
2564.0
2564.0
2564.0
2564.0
2564.0
2564.0
1651.0
1651.0
1651.0
1651.0
1651.0
1651.0
1651.0
1651.0
1651.0
1651.0
1651.0
1651.0
1651.0
1651.0
5036.0
5036.0
5036.0
1433.0
1433.0
1433.0
1433.0
1433.0
1433.0
1433.0
1433.0
1433.0
1433.0
1433.0
1433.0
1433.0
1433.0
721.0
721.0
721.0
1112.0
2962.0
2962.0
2962.0
2962.0
2962.0
4154.0
4154.0
2168.0
2168.0
2168.0
2168.0
1629.0
1629.0
1629.0
1629.0
1629.0
1629.0
1629.0
1629.0
1629.0
1629.0
1629.0
1629.0
986.0
986.0
986.0
986.0
986.0
986.0
495.0
495.0
2840.0
2840.0
2840.0
1734.0
1734.0
1734.0
1734.0
1930.0
1930.0
1336.0
1336.0
1336.0
3869.0
3869.0
3869.0
3869.0
3869.0
3869.0
992.0
992.0
992.0
992.0
992.0
992.0
870.0
870.0
870.0
3113.0
3113.0
3113.0
3113.0
3113.0
3113.0
3113.0
2108.0
2108.0
2108.0
2108.0
2108.0
2108.0
2108.0
2108.0
2108.0
2108.0
2108.0
2108.0
2108.0
2108.0
2108.0
2108.0
3028.0
3028.0
3028.0
3028.0
920.0
920.0
1234.0
2072.0
2072.0
2072.0
2072.0
2072.0
2072.0
2072.0
2072.0
2072.0
2072.0
2072.0
717.0
717.0
717.0
717.0
717.0
717.0
717.0
717.0
717.0
717.0
717.0
717.0
717.0
717.0
717.0
717.0
717.0
2029.0
2029.0
2029.0
2029.0
2029.0
2029.0
3920.0
3920.0
2563.0
2563.0
2563.0
2563.0
2563.0
2563.0
2563.0
2563.0
2563.0
2563.0
2563.0
2563.0
2563.0
2563.0
2801.0
2801.0
2801.0
2801.0
2801.0
2801.0
2801.0
2801.0
2801.0
2801.0
2801.0
2801.0
3140.0
3140.0
3140.0
3140.0
3140.0
3140.0
166.0
166.0
166.0
166.0
166.0
166.0
166.0
166.0
166.0
166.0
166.0
166.0
166.0
166.0
166.0
166.0
166.0
3200.0
3200.0
3200.0
3200.0
3200.0
3200.0
3200.0
3200.0
3200.0
3200.0
3200.0
3200.0
3200.0
3200.0
3200.0
2051.0
2051.0
2051.0
1036.0
3207.0
1934.0
1934.0
1934.0
1934.0
1533.0
1735.0
1735.0
1735.0
1735.0
1735.0
1735.0
1735.0
1735.0
1735.0
1735.0
1735.0
1735.0
1735.0
2573.0
2573.0
2573.0
2929.0
2929.0
319.0
319.0
319.0
319.0
319.0
1732.0
1732.0
1732.0
1306.0
1306.0
1306.0
2601.0
2601.0
2601.0
2601.0
2601.0
2601.0
2601.0
2601.0
2601.0
2601.0
2601.0
2601.0
2601.0
2601.0
2601.0
2601.0
2601.0
2601.0
2601.0
2601.0
2601.0
2601.0
2601.0
2601.0
2601.0
2601.0
2601.0
5300.0
143.0
143.0
143.0
143.0
143.0
143.0
143.0
143.0
143.0
143.0
143.0
1774.0
1774.0
1774.0
1774.0
1774.0
1774.0
1774.0
1774.0
1774.0
1774.0
1774.0
1774.0
3783.0
3783.0
3783.0
3783.0
4596.0
4596.0
4596.0
4596.0
4596.0
4596.0
4596.0
4596.0
4596.0
4596.0
4596.0
4596.0
4596.0
4596.0
4596.0
4596.0
4596.0
4596.0
4596.0
4596.0
1587.0
1587.0
1587.0
1587.0
1587.0
1587.0
1587.0
1587.0
1587.0
1587.0
1587.0
242.0
1478.0
1478.0
1478.0
1478.0
2667.0
2667.0
5108.0
2599.0
2599.0
2599.0
2599.0
2599.0
2599.0
2599.0
2599.0
2599.0
3191.0
3191.0
5352.0
5352.0
5352.0
3097.0
2183.0
5468.0
2296.0
2296.0
2296.0
1129.0
1129.0
1129.0
1129.0
1129.0
1129.0
1129.0
1129.0
1129.0
1129.0
1129.0
1129.0
1878.0
2973.0
2973.0
2973.0
716.0
716.0
716.0
716.0
716.0
716.0
716.0
716.0
716.0
716.0
716.0
716.0
716.0
716.0
716.0
716.0
716.0
716.0
2551.0
2551.0
2551.0
2551.0
2551.0
3739.0
3739.0
600.0
2482.0
2482.0
2033.0
2033.0
2033.0
2033.0
2033.0
2033.0
2033.0
2033.0
2033.0
2033.0
2033.0
2033.0
2033.0
2033.0
2033.0
2033.0
2033.0
2033.0
2033.0
2033.0
2033.0
2033.0
2033.0
2033.0
2033.0
2033.0
2033.0
5331.0
5367.0
5367.0
2963.0
2963.0
2963.0
2963.0
2963.0
2963.0
2963.0
2963.0
2963.0
2320.0
2320.0
2750.0
2750.0
2750.0
2750.0
2750.0
2750.0
2750.0
2300.0
2300.0
2300.0
2300.0
2802.0
2802.0
2802.0
2802.0
2802.0
2802.0
2802.0
944.0
944.0
2617.0
2617.0
2617.0
171.0
171.0
4517.0
945.0
4180.0
4180.0
4180.0
4180.0
4180.0
4180.0
4180.0
4263.0
5239.0
5239.0
1578.0
1262.0
1262.0
1311.0
1311.0
1311.0
407.0
407.0
407.0
407.0
407.0
407.0
407.0
407.0
407.0
407.0
407.0
407.0
407.0
407.0
407.0
407.0
407.0
407.0
407.0
407.0
407.0
407.0
407.0
407.0
407.0
407.0
407.0
407.0
407.0
407.0
3654.0
3654.0
4929.0
4929.0
4929.0
4929.0
4929.0
4929.0
4929.0
4929.0
4929.0
3952.0
3952.0
3952.0
3952.0
3952.0
2144.0
2144.0
2144.0
2144.0
2144.0
1082.0
1082.0
1082.0
1082.0
1082.0
1082.0
1082.0
1082.0
4273.0
4273.0
118.0
118.0
118.0
730.0
730.0
730.0
730.0
730.0
730.0
730.0
730.0
730.0
730.0
758.0
758.0
758.0
758.0
758.0
758.0
758.0
758.0
758.0
758.0
758.0
758.0
2286.0
2286.0
2286.0
2286.0
2286.0
2286.0
2286.0
2286.0
2286.0
4913.0
4913.0
4913.0
2042.0
2042.0
2042.0
2042.0
2042.0
2042.0
2042.0
2042.0
2042.0
2042.0
2042.0
2042.0
2042.0
2042.0
2042.0
2042.0
2042.0
2042.0
2042.0
2042.0
2042.0
2042.0
5123.0
5123.0
1576.0
1576.0
1576.0
1576.0
1576.0
1576.0
1576.0
1576.0
1576.0
1576.0
1576.0
1576.0
1674.0
1674.0
499.0
499.0
499.0
499.0
499.0
499.0
499.0
499.0
499.0
2318.0
2318.0
2318.0
2318.0
2318.0
2318.0
2318.0
1545.0
1545.0
1545.0
1545.0
1545.0
1083.0
1083.0
1083.0
1083.0
1083.0
1083.0
1010.0
1010.0
1010.0
1010.0
1750.0
1750.0
1750.0
1750.0
1750.0
1750.0
1750.0
1750.0
1750.0
2277.0
2277.0
1550.0
1550.0
385.0
385.0
385.0
1386.0
2767.0
4053.0
4053.0
1254.0
1254.0
1254.0
1254.0
1254.0
5176.0
5176.0
237.0
237.0
237.0
917.0
917.0
2046.0
2046.0
2046.0
2046.0
2046.0
2046.0
2046.0
2046.0
2046.0
2046.0
2046.0
2046.0
2046.0
2046.0
2046.0
2046.0
2046.0
2046.0
559.0
559.0
559.0
559.0
1767.0
1767.0
229.0
229.0
229.0
229.0
229.0
229.0
229.0
1770.0
1770.0
398.0
398.0
398.0
4014.0
4014.0
4014.0
1164.0
1164.0
1164.0
3352.0
3352.0
3352.0
3478.0
4875.0
4051.0
4051.0
4051.0
2960.0
2960.0
2960.0
2960.0
2960.0
2960.0
2960.0
2960.0
2960.0
1784.0
1784.0
2844.0
2844.0
2844.0
1642.0
1642.0
1642.0
1642.0
1642.0
1642.0
1642.0
1642.0
1642.0
1642.0
1642.0
1642.0
1264.0
1264.0
1264.0
1264.0
1264.0
2283.0
2283.0
2283.0
2283.0
4824.0
4824.0
3039.0
3039.0
3039.0
3039.0
4899.0
4899.0
4899.0
925.0
925.0
925.0
925.0
925.0
925.0
3938.0
1014.0
1014.0
1014.0
1014.0
1014.0
3131.0
2548.0
2548.0
4343.0
4343.0
4343.0
4343.0
4343.0
4343.0
4343.0
1163.0
2170.0
2170.0
2170.0
2170.0
2170.0
2170.0
2170.0
2170.0
2170.0
2170.0
2170.0
2170.0
2170.0
2170.0
2170.0
2170.0
2170.0
2170.0
2170.0
2170.0
2170.0
2023.0
2023.0
4325.0
4325.0
4325.0
4325.0
4325.0
2934.0
2934.0
2934.0
2934.0
2934.0
2934.0
2934.0
2934.0
2934.0
2934.0
2934.0
2934.0
2934.0
3726.0
3726.0
3726.0
4887.0
4887.0
4857.0
645.0
645.0
645.0
645.0
645.0
645.0
1881.0
1881.0
1881.0
1881.0
5332.0
5332.0
5332.0
5030.0
5030.0
5030.0
5030.0
5030.0
1672.0
1672.0
3862.0
2653.0
2653.0
2653.0
2653.0
4828.0
5361.0
5361.0
5361.0
5361.0
5361.0
195.0
195.0
195.0
195.0
195.0
195.0
195.0
195.0
195.0
195.0
519.0
519.0
519.0
327.0
4614.0
4614.0
4614.0
4403.0
4403.0
2132.0
3069.0
3069.0
3069.0
3069.0
3069.0
3069.0
4160.0
3123.0
3123.0
3123.0
3123.0
3123.0
3123.0
3123.0
4197.0
4197.0
1346.0
1709.0
1709.0
1709.0
4722.0
3198.0
3038.0
664.0
664.0
664.0
664.0
1977.0
2687.0
2687.0
2687.0
2687.0
2687.0
2687.0
2687.0
2687.0
2687.0
2687.0
2687.0
2687.0
2687.0
2687.0
2687.0
1363.0
1363.0
1363.0
1363.0
3033.0
3033.0
3033.0
3033.0
3033.0
3033.0
3033.0
3033.0
3033.0
3033.0
2267.0
2267.0
972.0
972.0
972.0
972.0
972.0
972.0
972.0
972.0
972.0
972.0
972.0
972.0
972.0
972.0
972.0
972.0
972.0
972.0
972.0
972.0
972.0
972.0
972.0
972.0
972.0
972.0
972.0
972.0
972.0
972.0
972.0
972.0
972.0
972.0
972.0
972.0
972.0
972.0
972.0
972.0
972.0
972.0
972.0
972.0
972.0
972.0
972.0
972.0
972.0
972.0
972.0
972.0
1573.0
90.0
90.0
183.0
1822.0
3397.0
3397.0
3397.0
3397.0
1609.0
1609.0
2326.0
2326.0
3493.0
2222.0
901.0
2338.0
2338.0
3155.0
3155.0
3155.0
3155.0
3155.0
3155.0
3155.0
3155.0
3155.0
3155.0
3155.0
3155.0
3155.0
3155.0
3155.0
3155.0
3155.0
3155.0
3155.0
3155.0
3155.0
3155.0
3155.0
3155.0
3155.0
3155.0
3155.0
3155.0
3155.0
3155.0
3155.0
3155.0
3155.0
3155.0
3155.0
3155.0
3155.0
3155.0
3155.0
3155.0
3155.0
3155.0
1749.0
1749.0
1749.0
1749.0
3348.0
3348.0
3348.0
3348.0
3348.0
3348.0
3348.0
3348.0
3348.0
3348.0
3348.0
4993.0
4993.0
257.0
257.0
778.0
2340.0
2340.0
2102.0
4386.0
5353.0
1854.0
3897.0
3897.0
2143.0
2143.0
2686.0
2547.0
2547.0
2547.0
4743.0
4743.0
4743.0
4743.0
4743.0
2494.0
1444.0
1444.0
1444.0
1444.0
1444.0
1444.0
3492.0
3492.0
3492.0
1189.0
1189.0
2818.0
4369.0
4369.0
4369.0
4635.0
1308.0
1308.0
1308.0
1308.0
1308.0
1308.0
1308.0
1308.0
1308.0
1308.0
2852.0
2598.0
3110.0
58.0
58.0
58.0
4234.0
4234.0
4234.0
4234.0
4234.0
4234.0
4234.0
589.0
5392.0
3615.0
3615.0
69.0
69.0
69.0
69.0
3218.0
3218.0
3218.0
3218.0
3218.0
3218.0
3218.0
3218.0
3218.0
3218.0
3218.0
3218.0
3218.0
3218.0
4464.0
1419.0
1419.0
1419.0
1419.0
1419.0
1419.0
1419.0
3106.0
3106.0
3106.0
3106.0
3106.0
3106.0
3106.0
3106.0
3106.0
3106.0
3106.0
5431.0
5431.0
5431.0
5431.0
5076.0
5076.0
5076.0
1748.0
1748.0
1748.0
1748.0
71.0
71.0
71.0
2210.0
2210.0
2210.0
2210.0
2210.0
2210.0
2210.0
2210.0
3942.0
3942.0
3942.0
3942.0
4958.0
4958.0
1380.0
1380.0
1380.0
1380.0
2549.0
2549.0
2549.0
2549.0
2549.0
3001.0
511.0
511.0
511.0
2660.0
2660.0
1925.0
1925.0
1925.0
1925.0
1925.0
3048.0
3048.0
3048.0
3048.0
3048.0
1726.0
1726.0
2583.0
2583.0
3312.0
3312.0
1741.0
1741.0
2964.0
2964.0
5425.0
565.0
565.0
4848.0
4848.0
4848.0
4848.0
4848.0
4203.0
4203.0
4203.0
4203.0
4203.0
4203.0
4203.0
4203.0
187.0
2632.0
2632.0
2632.0
4740.0
3727.0
3727.0
4708.0
4708.0
5404.0
5404.0
448.0
448.0
448.0
4512.0
2094.0
2094.0
2094.0
2094.0
2094.0
2094.0
255.0
255.0
255.0
255.0
255.0
255.0
255.0
255.0
255.0
255.0
255.0
255.0
255.0
255.0
4204.0
4204.0
4204.0
4204.0
4204.0
4204.0
2016.0
2016.0
2016.0
2016.0
2016.0
2016.0
5263.0
5263.0
5263.0
5263.0
377.0
377.0
377.0
377.0
377.0
5007.0
5007.0
5007.0
3640.0
3640.0
3640.0
3640.0
3640.0
2824.0
4094.0
979.0
979.0
979.0
979.0
979.0
979.0
979.0
979.0
979.0
1037.0
1037.0
283.0
283.0
836.0
836.0
836.0
836.0
3623.0
5366.0
5366.0
5366.0
5366.0
5366.0
4472.0
715.0
715.0
715.0
715.0
715.0
715.0
715.0
715.0
715.0
2527.0
665.0
3528.0
2212.0
2212.0
2284.0
2284.0
2284.0
2284.0
2284.0
2284.0
2284.0
2284.0
2284.0
2284.0
2284.0
2284.0
2284.0
2284.0
2284.0
1200.0
1200.0
1200.0
4048.0
312.0
312.0
1004.0
1004.0
1004.0
1004.0
1004.0
1004.0
1004.0
1004.0
1157.0
1157.0
3383.0
3383.0
3383.0
3383.0
3383.0
3383.0
2213.0
2213.0
1339.0
1339.0
1339.0
1555.0
1555.0
1555.0
1555.0
1555.0
1555.0
1555.0
1555.0
1555.0
1555.0
1555.0
1555.0
1555.0
1947.0
1947.0
1947.0
1947.0
1947.0
1947.0
1947.0
1187.0
1437.0
4555.0
875.0
1283.0
1283.0
1283.0
1283.0
1283.0
2368.0
2965.0
2965.0
2965.0
1053.0
1053.0
1053.0
245.0
2228.0
2228.0
2228.0
1148.0
4854.0
4854.0
4854.0
4854.0
4854.0
4854.0
4854.0
4854.0
3011.0
3011.0
3011.0
3011.0
3011.0
3011.0
1669.0
1669.0
1379.0
1379.0
1379.0
1379.0
1379.0
1379.0
1379.0
1379.0
1379.0
1379.0
1379.0
1379.0
2238.0
952.0
952.0
952.0
952.0
952.0
952.0
952.0
5237.0
5237.0
5237.0
5237.0
5237.0
5237.0
5237.0
5237.0
5237.0
5237.0
5237.0
5237.0
5237.0
5237.0
5237.0
5237.0
2944.0
5219.0
1261.0
1261.0
2578.0
2578.0
2578.0
2578.0
2578.0
3627.0
3627.0
2000.0
2000.0
2000.0
2352.0
2040.0
2040.0
2040.0
2040.0
2040.0
2040.0
2040.0
2040.0
2040.0
2040.0
4057.0
21.0
21.0
296.0
296.0
2604.0
2604.0
2604.0
1747.0
1747.0
1747.0
1747.0
1747.0
1747.0
1747.0
3250.0
3762.0
3762.0
3762.0
1641.0
1641.0
1641.0
2637.0
2637.0
2637.0
2403.0
2403.0
2403.0
2403.0
2403.0
2403.0
2403.0
2403.0
2403.0
2403.0
2533.0
2533.0
2533.0
2533.0
2533.0
1589.0
1589.0
1509.0
1509.0
1509.0
2330.0
1876.0
1876.0
2785.0
2785.0
4302.0
526.0
526.0
526.0
526.0
526.0
526.0
3090.0
3090.0
3090.0
852.0
852.0
852.0
2648.0
2648.0
2648.0
2777.0
2777.0
2777.0
2432.0
2432.0
2566.0
4322.0
4398.0
1945.0
4489.0
4489.0
422.0
422.0
2839.0
2807.0
2807.0
2807.0
2807.0
2807.0
2807.0
2807.0
2807.0
2807.0
2807.0
2807.0
2807.0
2807.0
2807.0
2807.0
2807.0
3248.0
3248.0
1558.0
1558.0
4564.0
4564.0
4564.0
4564.0
4564.0
4564.0
4564.0
4564.0
1193.0
1193.0
2695.0
2695.0
2695.0
2695.0
2695.0
2695.0
2695.0
2695.0
4941.0
998.0
3684.0
3684.0
3684.0
1795.0
1795.0
1795.0
1795.0
1795.0
1795.0
3552.0
3552.0
3552.0
3552.0
3552.0
1399.0
1399.0
1399.0
1399.0
1399.0
1399.0
1399.0
1399.0
1399.0
1399.0
1399.0
1399.0
1399.0
1399.0
1399.0
2999.0
2999.0
2999.0
1984.0
1984.0
1552.0
1920.0
1920.0
1920.0
1920.0
1920.0
1920.0
1920.0
1920.0
1920.0
1920.0
1920.0
1920.0
1920.0
1920.0
1920.0
1920.0
1920.0
1920.0
1920.0
1920.0
5541.0
5541.0
5541.0
5541.0
5541.0
5541.0
77.0
494.0
3389.0
3307.0
3307.0
3307.0
5420.0
4599.0
4599.0
4599.0
2847.0
2847.0
2847.0
2137.0
2137.0
3242.0
2636.0
5200.0
1891.0
1891.0
1891.0
1891.0
1891.0
1891.0
3510.0
3510.0
3510.0
3510.0
3510.0
3510.0
3510.0
3510.0
3510.0
3510.0
3510.0
3510.0
3510.0
3510.0
3510.0
3510.0
3510.0
3510.0
3510.0
3510.0
3510.0
3510.0
3510.0
3510.0
3510.0
3510.0
3510.0
3510.0
3510.0
3510.0
3510.0
3510.0
3510.0
3510.0
3510.0
3510.0
3510.0
3510.0
3510.0
3510.0
3510.0
3510.0
3510.0
3510.0
3510.0
3510.0
3510.0
3510.0
3510.0
3510.0
3510.0
3510.0
3510.0
3510.0
3510.0
3510.0
3510.0
3510.0
3510.0
1967.0
1967.0
1967.0
1967.0
1967.0
1967.0
1967.0
1967.0
1967.0
1967.0
1967.0
1967.0
1967.0
1967.0
1967.0
1967.0
1967.0
1967.0
1967.0
1967.0
1967.0
1967.0
1967.0
1967.0
1967.0
1967.0
1967.0
1967.0
1967.0
1967.0
1967.0
1967.0
1967.0
1967.0
1967.0
1967.0
1967.0
1967.0
1967.0
1967.0
1967.0
1967.0
1967.0
1967.0
1967.0
1967.0
1967.0
2242.0
2242.0
2242.0
2242.0
2242.0
2242.0
2242.0
2242.0
2242.0
2242.0
2242.0
2242.0
2242.0
2242.0
2242.0
2242.0
2242.0
2242.0
2242.0
2242.0
2242.0
2242.0
2242.0
2242.0
2242.0
2242.0
2242.0
2242.0
2242.0
2242.0
2242.0
2242.0
2242.0
2242.0
2242.0
2242.0
2242.0
2242.0
2242.0
2242.0
2242.0
2242.0
2242.0
2242.0
2242.0
2242.0
2242.0
2242.0
2242.0
2242.0
2242.0
2242.0
2242.0
2242.0
2242.0
2242.0
2242.0
2242.0
2242.0
2242.0
2242.0
2242.0
2242.0
2242.0
2242.0
2242.0
2242.0
2242.0
2242.0
2242.0
2242.0
2242.0
5432.0
5432.0
5432.0
5432.0
5432.0
5432.0
5432.0
5432.0
5432.0
5432.0
5432.0
5432.0
5432.0
5432.0
5432.0
5432.0
5432.0
5432.0
5432.0
5432.0
5432.0
5432.0
5432.0
5432.0
5432.0
5432.0
5432.0
5432.0
5432.0
5432.0
1041.0
1041.0
1041.0
1041.0
1041.0
1041.0
1041.0
1041.0
1041.0
1041.0
1041.0
1041.0
1041.0
1041.0
1041.0
1041.0
1041.0
1041.0
1041.0
1041.0
1041.0
1041.0
1041.0
1041.0
1041.0
1041.0
1041.0
1041.0
1041.0
1041.0
1041.0
1041.0
1041.0
1041.0
1041.0
1041.0
1041.0
1041.0
1041.0
1041.0
1041.0
1041.0
1041.0
1041.0
1041.0
1041.0
1041.0
1041.0
1041.0
1041.0
1041.0
1041.0
1041.0
1041.0
1041.0
1041.0
1041.0
1041.0
1041.0
1041.0
1041.0
1041.0
1041.0
1041.0
1041.0
1041.0
1041.0
1041.0
1041.0
1041.0
1041.0
1041.0
1041.0
1041.0
1041.0
1041.0
1041.0
3103.0
3103.0
3103.0
3103.0
3103.0
3103.0
3103.0
3103.0
3103.0
3103.0
3103.0
3103.0
3103.0
3103.0
3103.0
3103.0
3103.0
1429.0
1429.0
1429.0
1429.0
1429.0
1429.0
1429.0
1429.0
1429.0
1429.0
1429.0
1429.0
1429.0
1429.0
1429.0
1429.0
1429.0
1429.0
1429.0
1429.0
1429.0
1429.0
1429.0
1429.0
1429.0
1429.0
1429.0
1429.0
1429.0
1429.0
1429.0
1429.0
1429.0
1429.0
1429.0
1429.0
1429.0
1429.0
1429.0
1429.0
1429.0
1429.0
1429.0
1429.0
1429.0
1429.0
1429.0
1429.0
1429.0
1429.0
1429.0
1429.0
1429.0
1429.0
1429.0
1429.0
1429.0
1429.0
1429.0
1429.0
1429.0
1429.0
1429.0
1429.0
646.0
646.0
646.0
646.0
646.0
646.0
646.0
646.0
646.0
646.0
646.0
646.0
646.0
646.0
646.0
646.0
646.0
646.0
646.0
646.0
646.0
646.0
646.0
646.0
646.0
646.0
646.0
646.0
646.0
646.0
646.0
646.0
646.0
646.0
646.0
646.0
646.0
646.0
646.0
646.0
646.0
646.0
646.0
646.0
646.0
646.0
646.0
646.0
646.0
646.0
646.0
646.0
646.0
646.0
646.0
646.0
646.0
646.0
646.0
646.0
646.0
646.0
646.0
646.0
646.0
646.0
646.0
646.0
646.0
646.0
646.0
646.0
646.0
646.0
646.0
646.0
1020.0
1020.0
1020.0
1020.0
1020.0
1020.0
1020.0
1020.0
1020.0
1020.0
1020.0
1020.0
1020.0
1020.0
1020.0
1020.0
1020.0
1020.0
1020.0
1020.0
1020.0
1020.0
1020.0
1020.0
1020.0
1020.0
1020.0
1020.0
1020.0
1020.0
1020.0
1020.0
1020.0
1020.0
1020.0
1020.0
1020.0
1020.0
1020.0
1020.0
1020.0
1020.0
1020.0
1020.0
1020.0
1020.0
1020.0
1020.0
1020.0
1020.0
1020.0
1020.0
1020.0
1020.0
1020.0
1020.0
1020.0
1020.0
1020.0
1020.0
1020.0
1020.0
1020.0
1020.0
1020.0
1020.0
1020.0
1020.0
1020.0
1020.0
1020.0
1020.0
1020.0
1020.0
1020.0
1020.0
1020.0
1020.0
1020.0
1020.0
1020.0
1020.0
1020.0
1020.0
1020.0
1020.0
1020.0
1020.0
1020.0
1020.0
1020.0
1020.0
1020.0
1020.0
1020.0
4480.0
4480.0
2756.0
2756.0
2756.0
2756.0
2756.0
2756.0
2756.0
1829.0
1829.0
1832.0
1832.0
1832.0
1832.0
1832.0
1832.0
1832.0
5390.0
256.0
256.0
1631.0
2700.0
2700.0
2700.0
2700.0
2700.0
2700.0
2249.0
48.0
48.0
48.0
2405.0
2405.0
2405.0
2405.0
2405.0
2405.0
2405.0
2405.0
2405.0
2405.0
2405.0
2405.0
2405.0
2405.0
2405.0
2405.0
2405.0
2405.0
2405.0
2405.0
2405.0
2405.0
1708.0
1708.0
1708.0
1868.0
1868.0
1868.0
1844.0
1844.0
1844.0
1844.0
1844.0
1844.0
1867.0
1867.0
4282.0
4282.0
4282.0
1610.0
1737.0
1737.0
4407.0
160.0
2017.0
2017.0
2017.0
2128.0
2128.0
2128.0
1828.0
1828.0
3955.0
4572.0
4916.0
4916.0
4916.0
2030.0
2030.0
2030.0
2030.0
2030.0
2030.0
1889.0
4211.0
4211.0
3241.0
3241.0
2699.0
2699.0
2699.0
2699.0
1005.0
1005.0
1780.0
1780.0
2765.0
3695.0
5530.0
5530.0
5180.0
5180.0
1166.0
1166.0
1166.0
1166.0
1166.0
1166.0
1392.0
1599.0
2697.0
4591.0
4591.0
4591.0
2506.0
2506.0
2506.0
2506.0
2506.0
1449.0
1449.0
1449.0
1449.0
1449.0
1449.0
1449.0
1449.0
1449.0
1449.0
1449.0
1449.0
1449.0
1449.0
3564.0
620.0
938.0
938.0
938.0
938.0
2615.0
2615.0
2615.0
1482.0
1482.0
1482.0
1482.0
1482.0
326.0
326.0
326.0
326.0
326.0
326.0
326.0
326.0
326.0
3663.0
3663.0
3663.0
3663.0
3002.0
3002.0
3002.0
3002.0
3002.0
3002.0
1015.0
1015.0
1015.0
373.0
373.0
373.0
897.0
897.0
897.0
897.0
897.0
897.0
897.0
897.0
897.0
897.0
897.0
897.0
897.0
897.0
897.0
897.0
897.0
897.0
897.0
897.0
897.0
3787.0
4093.0
4093.0
4093.0
4093.0
5517.0
5517.0
5517.0
5517.0
5571.0
5571.0
5571.0
5571.0
5571.0
5571.0
5571.0
5571.0
5571.0
5571.0
5571.0
5571.0
5571.0
5571.0
5571.0
5571.0
5571.0
5571.0
5571.0
5571.0
5571.0
5571.0
136.0
136.0
136.0
136.0
136.0
5574.0
5574.0
5574.0
5574.0
5574.0
5574.0
5574.0
5574.0
5574.0
5574.0
5574.0
5574.0
5574.0
5574.0
5574.0
5574.0
5574.0
5574.0
5574.0
3280.0
3280.0
3280.0
3280.0
2783.0
2783.0
2783.0
2783.0
2783.0
2783.0
2783.0
2783.0
2783.0
2783.0
2783.0
2783.0
2783.0
2783.0
5114.0
5114.0
5114.0
5114.0
3029.0
3029.0
3029.0
3029.0
3029.0
3029.0
3029.0
3029.0
3029.0
3078.0
3078.0
3078.0
3469.0
1931.0
947.0
4452.0
4452.0
4452.0
4452.0
4452.0
4452.0
4452.0
4452.0
4452.0
4452.0
4452.0
4452.0
1196.0
1196.0
1196.0
1196.0
1196.0
1196.0
4763.0
2576.0
2576.0
2576.0
2576.0
2576.0
2576.0
2576.0
2576.0
2576.0
2576.0
5378.0
5378.0
5378.0
5378.0
5378.0
5378.0
5378.0
5378.0
5378.0
5378.0
4249.0
4249.0
4249.0
2990.0
2990.0
2990.0
2990.0
308.0
308.0
308.0
308.0
308.0
2655.0
2655.0
2655.0
2655.0
2655.0
5294.0
4565.0
4565.0
4565.0
4565.0
2430.0
4695.0
1279.0
1279.0
1279.0
1279.0
1279.0
1279.0
1279.0
1279.0
1279.0
1279.0
3338.0
1524.0
1524.0
1524.0
1524.0
3949.0
4818.0
4818.0
2055.0
1176.0
1176.0
1176.0
1176.0
1176.0
1176.0
1176.0
1176.0
2985.0
2985.0
2985.0
2985.0
1201.0
1201.0
1201.0
1398.0
1223.0
1223.0
1223.0
1223.0
1223.0
3013.0
3258.0
2323.0
2186.0
3385.0
3385.0
3385.0
3385.0
1107.0
1107.0
1107.0
1107.0
1107.0
4069.0
1003.0
1216.0
1216.0
1216.0
1216.0
640.0
640.0
640.0
640.0
640.0
640.0
640.0
1456.0
219.0
5538.0
1923.0
1923.0
4188.0
2394.0
3842.0
3842.0
5400.0
5400.0
1680.0
1680.0
1086.0
1086.0
1086.0
1086.0
2921.0
1921.0
1921.0
1921.0
1921.0
1921.0
1921.0
820.0
2047.0
896.0
896.0
896.0
896.0
896.0
896.0
2677.0
2185.0
2513.0
2513.0
2513.0
2513.0
2953.0
2953.0
2953.0
5636.0
5636.0
5178.0
5178.0
260.0
3366.0
5351.0
2350.0
3087.0
2207.0
5225.0
1683.0
1683.0
1683.0
1683.0
1683.0
2769.0
2769.0
1686.0
1686.0
1686.0
1686.0
4361.0
290.0
923.0
923.0
2337.0
1186.0
1186.0
1186.0
1986.0
1986.0
1986.0
4674.0
1121.0
1121.0
1121.0
1121.0
3372.0
3372.0
3372.0
1910.0
1910.0
1594.0
1594.0
1594.0
1594.0
1594.0
1786.0
1786.0
1786.0
1786.0
1786.0
1786.0
1786.0
1786.0
1120.0
433.0
433.0
433.0
433.0
433.0
433.0
433.0
433.0
433.0
433.0
433.0
433.0
433.0
4836.0
4836.0
4193.0
4193.0
4193.0
4193.0
4193.0
4193.0
4193.0
4193.0
697.0
3474.0
713.0
713.0
713.0
713.0
713.0
1588.0
1588.0
2474.0
2474.0
2474.0
2474.0
4227.0
4227.0
4218.0
4218.0
4218.0
3810.0
2733.0
2733.0
2733.0
2806.0
2806.0
2806.0
2806.0
2806.0
2806.0
2806.0
2806.0
2806.0
2806.0
2806.0
2264.0
2264.0
4213.0
4213.0
2259.0
2259.0
4821.0
2014.0
5333.0
1907.0
1907.0
1907.0
2057.0
2057.0
2057.0
2057.0
2057.0
1022.0
746.0
746.0
746.0
746.0
2414.0
3266.0
3266.0
3266.0
3266.0
3266.0
3266.0
3266.0
3266.0
3266.0
1513.0
1513.0
1341.0
3277.0
3744.0
3744.0
3744.0
3744.0
3744.0
3744.0
3744.0
3744.0
4910.0
1151.0
1529.0
1529.0
1529.0
1529.0
1529.0
1871.0
4064.0
4064.0
2044.0
3782.0
1087.0
1087.0
1087.0
1087.0
2966.0
4326.0
4326.0
3757.0
5348.0
5348.0
5348.0
5348.0
103.0
170.0
1993.0
1993.0
623.0
623.0
623.0
5594.0
5188.0
5188.0
777.0
777.0
777.0
777.0
1088.0
1088.0
4384.0
1793.0
3846.0
3846.0
3846.0
3846.0
2124.0
929.0
929.0
266.0
266.0
266.0
266.0
266.0
266.0
266.0
1130.0
1130.0
1130.0
4500.0
538.0
538.0
538.0
2726.0
2726.0
975.0
975.0
1831.0
1831.0
1831.0
1831.0
1831.0
2859.0
2859.0
147.0
147.0
147.0
147.0
857.0
5616.0
5616.0
3211.0
3211.0
3211.0
1250.0
1250.0
4726.0
2149.0
2149.0
2149.0
2149.0
2149.0
2149.0
1126.0
1126.0
1126.0
1126.0
1061.0
1061.0
4497.0
2101.0
2101.0
2101.0
2101.0
4231.0
5470.0
1914.0
1440.0
4707.0
2698.0
2698.0
2698.0
2005.0
1243.0
1243.0
2885.0
1804.0
1805.0
1805.0
2100.0
2100.0
2100.0
2100.0
2848.0
2848.0
1880.0
932.0
932.0
932.0
932.0
4189.0
2841.0
2841.0
2841.0
2841.0
2710.0
3233.0
130.0
1446.0
1446.0
1446.0
1446.0
1446.0
1446.0
1446.0
1446.0
1446.0
1446.0
1446.0
3425.0
821.0
821.0
2821.0
582.0
1612.0
2512.0
2512.0
2512.0
1320.0
4251.0
4251.0
4251.0
3176.0
3176.0
3176.0
3176.0
3145.0
3145.0
3145.0
3145.0
3145.0
3145.0
3145.0
3145.0
3145.0
3145.0
3145.0
3145.0
3145.0
3145.0
3145.0
3145.0
3145.0
3145.0
3145.0
3145.0
4762.0
2939.0
2939.0
1503.0
1503.0
1503.0
1328.0
2928.0
1666.0
1332.0
1332.0
1332.0
1332.0
2849.0
2849.0
2849.0
2849.0
2849.0
3891.0
3821.0
3821.0
4768.0
427.0
427.0
427.0
1621.0
1621.0
1621.0
1621.0
1621.0
1621.0
4748.0
4748.0
2545.0
2545.0
2545.0
2545.0
2545.0
2545.0
57.0
57.0
57.0
57.0
4374.0
3153.0
3153.0
3153.0
3153.0
3153.0
3153.0
4247.0
5170.0
2346.0
2346.0
2346.0
2346.0
2346.0
4949.0
5075.0
5075.0
5075.0
5075.0
5075.0
5075.0
4163.0
4589.0
4589.0
4589.0
4589.0
3247.0
3247.0
3247.0
2908.0
2908.0
2908.0
2085.0
1064.0
1727.0
4840.0
4840.0
4840.0
4840.0
942.0
942.0
942.0
942.0
942.0
2169.0
2169.0
3363.0
3363.0
3291.0
3291.0
3291.0
3291.0
3291.0
3291.0
3291.0
3291.0
469.0
469.0
469.0
469.0
469.0
469.0
469.0
469.0
469.0
469.0
1276.0
1276.0
1276.0
1276.0
1276.0
1276.0
1276.0
2315.0
2315.0
4089.0
4089.0
4089.0
4089.0
3606.0
3909.0
3909.0
3909.0
3909.0
3976.0
3374.0
3395.0
3395.0
3395.0
3395.0
3395.0
3395.0
5515.0
845.0
4779.0
833.0
833.0
833.0
1564.0
2463.0
2463.0
2463.0
1331.0
1331.0
1331.0
1331.0
5534.0
1395.0
4811.0
4811.0
413.0
2160.0
2160.0
3346.0
3346.0
3346.0
3346.0
3346.0
5255.0
5255.0
5255.0
5255.0
5083.0
5083.0
5083.0
5599.0
5599.0
5599.0
5427.0
5427.0
5427.0
5427.0
1901.0
1901.0
1901.0
1900.0
1900.0
1900.0
1900.0
3160.0
3160.0
3160.0
3160.0
3160.0
1957.0
1957.0
4520.0
4520.0
4520.0
4520.0
4520.0
1175.0
1175.0
1175.0
1175.0
1175.0
1175.0
1175.0
1175.0
2816.0
2816.0
2816.0
4458.0
4458.0
2605.0
3216.0
3216.0
2092.0
2092.0
2423.0
2423.0
2423.0
2423.0
2423.0
2090.0
2749.0
2749.0
2749.0
2749.0
2749.0
2749.0
2749.0
2749.0
2749.0
2749.0
2749.0
2749.0
2749.0
2749.0
2749.0
2749.0
2749.0
2749.0
2749.0
2749.0
2749.0
2240.0
2240.0
5205.0
4264.0
1508.0
269.0
321.0
321.0
321.0
321.0
1024.0
1024.0
1024.0
325.0
324.0
1025.0
5447.0
1781.0
1781.0
1781.0
1781.0
1781.0
1347.0
1347.0
1866.0
1866.0
1635.0
1635.0
1635.0
1635.0
1635.0
1635.0
1635.0
1635.0
1635.0
1635.0
4907.0
1465.0
1707.0
4756.0
4170.0
4622.0
1785.0
3081.0
3081.0
3081.0
3081.0
3081.0
3081.0
3081.0
3085.0
1863.0
1863.0
217.0
217.0
205.0
2235.0
4141.0
4141.0
3652.0
3652.0
3652.0
4250.0
4250.0
456.0
3068.0
4735.0
4735.0
4735.0
4735.0
3643.0
3643.0
943.0
943.0
943.0
4460.0
277.0
277.0
277.0
1985.0
1985.0
3992.0
3992.0
2181.0
4856.0
1059.0
1059.0
1059.0
1059.0
249.0
249.0
4617.0
4617.0
3807.0
3807.0
5234.0
5234.0
145.0
145.0
1345.0
1345.0
1345.0
5060.0
5060.0
5060.0
2180.0
3956.0
3956.0
3956.0
3956.0
3956.0
2669.0
2669.0
2669.0
3748.0
4934.0
579.0
991.0
991.0
991.0
991.0
991.0
991.0
991.0
991.0
1853.0
1853.0
1853.0
5380.0
2466.0
4169.0
4169.0
776.0
776.0
776.0
2572.0
5019.0
2813.0
5302.0
5302.0
5302.0
4437.0
75.0
1559.0
2980.0
2980.0
2980.0
2980.0
2705.0
2705.0
2093.0
2093.0
2093.0
2093.0
2093.0
2093.0
2093.0
2093.0
3049.0
3049.0
3049.0
3049.0
4202.0
773.0
773.0
806.0
806.0
806.0
806.0
806.0
806.0
3876.0
3876.0
150.0
150.0
2215.0
976.0
976.0
976.0
976.0
1117.0
1117.0
1117.0
1117.0
772.0
772.0
772.0
772.0
772.0
885.0
989.0
989.0
2986.0
2986.0
2986.0
2986.0
1498.0
1498.0
1228.0
4349.0
2918.0
1057.0
3149.0
4481.0
919.0
919.0
1617.0
1617.0
1617.0
1617.0
5022.0
5022.0
5022.0
5022.0
3681.0
2795.0
4987.0
1717.0
1717.0
1717.0
4287.0
4638.0
2792.0
2792.0
307.0
2321.0
2387.0
2493.0
2493.0
2493.0
3141.0
2007.0
2007.0
1353.0
1353.0
1353.0
1325.0
1325.0
1664.0
1664.0
1664.0
2009.0
2009.0
2009.0
2009.0
2009.0
4461.0
913.0
913.0
1319.0
1319.0
1319.0
1319.0
1319.0
1319.0
4727.0
4727.0
2877.0
2877.0
2877.0
2877.0
2877.0
2877.0
2877.0
2877.0
2877.0
2877.0
2877.0
2877.0
2877.0
2054.0
2054.0
2054.0
787.0
787.0
787.0
2836.0
2836.0
2836.0
2836.0
2836.0
3232.0
4243.0
2835.0
2883.0
4663.0
2730.0
2730.0
2730.0
2727.0
2727.0
2727.0
2727.0
2727.0
2727.0
2727.0
2727.0
2727.0
2727.0
2727.0
2191.0
3334.0
3334.0
3334.0
3334.0
3334.0
3334.0
3334.0
3274.0
795.0
795.0
1161.0
1161.0
1161.0
1161.0
1161.0
1161.0
1372.0
1136.0
5086.0
5086.0
5086.0
1378.0
525.0
525.0
545.0
545.0
5061.0
5061.0
49.0
4525.0
4525.0
4525.0
360.0
3022.0
3022.0
3022.0
3022.0
3022.0
3022.0
3022.0
3022.0
3022.0
3022.0
3022.0
2355.0
1384.0
176.0
2354.0
2354.0
2354.0
173.0
1882.0
1882.0
5005.0
5005.0
1073.0
1662.0
703.0
2741.0
2741.0
2741.0
2741.0
2741.0
2741.0
2741.0
2741.0
2741.0
2741.0
2741.0
40.0
40.0
40.0
40.0
40.0
40.0
40.0
40.0
1300.0
1300.0
480.0
480.0
480.0
882.0
1684.0
3607.0
3607.0
2941.0
1824.0
1824.0
19.0
1192.0
1192.0
1178.0
1178.0
1178.0
2987.0
1303.0
1303.0
1303.0
4533.0
4533.0
1287.0
2621.0
2621.0
2621.0
5422.0
5422.0
5422.0
638.0
4523.0
5322.0
279.0
2317.0
2317.0
5424.0
5424.0
4046.0
2270.0
4387.0
4604.0
4604.0
4604.0
642.0
642.0
616.0
616.0
1601.0
3818.0
3818.0
3818.0
3818.0
3818.0
3818.0
5093.0
2614.0
2614.0
86.0
5009.0
3254.0
3254.0
3254.0
3254.0
3254.0
3254.0
1258.0
1258.0
1258.0
289.0
289.0
3177.0
3177.0
3177.0
3177.0
3177.0
3177.0
3177.0
3177.0
3177.0
3177.0
3177.0
3177.0
3177.0
3177.0
3467.0
3601.0
4232.0
4232.0
4232.0
4232.0
2112.0
2112.0
680.0
680.0
680.0
2344.0
2344.0
2344.0
285.0
285.0
285.0
285.0
285.0
285.0
285.0
285.0
285.0
285.0
3195.0
3195.0
3195.0
4998.0
4998.0
853.0
1932.0
1932.0
1932.0
1236.0
1540.0
1040.0
1040.0
2983.0
2983.0
2983.0
826.0
2082.0
3884.0
3884.0
3884.0
3884.0
2790.0
5141.0
5141.0
5051.0
5051.0
1615.0
1615.0
2814.0
2814.0
2814.0
2814.0
2814.0
2814.0
112.0
1544.0
1544.0
1544.0
1544.0
1544.0
691.0
691.0
2459.0
2459.0
1884.0
3368.0
5396.0
3581.0
891.0
891.0
891.0
1158.0
1158.0
1158.0
1158.0
1158.0
1158.0
1158.0
1158.0
1158.0
1158.0
1158.0
1158.0
1158.0
1158.0
1158.0
1479.0
1152.0
2439.0
2439.0
3848.0
3848.0
3848.0
1519.0
1519.0
1519.0
2522.0
2522.0
2522.0
2522.0
3844.0
4003.0
4003.0
4003.0
4003.0
4003.0
5169.0
5169.0
3904.0
3904.0
3904.0
3904.0
3904.0
5105.0
5105.0
5105.0
5105.0
5105.0
4002.0
4002.0
4002.0
4002.0
3924.0
3924.0
3924.0
3924.0
3924.0
3924.0
5334.0
5334.0
5334.0
5334.0
2467.0
5522.0
5358.0
2050.0
2050.0
4448.0
4448.0
3784.0
3784.0
3784.0
3784.0
3784.0
3784.0
3784.0
1893.0
1893.0
1893.0
2673.0
1282.0
1282.0
1282.0
4989.0
96.0
96.0
5196.0
5196.0
3345.0
3345.0
2388.0
2388.0
2388.0
2449.0
2449.0
4598.0
4598.0
1826.0
1826.0
3773.0
3773.0
3773.0
3773.0
3773.0
3773.0
1310.0
2152.0
3116.0
3116.0
3116.0
3116.0
4168.0
2002.0
1260.0
1260.0
1779.0
5598.0
4757.0
2069.0
4132.0
3065.0
3065.0
3065.0
3065.0
3065.0
3065.0
3065.0
5608.0
4843.0
365.0
1070.0
1146.0
1146.0
1146.0
1146.0
5173.0
5173.0
2322.0
2322.0
4097.0
708.0
1141.0
953.0
4491.0
4491.0
4491.0
2647.0
61.0
2041.0
2041.0
3738.0
2542.0
775.0
775.0
841.0
841.0
841.0
841.0
841.0
1217.0
1217.0
736.0
1460.0
2589.0
2589.0
2589.0
2589.0
2589.0
1952.0
1952.0
988.0
988.0
5210.0
562.0
3974.0
5346.0
5346.0
5201.0
5201.0
2443.0
670.0
670.0
3592.0
4425.0
1278.0
4020.0
4020.0
4020.0
4020.0
4020.0
727.0
727.0
727.0
727.0
727.0
728.0
728.0
4201.0
1349.0
1349.0
5267.0
5267.0
5267.0
696.0
696.0
2996.0
2342.0
1167.0
1167.0
5417.0
4723.0
4723.0
4745.0
2309.0
2309.0
2309.0
2309.0
2309.0
5052.0
5052.0
5052.0
5052.0
595.0
595.0
595.0
4827.0
4827.0
137.0
4699.0
4699.0
4699.0
4699.0
4699.0
4699.0
4699.0
4699.0
4699.0
4699.0
4413.0
416.0
4076.0
985.0
985.0
5462.0
5462.0
3289.0
3289.0
7.0
4063.0
581.0
581.0
581.0
581.0
581.0
444.0
444.0
3791.0
5152.0
5152.0
5152.0
302.0
302.0
4684.0
3527.0
2611.0
2611.0
2611.0
2611.0
2611.0
2611.0
2611.0
2611.0
2611.0
2611.0
2611.0
2611.0
3409.0
997.0
756.0
756.0
756.0
756.0
756.0
756.0
756.0
756.0
756.0
756.0
756.0
756.0
756.0
756.0
756.0
2146.0
247.0
247.0
1744.0
1744.0
3112.0
5329.0
5329.0
5329.0
765.0
4921.0
4921.0
4921.0
287.0
287.0
287.0
766.0
766.0
766.0
5577.0
133.0
133.0
133.0
133.0
56.0
56.0
3998.0
760.0
760.0
760.0
4518.0
4518.0
5436.0
1357.0
4753.0
1593.0
1593.0
1593.0
2706.0
2888.0
695.0
695.0
695.0
695.0
695.0
926.0
726.0
726.0
726.0
726.0
726.0
4917.0
568.0
4423.0
2723.0
2056.0
2056.0
2056.0
2056.0
2056.0
4117.0
280.0
280.0
3896.0
1585.0
1585.0
1585.0
2728.0
2728.0
2728.0
2728.0
3895.0
3544.0
2702.0
2702.0
2702.0
2702.0
2702.0
2702.0
4975.0
4975.0
1042.0
1361.0
2053.0
3210.0
4666.0
5073.0
5073.0
300.0
3388.0
1031.0
1802.0
1802.0
1204.0
5324.0
1711.0
1421.0
1421.0
1421.0
1421.0
1421.0
1421.0
1421.0
1421.0
1421.0
1421.0
1421.0
1421.0
1421.0
1421.0
1421.0
1421.0
1421.0
1421.0
1421.0
1421.0
1421.0
1421.0
1421.0
1421.0
1421.0
1421.0
2021.0
0.0
1572.0
4680.0
5486.0
5223.0
5619.0
2022.0
5043.0
2304.0
2304.0
4510.0
4752.0
5525.0
500.0
238.0
238.0
959.0
959.0
959.0
959.0
959.0
959.0
959.0
959.0
959.0
724.0
724.0
724.0
2537.0
3353.0
2719.0
2719.0
5617.0
129.0
3270.0
3270.0
79.0
151.0
610.0
5214.0
5214.0
5214.0
5214.0
5214.0
5214.0
1441.0
272.0
272.0
3240.0
3240.0
5295.0
1466.0
1466.0
965.0
965.0
965.0
965.0
965.0
965.0
965.0
965.0
965.0
965.0
2027.0
2027.0
1434.0
780.0
780.0
780.0
780.0
4018.0
315.0
1673.0
5024.0
1607.0
1607.0
4130.0
4731.0
4731.0
4494.0
4494.0
3300.0
4937.0
4421.0
2562.0
2562.0
2562.0
2562.0
5100.0
5100.0
363.0
363.0
363.0
363.0
363.0
363.0
363.0
363.0
363.0
363.0
363.0
363.0
363.0
3816.0
3816.0
3816.0
3816.0
3816.0
3816.0
3816.0
3816.0
3816.0
1400.0
3053.0
2672.0
2672.0
2672.0
2672.0
2672.0
490.0
5014.0
3930.0
3930.0
4295.0
4295.0
2473.0
2473.0
2473.0
2473.0
2473.0
2473.0
2473.0
2473.0
2473.0
1197.0
1197.0
1197.0
3689.0
5345.0
5345.0
4070.0
2978.0
2066.0
3401.0
5474.0
5291.0
5291.0
5291.0
5291.0
1137.0
2281.0
2281.0
1554.0
2870.0
2725.0
2829.0
995.0
995.0
995.0
688.0
688.0
688.0
688.0
688.0
4553.0
1467.0
1467.0
1467.0
1467.0
5149.0
5149.0
52.0
2524.0
2524.0
2822.0
2822.0
2822.0
2081.0
1894.0
1894.0
1894.0
1894.0
5126.0
5126.0
5126.0
5126.0
1963.0
1299.0
2006.0
2006.0
2594.0
2594.0
2594.0
2594.0
1679.0
1679.0
3283.0
263.0
263.0
4970.0
5627.0
5627.0
2967.0
4296.0
4296.0
3585.0
3812.0
3812.0
3812.0
3812.0
3812.0
3812.0
3812.0
3812.0
3812.0
1068.0
1068.0
3045.0
3045.0
3045.0
3045.0
3045.0
3045.0
3045.0
3045.0
3045.0
5125.0
4342.0
3305.0
3305.0
3305.0
244.0
244.0
244.0
244.0
749.0
3325.0
3325.0
921.0
738.0
1487.0
1487.0
2597.0
2597.0
3619.0
408.0
408.0
248.0
5356.0
1897.0
603.0
3441.0
3441.0
3441.0
3441.0
4009.0
4009.0
4009.0
4009.0
4009.0
3621.0
5085.0
3704.0
3704.0
2584.0
3520.0
3520.0
3520.0
4137.0
5156.0
1913.0
1810.0
1810.0
2001.0
2001.0
1789.0
3322.0
5411.0
5411.0
5163.0
5130.0
99.0
99.0
99.0
99.0
99.0
99.0
99.0
99.0
99.0
99.0
99.0
3214.0
3214.0
3214.0
3214.0
3214.0
3214.0
3214.0
3214.0
3214.0
3214.0
3214.0
3995.0
3995.0
4535.0
4071.0
740.0
740.0
1671.0
1671.0
2117.0
2117.0
2117.0
2117.0
2117.0
2117.0
2117.0
2117.0
2117.0
2117.0
2117.0
1220.0
1220.0
1220.0
4151.0
4879.0
3139.0
3139.0
5206.0
1229.0
1837.0
2681.0
1738.0
1738.0
1738.0
1738.0
228.0
5416.0
1016.0
941.0
941.0
1337.0
4730.0
106.0
2258.0
719.0
704.0
704.0
704.0
479.0
4673.0
839.0
2505.0
2502.0
2037.0
2514.0
471.0
471.0
1904.0
1904.0
1904.0
1712.0
1712.0
1712.0
1712.0
2916.0
2916.0
2916.0
2916.0
2916.0
2916.0
1987.0
1987.0
1987.0
1987.0
1987.0
1987.0
2441.0
37.0
3030.0
3030.0
3030.0
3030.0
3030.0
3030.0
3030.0
3031.0
3031.0
3031.0
3031.0
3031.0
3031.0
3031.0
2204.0
2204.0
2204.0
5063.0
5063.0
5063.0
3824.0
3824.0
3824.0
3824.0
2470.0
2470.0
2470.0
5013.0
5013.0
5013.0
5013.0
4136.0
42.0
4430.0
342.0
342.0
464.0
2662.0
2662.0
356.0
1105.0
1105.0
3804.0
3804.0
3157.0
3696.0
3696.0
2757.0
2757.0
2105.0
1162.0
1553.0
316.0
316.0
5630.0
2451.0
2485.0
2485.0
2485.0
492.0
4754.0
4754.0
4754.0
2290.0
2290.0
2290.0
2290.0
3982.0
369.0
3628.0
2311.0
739.0
739.0
739.0
739.0
3749.0
3749.0
2754.0
1420.0
180.0
180.0
1459.0
1459.0
1459.0
1459.0
1459.0
3679.0
2536.0
2913.0
1942.0
5096.0
4352.0
3256.0
1463.0
4233.0
4233.0
2280.0
1650.0
1650.0
1650.0
2481.0
4297.0
4038.0
650.0
650.0
4712.0
4712.0
4712.0
4712.0
5412.0
5412.0
5412.0
5412.0
3284.0
2489.0
2489.0
2489.0
1190.0
632.0
632.0
4539.0
4539.0
4539.0
3750.0
3750.0
3750.0
3750.0
5543.0
5543.0
5543.0
5543.0
5543.0
817.0
817.0
840.0
1131.0
2860.0
2860.0
3239.0
3440.0
3440.0
3440.0
1060.0
1060.0
2032.0
731.0
731.0
4451.0
1455.0
2736.0
2448.0
5511.0
5511.0
5511.0
5068.0
5068.0
5068.0
5068.0
4210.0
1135.0
2399.0
1134.0
964.0
5540.0
5540.0
5540.0
5540.0
5540.0
3050.0
3050.0
5277.0
442.0
442.0
3809.0
3666.0
2887.0
2887.0
2544.0
3369.0
3369.0
3653.0
4244.0
4244.0
4244.0
4244.0
863.0
863.0
863.0
3093.0
709.0
709.0
709.0
709.0
1312.0
1312.0
3412.0
3412.0
922.0
512.0
2487.0
2487.0
2487.0
5184.0
2010.0
622.0
87.0
1436.0
2947.0
2947.0
2947.0
2947.0
3037.0
2912.0
2830.0
4469.0
5521.0
744.0
744.0
4237.0
4237.0
4237.0
4237.0
4237.0
4237.0
4237.0
4237.0
4336.0
5307.0
2950.0
2950.0
2950.0
712.0
2077.0
1919.0
3803.0
3803.0
3803.0
1489.0
1489.0
1489.0
1489.0
1489.0
354.0
354.0
354.0
354.0
2331.0
2331.0
2331.0
2334.0
2334.0
2334.0
2961.0
3179.0
3179.0
3174.0
541.0
541.0
541.0
3752.0
3968.0
4859.0
694.0
185.0
185.0
4221.0
628.0
4672.0
4223.0
1778.0
1778.0
3147.0
3147.0
3147.0
346.0
346.0
3076.0
276.0
1387.0
1387.0
1387.0
353.0
3819.0
3259.0
3259.0
3259.0
3259.0
3259.0
3259.0
3776.0
3776.0
517.0
4501.0
4501.0
1504.0
1504.0
1504.0
1504.0
1504.0
1504.0
1504.0
1504.0
3937.0
3119.0
572.0
4383.0
4383.0
2395.0
3067.0
2396.0
5179.0
999.0
999.0
1752.0
1752.0
5262.0
309.0
4152.0
4152.0
4152.0
636.0
4597.0
4597.0
4978.0
1918.0
1169.0
122.0
3549.0
790.0
790.0
1557.0
1796.0
1796.0
2231.0
3378.0
1739.0
4549.0
4549.0
4549.0
4549.0
3591.0
4870.0
4031.0
1140.0
1140.0
1140.0
1256.0
1256.0
1256.0
1256.0
1239.0
1239.0
2625.0
2625.0
3267.0
1817.0
1817.0
1817.0
2622.0
2949.0
2949.0
2972.0
4606.0
4606.0
4627.0
755.0
755.0
755.0
755.0
755.0
5021.0
3778.0
5620.0
5620.0
78.0
78.0
4000.0
4000.0
4000.0
1080.0
1080.0
1080.0
2184.0
2557.0
2557.0
585.0
3548.0
3548.0
3548.0
2691.0
2691.0
2691.0
2691.0
682.0
682.0
701.0
701.0
1017.0
1017.0
1017.0
692.0
702.0
4292.0
4292.0
4292.0
4292.0
4853.0
4853.0
2486.0
2486.0
2486.0
4703.0
4703.0
4703.0
4703.0
4758.0
4758.0
4758.0
4758.0
3898.0
3711.0
2876.0
2876.0
4086.0
4086.0
294.0
3189.0
3189.0
601.0
621.0
4471.0
4471.0
4471.0
4471.0
4471.0
4471.0
706.0
349.0
349.0
3226.0
2285.0
2285.0
2285.0
2478.0
1733.0
1733.0
2895.0
2895.0
2895.0
2895.0
2386.0
2386.0
439.0
2383.0
2780.0
2731.0
2731.0
2731.0
4482.0
698.0
698.0
1007.0
1007.0
4150.0
2209.0
4104.0
4311.0
5272.0
4184.0
3458.0
843.0
784.0
784.0
784.0
786.0
743.0
743.0
1123.0
3886.0
2896.0
2896.0
5233.0
990.0
2424.0
2424.0
403.0
391.0
223.0
223.0
223.0
2246.0
4099.0
1224.0
3769.0
3769.0
4568.0
1628.0
781.0
781.0
781.0
2752.0
4504.0
4504.0
4504.0
388.0
15.0
15.0
5275.0
5275.0
5275.0
5275.0
5275.0
5418.0
5418.0
5418.0
5418.0
5418.0
5418.0
76.0
3120.0
5482.0
4717.0
4717.0
4717.0
4717.0
4717.0
5504.0
2351.0
2351.0
3271.0
2404.0
2404.0
2404.0
2404.0
3330.0
2247.0
2247.0
742.0
934.0
3340.0
1462.0
1462.0
4062.0
3236.0
2747.0
591.0
4542.0
602.0
2188.0
5281.0
1839.0
1839.0
3507.0
3507.0
3507.0
654.0
654.0
4479.0
5430.0
5430.0
3806.0
3806.0
2260.0
2260.0
405.0
405.0
405.0
3237.0
4981.0
1640.0
5280.0
1568.0
533.0
1208.0
4966.0
2674.0
2155.0
2155.0
5193.0
5193.0
5193.0
1698.0
1251.0
1251.0
699.0
2743.0
656.0
656.0
5204.0
3779.0
3779.0
4200.0
4200.0
1394.0
1394.0
1394.0
1394.0
1394.0
4396.0
4396.0
1877.0
401.0
2556.0
1638.0
1928.0
3337.0
1221.0
2293.0
1833.0
1180.0
1180.0
384.0
384.0
384.0
4616.0
2970.0
2970.0
2970.0
1422.0
1422.0
958.0
3111.0
3111.0
2644.0
2644.0
1634.0
1634.0
4688.0
5164.0
440.0
440.0
2534.0
2534.0
2244.0
2381.0
2245.0
2245.0
1685.0
1883.0
1211.0
2924.0
3661.0
3661.0
1773.0
355.0
3061.0
2869.0
4405.0
4931.0
4432.0
3902.0
4936.0
619.0
1645.0
1104.0
5618.0
3434.0
5189.0
5189.0
5537.0
169.0
162.0
1039.0
1039.0
1039.0
1039.0
1039.0
1039.0
2740.0
5321.0
4005.0
4713.0
4713.0
4713.0
4713.0
2581.0
4509.0
1365.0
1365.0
5514.0
2491.0
509.0
2850.0
1218.0
1218.0
4305.0
1898.0
3279.0
3279.0
3331.0
2261.0
2261.0
4313.0
2095.0
2199.0
4372.0
1097.0
1413.0
734.0
3427.0
4205.0
4240.0
4240.0
1165.0
1704.0
3332.0
2646.0
573.0
573.0
573.0
554.0
85.0
523.0
2490.0
3877.0
3877.0
1093.0
1570.0
668.0
668.0
1442.0
635.0
3319.0
1663.0
1988.0
4594.0
239.0
239.0
725.0
725.0
752.0
3341.0
1174.0
1174.0
1174.0
5539.0
5539.0
5539.0
4823.0
3064.0
856.0
3278.0
577.0
4646.0
4646.0
1624.0
1636.0
2690.0
3170.0
5428.0
5428.0
5632.0
98.0
3164.0
2927.0
2067.0
2067.0
2067.0
2550.0
2550.0
2550.0
2550.0
2550.0
4737.0
5148.0
5401.0
73.0
73.0
73.0
1291.0
3054.0
5113.0
3677.0
3677.0
1485.0
2898.0
5413.0
4222.0
4222.0
3143.0
3460.0
5518.0
872.0
1032.0
1032.0
1032.0
2501.0
2501.0
5232.0
1351.0
4036.0
4036.0
4036.0
4378.0
83.0
550.0
5238.0
202.0
2369.0
3670.0
36.0
36.0
36.0
36.0
36.0
1066.0
916.0
1065.0
3294.0
1154.0
2162.0
2043.0
3231.0
4120.0
597.0
4238.0
1012.0
1012.0
4877.0
4877.0
4347.0
3571.0
3571.0
3571.0
3571.0
3901.0
630.0
4507.0
3524.0
329.0
3657.0
3657.0
2295.0
1052.0
271.0
159.0
149.0
149.0
3165.0
3165.0
3165.0
3767.0
3767.0
4415.0
4415.0
5154.0
5154.0
1753.0
1801.0
1801.0
5074.0
5516.0
5516.0
4623.0
2356.0
3032.0
2251.0
4426.0
28.0
3871.0
4498.0
4498.0
2333.0
2382.0
2382.0
2650.0
2650.0
2413.0
3342.0
4095.0
5018.0
1512.0
3026.0
3883.0
2434.0
338.0
549.0
310.0
1959.0
1959.0
3647.0
4905.0
4214.0
4214.0
2936.0
181.0
802.0
802.0
1848.0
800.0
1476.0
1476.0
2271.0
2271.0
3542.0
5643.0
5006.0
5006.0
5006.0
5006.0
5006.0
4925.0
2178.0
2106.0
1222.0
1222.0
4690.0
1330.0
1548.0
5107.0
4206.0
2172.0
3491.0
3594.0
2385.0
2385.0
4493.0
94.0
468.0
2997.0
2202.0
4559.0
2863.0
117.0
1401.0
5520.0
2305.0
2892.0
531.0
4718.0
4718.0
2083.0
4165.0
