987
342
1245
4521
171
1138
1214
1322
1234
794
2357
1821
2485
3224
2355
1645
925
1576
802
954
1465
81
2311
12
1620
222
347
2800
12
420
213
4818
1395
1432
994
3869
2700
604
1917
3265
788
1852
1286
896
1669
1309
904
1812
854
1163
366
3307
2140
2706
1370
4111
1491
369
1725
4136
2727
45
1315
1830
1325
2708
3236
32
4375
2133
1116
1859
1737
862
5031
225
4925
250
1024
2794
948
199
875
305
1326
498
2583
1465
3584
3819
1693
3396
1844
608
2375
4230
2013
3521
2597
56
688
1288
2011
184
845
2833
439
4173
661
2948
2187
829
1561
1728
558
959
1442
728
363
2341
1207
2080
1806
2638
2855
3460
3489
3584
1225
698
4574
1054
3831
1891
2519
1297
67
384
4439
3205
3018
611
3913
1114
427
2084
983
1960
4509
2320
643
2059
4720
3149
3999
3395
1452
5066
1824
1076
1867
2781
3551
2561
3115
4308
234
3022
2763
4057
5094
1155
14
3766
1075
3525
1406
3245
844
3020
2094
3951
4981
3307
2415
3425
4889
2269
1871
1986
302
1160
1167
1273
2235
1083
1089
4515
227
793
1146
2888
4651
4358
1806
2809
2257
1520
55
3307
141
1064
3376
3640
5424
2896
3590
581
1365
2961
1699
4811
2225
2077
1217
1866
2189
1877
3603
848
1645
1310
2866
3637
1030
1399
1494
705
328
1337
2415
1113
1162
3107
834
1866
1997
246
596
61
81
3065
2103
2673
1013
304
2877
159
1354
1500
2236
1455
832
845
3341
3485
1203
1505
583
2201
2693
2012
238
888
616
122
2787
1337
1295
348
3045
1971
1455
97
1068
3689
4557
133
3130
958
838
1092
3515
3376
2224
2748
5191
4132
2661
789
321
2654
3110
126
1449
2994
3469
768
1796
3230
132
838
1097
1345
2001
450
1
2350
361
4881
3653
699
2681
344
1032
889
477
3573
3545
527
611
1190
2913
5071
663
5041
1534
1468
1227
1264
1364
474
109
3448
1802
4901
2702
938
302
1080
287
3460
1541
712
4082
4124
1845
3192
4188
3516
1633
422
2982
709
2240
2298
1022
1585
1253
43
1009
74
1444
138
2272
4146
33
1680
3407
519
1370
2444
3280
2735
568
2917
2963
2495
488
1246
104
1434
1020
1609
1990
1991
1919
2736
1383
661
3685
1082
242
2100
1757
3234
2700
4489
3878
2279
1952
1639
1591
2577
528
107
483
2397
672
1208
2303
1912
3735
63
1339
283
4488
627
312
2869
75
246
571
1983
871
1835
2031
157
44
1242
1930
1727
1022
4054
3251
1936
2048
688
438
854
1963
142
1015
2522
520
360
2530
48
2845
4894
2620
738
74
1777
22
2883
2535
2680
118
3744
217
5174
775
1774
3009
1371
645
412
2279
4620
5295
1786
1247
2423
2227
1131
921
2290
2579
3043
960
270
1708
174
851
2391
1365
1666
1952
3159
616
1650
3433
902
4741
1692
3968
882
4754
942
164
4231
1253
2224
1287
1534
896
683
298
1877
2316
2911
3273
1866
1631
1049
3520
2218
1756
953
3993
1473
3627
2846
1532
1201
253
4899
2571
2613
3413
2003
1283
2668
91
2644
2001
896
879
289
2614
830
1501
1633
1606
820
1945
1899
3290
623
1784
626
558
727
1733
709
647
282
291
3361
1842
1280
1912
3774
1666
2553
2389
229
7
189
1139
4293
4129
418
2746
1919
533
1433
493
816
44
5364
1353
2066
2632
3820
1082
1868
1064
1104
1206
1458
2826
4500
2369
2185
618
3994
3901
2704
39
5001
701
2110
2261
5330
2855
1393
4079
2704
2121
2432
1880
3117
1353
1111
412
2760
598
2426
39
2720
1334
2124
658
1017
4409
665
852
3398
1793
2084
2450
1282
682
1671
3121
1523
354
536
709
622
312
1154
2986
2772
1
1096
3496
1513
1071
758
1097
598
3382
4741
325
1948
772
1376
751
1166
1113
3232
3450
1231
798
858
549
234
2138
3071
3626
147
3089
504
2033
3003
3252
2579
843
305
1524
576
19
220
1950
220
3377
1894
3120
2308
4093
4061
2224
486
4139
1288
3213
144
930
3090
707
102
3827
4746
4292
756
429
1380
556
1628
1762
2828
3232
188
1695
2221
3376
611
1664
677
3497
919
311
3065
2460
1114
304
5006
2274
406
537
1353
161
2890
4179
1405
181
924
4496
653
4321
2497
728
1011
3371
136
1000
3051
135
2611
2174
56
2601
2159
5554
1273
4805
751
1595
1232
89
3004
2288
2314
740
723
1567
3542
2410
5043
2420
435
1325
65
1981
1879
2795
131
443
1985
2170
939
1823
189
1444
2341
70
1260
2217
3801
499
381
1124
3766
4604
2584
4346
1305
790
3049
3749
1946
4336
2338
2623
3358
5081
1031
1872
4530
4074
2337
775
3168
312
3693
911
4004
2496
126
188
235
908
2663
4100
3609
136
1903
1776
783
3063
2365
1705
2978
4993
1928
59
776
1106
788
898
3864
177
1349
2110
927
3995
3156
5268
2372
3431
94
1920
3213
4462
4124
815
2769
4691
1177
953
4355
52
311
940
1912
825
649
777
1230
1172
1294
808
221
476
1807
2177
2745
2303
1585
890
1630
2171
149
2543
4122
684
4779
4
367
937
3037
4076
1754
750
497
475
1412
566
366
297
52
1761
2326
3214
571
282
4001
2386
1923
2994
676
1664
2093
197
636
861
504
5104
1799
1687
217
3082
4431
238
1986
3833
1133
675
3820
1536
745
1582
2416
2063
3801
2792
134
1595
1927
2040
3149
1843
1167
4927
1238
4142
1079
985
1426
520
1460
2703
2190
1190
1293
586
3678
806
3065
1645
2350
789
517
1911
3899
655
840
227
9
963
1564
3715
2164
1828
2546
2181
413
3062
744
193
1003
3904
2236
3714
1026
4689
1026
1288
3657
898
3872
109
462
201
2044
1069
638
632
2460
1220
1568
1994
2736
2702
1608
3854
3552
952
3883
2266
1569
1291
2684
2719
2457
1048
1856
1242
3722
1436
2165
368
1298
235
1215
5079
1304
2718
862
529
1945
1777
605
3596
3307
612
3656
3246
311
2494
3469
339
769
1158
154
2493
2046
274
1992
891
2444
2917
2435
3744
3262
177
61
1097
110
2404
328
3287
845
3464
1317
1654
2393
2079
4261
13
691
4044
2237
2940
649
2313
3673
498
694
3497
2880
331
3323
1479
2371
2765
682
1220
2221
273
1881
514
2515
1149
3595
2188
35
142
445
101
1988
3780
2997
878
2111
1350
2385
3900
1443
1345
1071
2825
729
1150
3945
761
1258
787
4780
3036
1502
3229
4520
44
2312
1127
1506
2445
2749
1541
185
724
3472
1881
1479
948
1596
2357
1844
106
268
236
3576
1034
3165
2107
2732
2458
2308
1212
3238
3679
2712
812
3938
223
12
2026
3215
371
1907
3553
107
415
1254
263
465
1940
605
2397
2305
2601
12
834
3007
674
2495
3844
1358
3528
4633
301
5226
1993
1490
2974
328
3672
1234
1127
547
728
3503
2509
1568
894
1293
3173
2097
1259
757
596
2968
4284
2819
1846
3215
503
1097
274
3074
886
76
397
2682
1120
4338
5417
2609
3480
1173
3156
293
2968
1466
2251
3108
2848
1832
1037
310
661
1418
2515
1617
1214
2717
3113
2658
1577
4837
629
3075
2122
3461
1714
1690
1743
595
1125
3099
292
2174
215
745
1398
2751
424
365
615
2994
3579
2017
2141
2303
300
1020
697
1890
960
56
506
3498
243
820
2824
4667
2295
664
426
2837
2542
1286
2500
528
624
4088
3964
566
1503
3620
1380
2694
1635
2684
538
1196
726
1335
1789
3147
3862
3109
4153
2546
660
4415
815
4270
1994
1382
2347
3233
2800
3156
534
2282
2755
3234
1134
1833
3036
5178
2078
2772
1299
4617
210
37
1252
3109
911
5127
2056
236
3735
2128
815
4464
2356
1780
2913
1613
1862
2511
2703
1558
2532
3935
663
1215
4830
2919
2619
2150
181
672
1076
698
3
479
813
218
1749
1457
2982
735
3742
479
74
498
2628
1847
1715
920
4114
130
493
1098
1261
4336
760
423
3969
2552
2897
255
1115
3216
4766
1297
909
4403
1398
2546
412
3590
3411
596
2421
3037
473
619
726
2166
329
1998
952
4260
1600
4985
921
1299
1134
366
4798
4324
2834
4076
3640
3655
1181
4136
815
2165
3628
134
227
3837
787
1820
594
1214
3118
739
1020
1146
3516
859
3744
2161
1095
1952
2155
388
5106
3349
2485
943
2523
2243
1042
409
1654
3463
2013
1558
4256
1155
1161
1584
2739
645
139
1569
457
1290
2365
166
2267
1746
1174
2258
86
3991
760
2821
2360
1783
1053
939
3127
724
1138
4478
4744
1312
501
913
371
4166
541
3629
2185
394
910
537
188
63
4497
1506
28
1197
640
2732
4580
3047
421
994
1569
1371
2905
3571
1494
2474
2587
2107
1041
3508
1640
269
3473
4591
2537
1334
2530
1732
4608
2398
447
1773
125
788
1464
446
3132
513
1434
2832
326
1886
369
1589
530
2765
744
2564
749
1930
3112
3376
1975
2100
377
3811
904
2296
2252
984
2684
670
2802
4118
2791
1864
2658
2538
456
3254
1910
1569
1580
1902
2169
2311
3059
1583
1997
975
2171
677
2128
934
246
2994
3692
3168
2708
19
2610
1435
483
538
4115
1499
588
3317
3282
3668
552
3621
727
3739
2209
264
4212
406
656
997
1049
2887
1282
2886
538
3500
3289
2148
1735
2378
1424
769
1082
3704
1018
212
5220
2067
1418
4473
1738
2835
3952
3312
3826
1070
221
1445
1888
2962
493
2597
1383
2845
1794
1613
255
667
2674
841
1802
824
875
4096
2309
2315
1209
2139
635
1504
1090
3740
2251
2943
220
3135
410
5067
1141
3841
2166
430
1831
2692
2155
547
3284
699
1400
1611
2780
2562
1884
639
38
1054
895
3196
512
3368
1497
3506
288
622
4075
5100
2976
3907
1002
2150
1368
2666
3931
2849
2138
154
3826
1649
4773
1014
3491
3351
459
2445
4331
1749
2314
956
3552
2904
976
84
1189
249
2816
3048
3936
2513
2043
3849
990
176
3756
5341
1195
516
3266
1388
559
1962
2400
1454
4422
4428
1122
1279
1355
68
291
1964
4582
1195
629
5300
1514
979
803
1246
5085
4209
4240
672
139
1702
3606
418
363
4209
3156
807
3361
617
2922
1056
1141
2770
1034
1334
668
5350
4539
909
226
2227
24
1387
1375
2970
170
1638
3215
3557
4604
93
572
2486
3015
2527
1991
1996
1862
4053
819
2065
416
1477
879
1826
2259
239
338
1249
2841
3951
2016
4060
1207
2912
2954
1499
4158
1476
4470
42
4721
2293
1434
1467
1069
1645
1762
1275
1455
4330
2277
2215
3891
2896
813
844
1451
691
10
3049
2017
4552
1509
684
4492
3313
946
673
1213
1871
650
1774
2125
1473
2270
14
335
464
294
2509
1390
562
4371
3473
923
1108
2797
742
1758
3678
1951
377
3486
4865
2894
4711
920
1426
373
2423
2461
687
3537
1937
221
14
1269
3485
400
1461
55
481
2985
2175
1919
2771
4951
3329
1974
1851
3167
903
2903
2315
4295
4036
2895
3195
12
1600
92
2801
4283
1486
3340
1178
2172
527
1348
267
3917
922
1449
469
3096
2122
525
3259
680
3882
1849
977
477
593
2819
2473
933
3909
3252
4627
601
237
3683
410
3232
4177
1167
2131
772
935
2054
1675
3308
175
1625
45
1454
3224
1210
3525
1395
452
2292
562
924
289
1644
99
723
2291
2237
821
18
953
104
801
97
108
2365
4331
2984
1953
2520
850
1077
4308
3296
307
1410
1120
4815
20
1338
1109
300
1045
795
1297
1587
3872
2084
518
2441
1093
2088
467
488
2799
1425
580
2339
1216
1170
3548
2206
2172
1595
650
2221
2689
1036
629
838
1172
4085
3044
3781
1427
4529
187
1198
2471
617
813
1701
1944
287
1738
95
1961
2082
585
1224
2123
5247
3058
1090
1476
1090
3150
1037
444
734
1045
2894
442
4495
1
858
430
2498
2821
554
261
3521
309
1299
281
1232
3528
3044
889
1269
425
86
2222
40
3659
1270
1774
4576
1481
4662
1259
5331
890
998
449
248
2371
3117
1457
2073
1203
3001
3381
288
2694
1077
564
522
1169
1450
2446
3482
1931
3348
644
1988
32
2713
4672
1989
2004
1667
170
815
237
863
881
1317
5262
3800
3221
2331
2133
454
3440
354
4219
310
813
181
1119
1180
1600
1653
3828
1246
2492
266
974
3581
3777
2321
1447
2489
590
916
4742
2684
4731
2203
672
2385
784
443
2031
767
1529
3381
2978
937
3336
2589
191
2926
412
1230
484
4101
711
864
5208
3055
5147
1382
4017
2202
2481
2344
2300
617
2679
165
5155
3040
1800
3529
107
3218
155
185
1776
1070
107
2347
1265
775
170
630
1742
402
3964
1064
1288
1333
837
976
819
1747
1433
3544
2486
108
1650
1211
2798
4871
1174
1617
128
1515
121
463
1133
3136
1118
478
1851
649
1593
2804
3221
2031
3577
2761
853
1913
1380
3590
2368
654
826
902
805
4563
1041
280
5502
743
133
913
4152
3200
1600
249
1682
1077
1487
1204
469
1565
326
138
3461
2692
1514
3299
1770
5072
1900
2484
993
752
900
3952
1252
1554
3847
1669
2364
1313
2835
3584
3422
2088
270
1222
1396
3110
2102
863
3211
1709
1034
4409
770
4966
518
2589
2691
3466
2805
688
1600
1304
1465
1915
4268
916
4830
404
3889
1669
2908
2274
2790
886
3983
2645
4595
765
2178
1430
1563
725
3584
37
4307
1775
2474
1269
3352
2035
132
211
2252
2494
318
765
1472
1549
4464
1620
2534
2059
2701
3984
630
2533
3072
1952
1894
755
3107
1828
586
1782
3084
1051
2720
599
2310
1679
93
708
4350
201
633
1956
395
3945
3585
1565
458
2407
4281
451
142
3668
1361
767
458
1905
1215
2356
2463
1332
962
2545
44
1313
3298
449
1684
2954
3662
16
1925
3836
2094
1825
353
3566
5430
143
656
1487
88
1729
3403
4909
4153
2408
2376
116
795
2519
197
1350
3415
1894
2604
490
831
2728
859
319
1395
398
2772
407
1943
193
2308
796
1532
760
248
1609
1086
329
1501
620
855
3771
3317
2638
1452
3032
887
3855
499
1956
140
1176
1591
1205
1472
4949
2905
301
3169
775
683
1280
4
884
582
1573
2040
1205
1962
2042
32
1483
3539
539
1653
586
747
1737
3678
107
4093
2432
897
970
1143
396
1132
4938
4356
3726
1615
543
597
1339
1012
731
2031
485
4299
1058
2031
2102
303
1329
458
935
3143
2927
2613
731
2256
859
1346
4032
2336
4371
1296
193
455
2909
454
1301
2870
3469
4901
567
1192
3460
1614
69
2037
137
2902
2859
3954
2012
1817
346
4058
320
2004
1015
1249
416
1020
2058
596
1058
720
1084
638
2437
162
2448
2722
866
203
2440
404
2754
1016
4138
1112
1616
103
1434
1721
343
829
2071
3205
155
1876
1958
1656
1611
1831
415
1260
2040
137
1180
3698
194
3096
2709
2765
481
1220
4582
1048
185
967
4892
2585
1071
1309
1833
3278
870
533
3727
500
4100
2391
4024
890
4054
3368
2996
1295
4351
3858
1719
1076
553
1691
1228
199
2092
1191
2128
3221
1899
2338
1470
892
2854
3504
724
3108
1612
4059
1217
3625
410
577
532
1497
2258
1629
1408
1980
1799
1017
469
1818
1169
471
1915
511
1444
2287
2817
3401
629
390
2160
433
2570
1005
1326
1613
909
1670
2863
1626
3072
443
4416
1121
2067
601
4545
1603
878
2355
2267
30
172
1807
1137
3425
390
362
344
1394
406
3198
3886
1412
2664
973
500
3130
435
546
3470
475
672
1633
2104
1451
1582
754
640
1266
1520
1310
496
2827
2620
93
826
3138
1434
150
2256
1649
669
4092
1167
2418
677
3145
149
3373
342
1773
2311
5043
1185
1344
3562
4125
4227
1897
2263
1529
794
2544
1212
1557
909
1069
1422
1786
1341
3056
8
4402
1599
3440
1785
3231
41
1277
66
870
4723
1310
5052
3808
1973
1454
3087
410
1481
2642
3350
299
2632
1766
646
2631
1577
1549
872
2617
1408
3287
3479
178
524
4172
2209
2204
2706
19
3991
1106
450
3314
937
3208
4809
4085
1193
1473
2515
261
3609
2876
2226
4434
396
898
3224
3207
3191
3370
3052
477
3627
52
5051
2323
1560
948
397
1203
1768
795
2602
4174
270
4002
4436
2227
1526
1054
1236
1030
1684
4236
3821
1298
1082
2934
150
324
2734
1850
2034
3683
265
3713
3788
2856
946
3429
128
2102
1200
3780
2012
1050
1855
2951
1881
1322
2379
3476
3742
2020
3399
1359
2596
1765
357
2434
3509
1660
4094
2905
1100
3341
2843
2259
5236
582
3497
314
3950
3463
1934
358
2221
629
1275
1552
3286
2838
2907
1007
3317
1003
346
1739
1174
5315
1103
4807
4928
1106
1334
1759
2273
303
1862
3412
1152
1382
3278
1365
1910
730
2185
732
2922
1646
925
211
1101
321
153
397
653
1193
805
309
1823
3370
1298
3059
2467
1667
1164
2951
3493
487
1785
1321
4842
3529
3673
2218
2119
985
1036
1104
5068
2050
2766
1512
628
193
1136
1440
3212
1723
2032
5233
3865
2112
2832
3329
444
3118
332
3873
2328
1425
98
2022
380
4597
978
304
4296
2558
1679
3847
624
3971
1656
2008
531
489
4638
1045
935
3015
827
600
2334
292
1432
290
3233
134
965
959
985
1042
1250
1611
4157
1751
2291
4046
1660
2375
303
1411
1288
1867
1115
1965
657
2306
2648
3447
1696
1114
627
1422
2014
2740
307
1201
2964
2123
2551
791
390
63
3098
174
5356
3163
335
2796
4265
1472
737
1125
551
1200
138
2679
1288
2074
1365
192
966
1957
1297
3065
1171
619
452
3088
582
372
487
1484
1421
2383
2154
1912
2983
2365
364
2494
1630
2738
269
2573
2354
1878
738
4671
2921
1856
147
108
4659
78
1955
3485
3640
2885
2416
645
54
2112
1080
4451
1762
2904
1709
69
587
375
616
393
296
1692
1923
2107
3321
1598
3506
936
341
4585
1427
467
538
986
253
1775
4762
3829
1013
40
2837
3849
1906
3764
5201
98
2646
1855
1650
1078
145
2867
967
1060
3279
497
2761
217
2272
2263
300
74
3911
5505
1653
2595
2677
1137
562
1971
1734
818
3411
892
2990
3702
4048
3014
2052
454
2571
2673
326
2352
97
2052
1030
2656
2540
524
1512
1116
2405
1089
1129
685
3286
525
658
3102
2765
4695
2244
3434
3978
1411
3303
593
3697
2585
612
4345
808
2027
4460
2291
2230
428
980
4017
2595
1447
1228
964
3217
1543
1989
1610
118
3240
4974
438
3865
1247
3127
1021
1525
2174
1693
1272
2441
2657
5562
1423
2516
585
2517
883
306
1744
236
55
968
1802
2583
887
185
4133
1686
2775
1821
2164
2577
1066
3784
2397
1717
3351
4030
483
1156
1931
2561
3312
129
2781
1215
1077
975
289
4380
3890
2002
1599
2864
2424
4039
2444
263
488
1590
738
3444
727
2103
1647
474
610
1557
2686
1605
373
640
1442
4754
2128
3024
3052
1422
2306
695
1770
5143
1762
3432
2747
1252
2089
2895
102
2253
920
785
2117
344
1625
1447
297
358
1241
5399
1510
1445
845
4733
251
351
2922
4546
4292
356
3689
3375
1291
1485
3043
1021
1006
323
1241
4127
1536
1562
379
3376
1522
2322
1297
1658
1553
834
1565
3711
116
3166
1420
796
1023
4126
743
1168
1679
1707
3670
3526
544
2092
76
1156
931
3941
3830
3541
568
4481
530
814
114
1963
1
53
1982
4312
4260
1657
1942
268
5100
2704
1615
4858
3846
232
1928
911
13
1250
453
2534
677
2056
4460
2035
1361
4064
844
608
1777
140
1417
1039
4018
1802
1627
3796
2701
356
4669
2707
3213
1361
1002
2515
4924
1626
3397
4761
678
65
1056
4364
1532
3873
596
1337
3568
1278
3030
1902
3308
289
3451
728
1103
1504
675
136
106
2191
897
2096
43
1880
2914
2586
1205
1951
3149
3069
13
639
1365
675
1624
3461
4408
1166
2366
3709
659
2493
219
4079
2429
812
801
2384
115
1852
856
829
35
492
3327
2549
86
3153
2320
2034
396
722
1801
544
119
4956
2299
2984
2770
795
3236
490
1531
235
614
4502
1595
378
4021
82
614
3546
1413
241
4172
2462
332
2219
1032
683
2739
2245
2756
3261
5029
1406
1528
51
103
176
4976
3295
2681
733
887
2634
130
1066
1680
2591
685
3224
1092
2068
545
3633
1543
597
792
1469
4091
394
2493
4967
274
3988
515
170
187
3158
2834
3299
2446
433
1598
1742
49
286
382
544
675
109
1757
1259
2355
968
1497
2406
1361
2399
908
972
2279
2264
320
2166
548
2792
431
1159
899
2649
1950
3887
1903
744
981
646
177
2534
2687
3840
3177
191
3616
1282
2204
61
939
3528
2785
569
3010
179
4510
1462
3407
922
2619
2548
2125
3099
4452
433
634
227
3482
2892
336
129
1645
3277
1798
3847
4053
3095
237
1782
3972
313
1164
2713
900
3414
1500
2624
4531
4573
1572
3871
683
1550
1548
208
2519
3534
390
1172
1667
328
3553
1860
228
1102
131
603
1438
3783
334
2739
1474
255
3299
3006
2691
493
1464
666
3193
3500
1259
381
3549
1375
42
969
3704
911
1296
1660
1166
3484
1586
1850
2897
4313
4077
879
362
1320
1526
3433
1261
5064
1300
2438
3153
349
2644
3499
2938
949
1582
2740
3
1469
68
4853
1944
2149
2216
78
1414
625
1338
1158
1289
2306
1861
3097
3676
419
1113
1801
1344
26
226
3115
1996
3053
865
188
280
2417
4056
112
2115
497
940
3243
2268
3258
1295
2581
121
896
134
2796
144
1545
1347
2638
511
909
1964
184
1717
7
538
2998
36
3917
178
368
2572
1139
2427
637
3242
4312
268
2488
783
2335
1976
3375
1461
3979
1441
5022
841
2310
4264
3329
941
1308
2942
703
3331
3418
2082
619
280
580
1053
601
1212
1234
1051
1710
2456
878
2873
398
2564
1295
214
1898
2488
65
673
4312
1504
884
3081
2913
771
2928
195
2012
2882
2048
4861
1032
2132
485
1376
1773
1783
3736
1059
1640
3585
3967
4820
2345
2297
1613
410
3517
108
692
1998
2055
2040
4612
2855
1505
3516
3564
3795
4881
713
3329
2369
138
792
3172
2230
549
4477
2315
1083
3008
1470
3117
2138
1883
331
411
375
2632
1810
412
392
1120
130
772
4159
1993
3755
667
2296
3111
36
2747
536
652
1684
3992
2575
4620
2593
3568
165
907
3173
1848
4017
1093
1248
776
180
93
2352
3627
295
2145
3824
3423
4757
1425
867
3578
2652
1487
1055
3154
498
273
93
314
1748
1192
3021
1113
3805
3395
531
3292
605
2
4353
3367
1239
4120
1437
3995
2476
2776
38
4517
1915
1839
2803
2778
2328
165
1584
5
3300
772
1578
502
3822
3105
3273
4290
755
114
3752
1278
1761
220
878
1961
726
1347
1628
229
2014
1927
4637
1249
3338
1805
2464
2216
3479
1914
2065
1793
801
3915
1107
1430
3002
1777
4400
3971
2573
3254
833
1196
1984
4035
2856
1637
2252
875
4670
275
1826
138
730
1467
3462
2179
3752
2645
52
1378
4751
1259
1907
264
2874
1463
2144
3898
2558
1094
320
1770
1555
3366
1107
1635
2584
2516
193
3512
1123
847
4356
292
775
2333
4246
1545
4866
1405
5118
3351
1078
4014
4627
1086
1121
1426
238
581
5108
347
247
213
4853
719
2212
1929
1813
3803
303
1756
4674
703
3533
1876
440
1449
1574
4042
277
2286
2988
1802
242
246
758
3122
4232
1230
824
739
3895
218
2338
42
699
1451
998
383
1041
2890
968
5101
3018
720
3231
2979
1844
902
2650
1603
11
1067
4402
1561
1393
1264
761
996
3641
721
1579
887
3359
1050
2720
835
897
1461
407
655
1802
686
3312
2106
1395
79
1010
2254
74
1438
476
2091
4874
4617
2078
3482
2435
2846
1153
2622
554
1270
2041
2487
2468
1878
1725
1288
14
1033
212
744
1127
773
4038
1527
1460
2621
75
571
552
2337
814
1653
1275
1220
1163
39
1063
228
2157
838
3885
2357
834
3562
2525
2761
3141
175
2370
977
367
2754
285
73
388
638
2011
5007
3767
3421
2530
1038
2216
2538
2164
1886
1231
1368
2777
2540
3872
741
4448
1294
1346
1547
978
4711
1230
1225
1306
2311
1887
1574
3928
1655
1907
3930
4217
2456
1923
1351
703
21
2471
4753
2643
142
962
716
1500
2330
3566
10
1835
195
2475
2570
3487
3181
1409
1651
662
3332
923
726
2671
3244
2925
1462
2073
403
3579
3777
155
2025
782
2316
217
1028
119
1424
3082
618
1030
731
1719
1825
347
830
1159
3034
685
1524
1597
3991
2910
505
1016
1957
2161
1205
3887
4155
1001
667
3093
1716
632
844
3304
584
156
5170
4721
2672
193
377
3862
3504
4278
813
5245
1871
2002
1318
2773
114
907
3953
3083
1762
152
2739
3299
761
2309
2082
1907
1012
5112
601
2475
3084
119
1561
1674
1556
706
3328
2223
957
2830
1332
1245
3286
80
76
1655
795
173
2411
240
2927
511
796
2678
2579
795
881
5157
2055
904
4804
2895
1246
431
797
1998
2116
2657
1225
3781
2438
2104
4359
1576
1340
3079
2196
4102
4581
987
225
1762
265
222
1542
1255
670
3207
2215
2393
1154
416
204
3219
3405
1026
939
1371
47
1605
351
2774
1553
3015
632
4111
2183
4620
579
850
2532
66
3502
1540
516
851
223
1484
2827
1774
965
2232
253
558
3517
329
2927
612
374
1972
2293
2110
2817
988
1245
113
2404
5500
1259
3490
1967
105
1440
426
366
1106
3063
3866
111
1166
64
3133
2365
3345
1874
932
5017
3690
1592
1529
57
465
1900
4780
3494
4032
1200
492
4255
333
764
2245
5069
1896
701
964
4884
1583
2026
1197
2022
263
3364
543
978
3472
473
364
2471
1351
2207
1197
2459
1242
2753
1307
3017
639
402
111
191
989
206
1787
229
928
1430
1807
2213
617
2974
313
984
1221
831
339
1576
1045
335
1146
539
787
3554
2069
2725
3172
835
2224
189
1459
3401
745
3812
1157
391
2722
945
3000
1269
2662
3843
240
3764
4245
4086
1455
2897
456
2179
2627
4172
2894
551
824
3573
3110
3469
3042
412
2956
299
1980
1411
1527
316
3510
1991
973
263
109
3128
1410
2249
709
2032
2338
1266
3444
1064
2942
549
175
2819
3641
1322
2552
55
3522
1504
4132
304
2320
4008
233
1572
2071
3264
3253
2769
3114
2870
3792
3798
329
819
1788
2222
4449
626
129
3168
322
2915
341
2313
2262
1145
898
2760
2459
1317
1572
445
1717
1628
4579
3410
3979
764
1493
399
2528
766
1947
3853
326
590
4265
2758
327
707
407
1721
3968
2278
769
568
1214
798
3341
2328
132
1127
499
1020
1248
1134
3544
3250
1646
5009
1374
1994
1867
1457
3455
792
327
3542
485
1971
55
527
287
3717
2007
2212
485
288
5052
1736
2999
847
448
2305
2533
426
883
1603
2204
84
1171
2140
166
295
1853
3299
42
195
2886
1492
1723
2363
1244
3350
3702
2361
72
709
3542
526
3238
2942
1801
4197
1699
1002
1565
3508
1338
73
3081
133
828
4424
2861
1564
1139
256
954
4647
1206
2228
2850
94
1976
2732
2
1819
462
1713
1236
744
2173
1315
1377
730
57
3597
1707
2025
2198
1737
407
192
84
2879
1539
3057
1311
2094
793
572
3178
345
654
2990
165
3471
1473
2459
2537
876
603
2797
2041
2033
2377
1201
927
2268
2030
1410
4758
567
1934
944
2906
1954
4026
3323
3225
607
3059
1701
1878
4100
277
997
1118
715
1265
1914
1085
103
1100
5032
1299
1896
2461
3183
1776
283
1221
2551
2431
3
2950
551
420
424
1314
668
601
3664
4436
2693
3038
118
3029
1545
3605
2568
937
2325
969
1287
514
1494
1126
440
3069
2194
2951
3641
1012
840
3838
1645
583
501
1236
1583
487
2191
3113
4724
1011
1936
537
2064
503
3486
677
3013
1363
316
2816
233
269
680
2542
100
3412
2291
207
1118
94
221
637
1304
817
1793
1179
3145
1019
202
1282
2702
1797
3804
1133
3564
3181
616
2020
1298
1801
3930
412
1642
80
794
1549
4501
2500
3204
334
1961
943
2112
1185
4615
1595
4516
726
1961
4584
1022
3971
1796
2377
2059
1040
1230
112
104
259
1220
2257
1748
930
474
2600
3933
2384
714
3379
1148
3371
1541
1117
793
3462
2087
837
1234
2098
2384
962
611
629
2768
3616
552
3913
2919
2763
2499
3138
4229
244
4675
4490
3942
597
1864
1943
2038
2892
1288
2302
2717
657
1091
206
2993
1925
2781
1100
2602
3019
616
2002
1231
4025
922
1546
991
1293
2082
2763
2782
1957
2286
2501
4273
854
847
1622
1256
3700
122
2836
3340
4696
549
1218
844
3766
51
2582
953
26
878
1038
880
993
295
2200
2558
1465
4526
865
319
3506
1119
960
822
3305
1056
3455
3626
1286
384
1375
1147
1389
3359
602
49
2518
1043
298
665
1064
667
1844
1634
1724
1728
256
706
899
315
2299
798
5153
835
3360
1789
2933
1193
2037
737
1312
672
550
1515
66
2800
4256
3174
417
2705
1814
1409
4439
1280
3810
668
2802
3680
2731
189
4766
429
863
2189
1144
2220
1817
1245
4349
1244
951
663
717
832
5185
2548
2646
768
1441
2865
1524
922
1794
1569
2047
930
2393
1465
208
297
4950
394
1335
1406
308
4337
241
1721
2702
926
1532
132
1595
3193
3128
2690
2464
740
784
349
113
1073
2260
810
486
1706
1131
1526
376
264
3733
555
505
2980
2434
1328
778
5035
1189
251
1851
4922
2075
4331
5016
1028
1268
735
3919
573
317
626
2439
1135
2884
2031
775
4237
1385
2043
2466
1399
1179
1010
3740
3684
3106
916
2919
769
2255
122
5224
2040
1398
185
216
55
1408
329
1723
566
3283
3388
1092
736
672
896
1676
254
2197
614
134
534
251
2010
587
3403
1271
3741
507
3929
807
3733
3654
862
3644
4145
311
1423
2462
810
765
2054
1150
219
1201
279
2965
4592
2193
4173
2466
459
287
3114
4690
390
2206
4494
4630
3880
3352
3549
2705
4137
3963
2625
4169
2312
38
192
790
769
3917
1235
1471
641
2490
1413
4532
1258
3274
4118
2293
3453
2867
1320
139
697
560
1000
4533
1795
546
4490
205
724
627
2945
1172
3670
1370
4097
3631
2470
4132
2030
2092
799
4980
3001
3493
85
435
1033
623
514
2427
198
3210
345
2681
3925
719
1702
2189
418
336
1354
4706
924
4395
5
4554
2773
1089
900
3944
759
3446
688
2841
3882
4445
2223
1820
217
974
2159
972
2039
1692
2110
1378
659
844
1293
43
2426
486
1860
200
1100
678
972
2207
28
2614
1392
2107
497
1598
411
721
609
530
3024
1107
766
2705
1136
3285
1959
1100
385
385
743
2693
2578
1968
551
161
445
664
1402
101
2643
1315
1935
1292
1137
1194
1359
1420
290
4196
161
3529
4123
420
3401
985
1678
5051
4800
2341
953
1131
1156
4853
98
279
1135
3391
926
800
2009
3794
1451
1543
2052
635
1769
715
1390
5503
4003
4488
4042
1168
2898
2091
513
1171
466
1249
1062
1241
2633
2529
73
4339
3824
1042
1508
3724
2143
2755
842
2234
884
3013
1218
2952
998
4640
3329
1995
2263
2829
779
1746
1908
431
3550
252
103
1266
1036
2844
1865
254
1604
3737
2799
557
1595
2369
4375
1751
1327
2027
660
2039
194
1837
4104
2356
393
2057
1962
2193
32
2982
1010
53
711
1768
4625
996
3748
3309
2044
547
3510
1986
868
4541
2166
4721
44
3955
1107
402
518
64
2771
3136
697
211
1495
4202
402
2244
1708
253
17
1532
554
2527
1625
3463
4279
1331
515
3004
80
2142
716
2822
5272
771
597
2531
3700
689
365
2101
1538
1104
95
76
1502
1620
1243
2348
3491
1414
145
1691
199
175
928
1560
2889
1305
980
1363
3829
2930
2063
1422
1915
4708
937
1223
1581
3726
1252
3608
1167
416
2490
885
1857
3324
897
1993
2011
48
3868
1345
158
272
2309
2711
1773
305
786
347
3107
376
1638
632
3735
344
4360
1638
2883
2073
991
3162
4227
1984
2720
3317
2662
935
131
204
1953
788
3032
1213
2848
2540
2655
2388
1468
2897
256
643
4191
360
257
1389
281
331
1364
566
411
38
4660
554
3908
5173
1953
1307
3908
1681
777
695
2335
183
199
1653
585
1518
3781
468
1686
3292
307
211
543
1059
1347
3916
2504
4224
1874
668
2212
1640
442
5080
3257
3218
910
5174
3538
2402
138
1391
3049
350
979
2223
1388
4250
1177
883
313
755
435
861
719
636
1533
3958
4176
1996
3482
2299
2641
453
789
1971
1018
341
160
1307
4885
201
1792
3302
2274
5052
432
1015
4919
1605
1861
475
1532
806
1175
778
201
2269
3690
1439
492
870
104
803
2175
2018
907
5086
1408
74
447
235
2901
1294
3641
3759
1092
1069
1050
374
1858
2641
1327
1789
30
4990
2209
230
333
1894
1248
3376
84
3673
779
1532
1869
3511
2391
739
2224
461
519
898
1167
3662
13
4922
1673
3049
2239
251
1903
3242
985
2017
576
5019
701
5160
412
607
1632
1574
2236
4362
3760
4194
4585
4255
4115
1801
2019
689
3714
3230
487
949
3132
3956
1184
706
1426
1501
1595
4012
109
1323
2319
4305
2824
3633
300
2081
994
306
2148
758
10
1379
2246
506
1097
3672
2387
490
594
1622
1731
809
2290
1463
1266
3489
2002
3053
922
2709
3535
176
273
1254
985
2808
373
581
3969
240
3165
1118
3657
3764
349
3575
3788
266
3818
289
61
2285
107
1383
3474
2151
1960
1413
2369
863
1140
1808
54
4412
1876
950
1380
1467
45
1403
458
4107
1252
124
1637
1708
4802
739
2071
1443
2113
295
2489
67
1233
1897
2910
2209
637
2569
2791
679
316
899
2113
1989
4811
1257
2953
2143
1372
1502
1356
1139
834
981
4538
546
3163
2193
1113
3028
754
1742
1462
1916
382
295
447
957
3543
2186
471
336
617
1254
1113
1391
3852
1712
2724
1102
1760
5042
3041
1787
1397
641
2607
1366
771
2053
1187
4428
1685
3520
608
2050
63
2375
655
3480
3857
3595
2187
1008
1799
4796
366
2361
2711
2106
3553
661
1299
468
2094
1668
3137
1471
93
381
331
620
2327
674
3289
155
2065
1672
2132
145
3177
2493
630
3445
2882
906
3556
260
485
1747
3042
1271
1086
431
132
750
3456
3135
2868
1894
224
2267
119
784
85
784
284
2009
3743
242
144
483
1226
275
1280
697
3893
1163
878
129
4420
1361
379
1136
2842
544
2037
3149
2042
1445
171
153
2906
1666
2744
461
918
114
276
1041
1847
126
2150
2492
2030
254
2455
2898
2035
1442
1552
1808
2168
124
3476
3002
2615
473
431
1805
3055
2063
3057
1916
1305
869
2024
306
3698
318
1553
321
322
2482
4173
454
1511
23
3772
230
2327
96
1158
200
416
728
4852
618
2209
1442
1070
4724
4917
2170
4449
313
1678
2701
3546
3951
628
186
2529
1057
209
2324
2731
2984
2191
949
1412
545
1296
1848
2445
4183
3059
1211
2193
2887
1878
187
2144
5585
1047
3269
883
1434
4285
696
2608
1369
2619
214
700
2163
3998
2617
650
843
162
406
2326
1238
2809
1306
1057
4683
2719
232
1123
1068
1872
996
2725
3648
51
4749
933
90
438
480
95
1467
869
720
2849
3748
155
774
3101
206
906
1455
287
1811
4161
1074
4003
3441
700
2838
2470
2172
3311
692
339
1013
4145
2233
2103
2796
1978
1204
1817
2027
1115
4331
3974
219
1173
1197
826
906
3799
64
1772
3646
1863
2284
2940
5184
1004
3393
1876
1375
757
236
644
413
2252
1883
2356
1667
76
481
1867
609
3332
1569
3019
2943
2965
2457
347
3712
1779
2071
1321
1962
2707
2321
77
2822
1320
2972
405
2154
1293
4434
4683
172
4138
2683
218
3965
331
34
501
1368
1132
1940
1300
694
2334
3391
610
2565
2458
4144
1632
1850
419
3925
1265
979
2778
951
3985
1125
1795
1300
129
4153
778
424
135
1059
2137
2739
1798
2563
1144
1534
3919
3993
2452
2267
858
1913
427
4289
2908
2432
741
24
4261
1871
2201
477
4552
833
1686
2559
2087
3348
2107
2462
316
1656
628
2320
2320
439
981
1667
815
1767
1376
4
771
1669
2473
146
1431
1687
296
1687
941
267
2474
150
672
4046
842
2199
4105
2799
1500
3567
536
146
2896
3361
1740
1482
3321
599
1190
2138
2536
2646
70
200
184
3366
2159
4590
1255
1436
950
1998
3516
1311
2543
3169
2565
1494
1383
1365
720
2574
321
2454
1417
2267
1027
3107
3719
952
466
1827
309
43
2640
1526
2114
2692
150
3769
1075
3623
3511
1569
2396
1869
1883
1748
1487
2193
3701
2480
840
2668
230
3177
126
2468
1065
2609
1801
2309
5261
2808
963
2039
1557
1954
2149
491
1488
1058
3804
2859
2902
2710
2603
1010
1030
512
3646
431
876
1532
815
3603
4815
3723
2386
457
901
174
594
2925
1600
318
1277
92
550
3464
2024
235
233
3086
1106
178
305
2980
3618
1803
232
1324
3176
3767
3068
617
2512
1957
2836
2481
987
51
1788
3603
2010
415
1432
3839
1786
4285
1989
3466
2470
2541
1083
898
719
3318
172
77
916
692
673
3970
232
2801
2719
2276
1912
1569
384
4051
2907
1504
3205
3265
977
1520
2213
851
1052
3557
1143
1002
491
1381
3107
1170
1871
5294
5099
4895
1099
1676
1299
44
1995
2202
973
4497
1227
2364
56
1895
5007
428
1005
895
4698
695
718
516
2764
214
4617
184
511
3695
1199
1291
2981
1077
1558
4252
444
2239
835
2946
1203
4861
2970
3947
2
1450
10
947
167
2475
1211
230
5223
2067
2548
3415
1402
36
3387
3420
1213
5339
2650
2665
88
2099
5278
264
2350
605
1923
766
2624
4940
4977
177
4185
3417
2858
2240
1560
1813
261
2882
683
2034
573
853
63
1261
4107
3554
3209
1078
2839
1148
356
1924
2770
2133
3293
705
3707
235
595
377
1868
963
2512
2083
4
2031
817
1941
1763
844
2648
449
295
2676
344
2296
1226
1755
3357
1448
3376
1651
1640
2319
1315
2399
754
259
3230
3740
281
5354
406
1057
2452
3088
646
79
1109
110
299
1055
1657
3689
3708
1878
1134
181
2475
636
3454
1109
439
715
3186
425
1567
2626
844
630
1061
4713
1245
1807
763
1898
747
2019
2056
3628
62
1376
228
3836
989
5307
1753
1808
3926
296
1550
2525
3135
312
272
3438
3441
2485
313
1637
1039
2872
1948
858
545
555
1543
494
108
182
2408
1869
2121
2996
2768
2911
4404
4789
1475
1457
2836
1012
1855
2322
520
2075
587
1419
1075
3496
935
2678
2302
3950
2393
2067
1936
1068
3083
625
672
2504
2680
173
1989
3339
1978
1857
1145
191
806
4726
2415
1484
4124
568
2972
1542
2238
1340
551
813
1264
483
284
3483
3641
14
2490
447
1066
1529
439
2539
617
1756
3986
2491
969
2115
1989
2025
1706
4274
294
2352
685
1876
3515
2981
3740
2145
910
2896
3886
2267
119
815
2962
2319
686
3048
447
3118
1616
1984
506
1903
1568
3878
925
3961
2004
3499
3427
619
5315
2379
1122
5318
2745
378
583
2390
2875
1258
2278
4912
3915
637
742
3926
396
889
320
1376
2263
2511
2963
3049
3670
2191
2013
2077
792
4465
3559
3024
722
3394
2008
784
451
2749
3646
1747
2030
1549
167
679
258
38
2880
1850
1131
691
1778
3255
654
3284
2049
2474
3295
245
634
2911
2088
1158
766
946
3534
2912
4086
1579
1833
1777
1454
2862
2232
4236
2305
3309
175
1549
138
2659
495
1389
1019
2640
4374
4262
1367
219
2582
1029
109
1814
1085
711
3732
3351
27
2635
438
3516
306
4127
4245
1528
1048
1634
1149
4052
2307
1443
1330
3373
848
4176
2296
836
2372
2273
1432
4676
781
1133
4671
1987
1608
3779
3939
1351
714
203
101
3556
731
154
600
2022
2071
97
127
3139
2324
481
1899
793
2337
171
600
201
3879
1595
1664
915
2662
969
595
952
1430
1864
538
2248
1532
364
2744
4190
1423
2194
2136
3457
2006
676
584
1478
4827
884
3190
912
969
2435
1734
674
2504
2922
1421
2432
1981
1067
2548
3274
1234
2344
31
705
797
2680
479
1184
82
2872
613
298
4980
3484
1160
2334
50
24
152
219
3185
3357
3638
132
626
2990
373
2130
611
2830
1973
1158
12
1485
3410
1047
2809
75
1776
61
2051
4468
1240
55
4151
1022
2375
2369
1440
3352
3707
2091
3639
2880
204
1400
2399
3086
1178
1787
1369
1663
511
2519
3529
510
1378
3701
3369
1506
2679
3071
1013
848
5010
2379
174
1431
3400
3962
754
3824
3655
3667
2096
2786
3642
3029
1057
1343
629
2574
88
1243
3538
3064
188
3057
2904
2081
2768
1260
694
725
857
717
3030
3950
2805
2019
1555
372
2743
3150
1754
1027
764
548
717
1652
603
480
3494
696
324
4405
1188
954
747
3483
103
982
2700
1273
3474
1159
1038
1269
4195
1960
2378
4456
2359
1857
816
849
3549
637
2491
909
2892
4550
1664
174
2433
1512
1390
2191
1469
1261
2485
2130
83
145
317
911
2529
3755
495
2721
1506
194
2356
2740
193
1419
2733
39
2073
1775
918
2086
2045
90
462
1910
449
2195
1638
1698
2266
4258
629
2035
1368
1565
534
4278
2244
896
1264
1798
1081
1791
1386
1586
2161
1473
1090
1274
2248
341
1999
340
1272
1929
3281
866
4653
796
2414
2460
454
2656
354
2018
31
3352
1761
907
4895
1840
2659
1210
2638
4432
541
2899
1341
2198
476
2914
409
35
3983
152
976
1940
3518
492
1633
2099
3145
1538
625
842
3719
1375
2050
1716
997
1111
2401
612
1856
3158
1499
1289
2150
1401
1595
4847
3980
7
1843
2517
3224
2012
4543
1786
1475
3986
628
2938
2261
1131
4301
1987
1927
533
4655
1661
3534
95
1854
2169
1531
3788
1039
2427
2673
5151
1196
2212
2126
282
214
308
4673
312
1284
4169
0
2281
4704
1403
1056
1153
1655
2837
3036
781
4408
2415
176
2459
1767
4825
171
2261
3674
826
3507
4349
3541
1872
3123
2379
2518
4544
2635
1652
1094
1249
1047
2860
4894
835
1769
2752
1395
1625
2204
1649
1900
1484
134
1281
730
4074
2790
3187
626
2306
1189
184
1921
4341
2075
3478
558
2048
4560
829
991
1934
1233
1320
1216
2280
175
415
807
4259
2404
845
1243
1775
2718
7
3843
204
66
678
770
1295
1054
2958
1377
1714
4601
929
409
4146
1386
1764
387
3272
1791
4916
4970
4227
4635
2735
334
15
458
1023
3007
2608
2304
1589
2166
746
3609
3636
2018
27
1997
1981
16
565
1229
1037
2792
2849
2916
214
2080
1231
977
2159
3458
1593
403
1463
2104
1683
310
3838
466
3628
245
1709
1233
1238
2182
2470
1600
3479
3255
239
505
4396
309
2850
500
3604
1212
1326
342
2239
1198
3487
1223
2187
1843
2060
4782
1490
1094
3770
719
2559
2010
2737
1463
740
1650
2151
2028
2324
575
431
309
1001
1528
3460
2718
566
3522
2349
515
1246
4413
4475
2530
206
2432
1142
2348
5242
755
1726
668
1367
932
243
3727
16
2301
4373
374
339
2726
89
1064
2041
4430
2914
2843
1458
323
258
3501
155
4433
3832
4060
349
759
173
365
337
3650
990
221
214
2992
398
1110
188
717
359
1567
4974
1725
706
657
2329
3587
608
4505
1337
2741
3817
5211
2187
4102
2627
716
4670
2344
1287
2023
2344
1739
642
286
1600
944
1493
519
5192
1329
4523
4322
3460
2810
2874
659
1769
3536
2691
515
2469
600
1083
2202
2360
740
2243
1183
1117
476
1000
123
4133
1691
2357
325
1802
2090
2016
107
604
336
2357
1069
149
4339
2044
1988
1127
2669
3721
4355
2119
1240
460
4614
1632
4885
2152
1136
3036
2676
3938
2262
965
71
504
4773
446
2443
1016
1874
214
2751
949
3946
166
210
263
2737
1870
3698
643
3694
3254
4693
1307
3597
1109
391
2638
2687
526
5367
2654
1343
2671
2270
81
1118
3410
1729
107
1497
264
3315
28
4723
4499
872
1921
366
2863
1147
3543
54
2038
159
2314
744
724
1184
321
4709
489
4701
3855
661
1484
2562
4164
423
2688
497
2525
4109
1728
212
1459
3298
1391
1709
2070
26
3137
3975
1008
749
1138
2220
4012
1467
364
2791
463
4164
560
161
1219
21
758
478
2861
761
1198
338
1815
1280
999
3112
1684
1601
1686
3888
4495
1666
3898
4593
2001
3672
2781
532
2210
2419
789
3677
1597
1689
498
778
1309
351
773
3153
264
3328
2705
3058
2131
919
2321
1862
5448
854
1340
739
437
28
3077
203
732
3527
1561
136
1489
660
1596
2972
1997
2753
1899
2378
178
1518
603
962
655
2448
1745
2010
2742
1351
23
1706
1791
35
481
3306
3404
628
156
4451
1043
1015
2938
5037
1924
4742
4178
942
1768
3205
205
799
712
3290
177
1496
4238
2592
2064
2316
1559
2117
2333
1492
150
892
2670
2907
2582
2913
773
933
1330
3360
961
393
2
520
3664
759
210
1319
346
3039
570
2307
666
1095
1271
1160
397
1242
2179
4179
1479
127
2630
416
566
96
33
3484
1816
2266
400
1946
901
2350
1483
213
444
2957
100
3721
2800
75
2020
1397
666
933
1882
715
2467
309
545
1517
1891
721
5240
3864
1074
4684
1373
1310
1759
969
3068
2458
1360
1583
2967
797
2093
4547
2802
901
3306
633
1043
736
308
701
604
1082
4942
3555
1738
2534
1604
627
791
230
1902
2750
2815
1459
2130
4515
251
2244
3436
1549
2576
3499
1610
735
2869
3716
2506
1732
206
1751
1322
3572
1319
490
3722
1730
1849
1955
1461
150
2806
2027
462
3558
821
2126
2822
1073
547
3435
172
4765
1032
116
2336
542
1483
5260
2215
3882
2968
1829
1303
2536
3581
1506
3077
703
1834
1578
2801
363
3450
238
487
1781
926
4508
2187
97
2019
4198
56
163
575
4487
1219
396
3499
1928
3865
1965
2102
3512
4074
2845
3969
5083
938
1861
4071
1241
2468
2141
2949
3498
634
2649
745
2682
2297
1732
1003
1543
1111
923
213
642
2838
567
2519
378
2726
1118
41
13
501
3152
4222
5064
509
3742
1307
604
578
1841
149
1858
1555
3117
1735
3503
1254
1525
2763
1813
4975
1139
2073
563
769
3366
1581
1160
1807
4408
3065
4939
1785
307
2985
4300
335
3287
1274
82
2703
1898
206
2346
562
1416
1766
1141
575
4116
3274
773
2376
1995
1512
2568
158
199
3770
213
3200
1879
3070
3451
4428
209
153
960
2349
764
2088
358
4319
2025
2368
238
3465
2117
5
3340
1899
761
2090
3768
418
2927
793
4085
126
1910
1937
1243
2954
1963
2415
949
1694
3676
408
738
3704
2536
190
2649
4730
354
2533
697
4221
2228
1090
3885
1546
1042
2633
4497
1404
1754
3591
1177
2664
936
1606
512
1104
502
2775
5204
3558
2072
2574
2926
1381
1659
223
902
366
2195
2111
562
859
1672
463
3954
872
3637
252
83
850
2478
2967
1963
767
862
2926
5205
1144
2843
3152
4849
2803
2640
2375
3764
1150
74
1404
2929
67
53
2184
1301
223
483
4408
1522
29
3918
1091
1679
564
1942
525
2690
2497
281
2888
1173
1246
2201
2931
1131
2644
177
1685
627
1894
1212
184
11
2533
2839
708
1960
2995
774
2914
3381
1502
1745
908
2059
2677
2045
1277
874
4096
2895
2882
4755
115
1974
912
848
245
3138
733
714
67
2317
2953
4133
583
5163
304
2856
1100
4754
1187
1501
1042
4746
1938
1737
500
389
1822
637
657
4442
812
424
2543
235
251
1470
1512
1117
108
881
2841
2159
384
318
3099
1490
1665
836
3631
1104
3682
711
426
186
2667
1974
634
2276
4918
1845
2032
2166
1025
5050
806
1800
824
2676
1516
624
2004
4947
2938
3678
1787
4364
2029
2061
177
1400
233
2753
2740
1289
1633
1779
741
795
4160
1279
2495
1364
2679
600
685
1588
103
2260
4465
1986
107
1141
969
1687
1845
2010
1530
1266
1896
2666
2838
397
1623
3191
1442
1998
4264
1820
2972
939
549
4383
2317
157
444
3977
1828
3205
600
3359
1977
104
1328
1757
1895
1856
410
5111
2760
3700
3887
351
100
1023
992
3254
1821
4752
655
1958
3564
1215
962
1143
353
3510
1773
194
56
1334
3750
1404
327
178
1463
759
1809
85
2718
4569
1370
1401
910
1363
2461
4988
2787
176
4172
2204
471
890
469
1077
2490
528
182
4335
1275
773
1684
2777
168
2880
210
275
49
2113
2212
3073
3339
708
4117
3939
3238
41
345
1968
2845
2029
3165
3374
1727
729
1445
764
983
2165
4461
241
830
1243
1807
1620
2610
345
4292
620
685
1818
55
996
1189
991
291
5170
2724
2580
848
1532
2470
2304
1184
340
3610
4195
210
639
2665
1187
198
270
1638
824
4299
2964
3205
177
2815
1129
3199
2747
5
1201
5102
1537
377
1086
4960
2402
3759
1681
1784
1011
116
2242
1270
632
820
3983
3100
977
3280
1000
1453
551
1325
2246
4456
3555
1867
2600
253
3312
1601
2770
26
2853
2182
4695
936
4547
411
2729
15
1884
898
109
2886
4181
1222
5175
3165
995
354
766
2999
85
2054
47
1436
1233
2349
2608
2509
1747
1030
43
360
2816
781
2450
1924
1280
1951
303
2983
289
3255
3771
2336
4606
2958
749
4284
162
1290
701
3579
1133
1930
2003
1127
3281
1464
1889
1181
447
217
2329
2774
1311
3691
3093
142
1345
2232
2919
220
1658
1022
4435
745
679
462
2162
543
268
1533
5145
2667
1149
16
3989
5294
2457
55
3937
1049
354
1261
1190
1806
419
2503
808
4824
166
2172
2625
87
2852
1661
479
2850
245
2227
724
1574
4174
2432
979
906
774
394
2939
2396
257
650
2518
1072
867
254
1155
345
2491
664
753
363
714
2409
3420
408
2194
3673
5182
2289
3202
2063
2119
4162
242
2540
187
914
625
1334
3529
2352
1325
1176
2340
4047
512
1071
632
5311
1347
789
2228
2145
37
3348
2038
3157
4168
2037
1663
227
600
1034
3026
582
485
2694
820
766
1681
1674
329
429
772
3183
781
983
2210
2922
1942
1091
1845
1903
1414
849
878
253
3661
1042
3191
5159
1571
1232
2215
2706
4196
1941
199
2597
770
1107
3235
1585
5080
1041
4909
3174
214
190
4622
1734
1839
2255
4012
1805
761
3883
625
1432
3517
419
209
2621
2544
3013
690
749
739
2002
329
162
140
2438
1341
824
3549
731
315
416
953
998
4280
1988
585
1248
726
1644
596
2559
389
1124
1643
1830
1511
2235
555
979
4859
2761
2495
1317
956
564
3449
2142
1404
144
1782
1138
312
2751
3703
1259
708
1336
2996
2857
358
304
2880
454
309
808
4213
1276
1169
3311
3942
1394
322
3128
249
1290
1035
239
2455
3290
2700
1486
1726
1568
647
710
1616
1034
430
1668
1446
1778
1613
219
3724
317
5555
3837
3455
3758
600
2391
3964
2732
398
3078
4285
4070
618
314
1980
2476
2591
106
1762
1074
3107
1373
1089
3269
2417
1774
3501
882
5490
1743
1597
2577
855
3511
3899
904
3094
548
1599
2451
1771
200
1406
946
2918
1666
585
474
93
1672
3226
570
285
1564
2043
63
2089
768
658
500
1791
241
270
4842
317
1240
2977
2793
1149
3191
1776
1067
1180
1695
2761
1004
2550
2542
19
1920
4257
2169
924
260
801
257
1733
1023
1515
3657
3569
2518
1020
165
698
226
3939
3265
2814
637
73
3119
4276
585
1045
294
1740
3007
1921
80
45
2045
1341
2960
3746
527
3555
5038
1404
475
2726
71
2363
5052
3410
1669
543
1671
246
1878
546
670
649
2336
1737
439
2006
2494
4477
4260
2412
3130
4870
2878
363
78
2272
3485
88
403
2903
2611
1128
852
4378
3201
1595
2620
420
2034
1833
1594
376
3306
3635
1173
69
1000
212
3990
534
1600
5483
2204
3528
3232
1731
797
528
644
573
2412
1208
1177
3280
983
87
3036
434
1076
4132
429
2736
3116
3316
1902
3127
916
1213
1934
66
3662
3045
1954
3966
3599
575
3799
3740
941
2730
315
382
521
603
1528
3103
1239
412
3062
3030
1956
1864
1257
3690
2026
1331
3237
1596
380
427
588
436
4041
1134
713
2920
4635
512
3389
17
438
2897
3999
3896
3987
3926
1143
2013
3973
2129
1671
533
5018
2623
393
267
1504
394
5184
4299
225
2295
2467
1627
3931
89
1728
1179
2065
571
1544
1376
2389
1367
1373
49
1683
572
894
3583
68
2221
2677
2436
1005
2161
552
378
731
2774
523
2013
3235
1582
4493
1210
3758
926
3537
1544
108
2488
674
938
3019
804
554
3630
1075
938
947
357
1474
4406
3150
2688
891
1840
854
523
4362
353
4192
985
1716
1175
1589
3702
2409
1171
3143
361
704
1781
4428
611
50
2263
913
2471
1518
2026
689
2213
3495
1958
2896
279
1441
377
1760
2550
2603
1532
1820
3242
4819
1456
4266
4200
3229
1974
1035
4440
1858
936
1201
537
5489
1841
560
4682
4988
4163
4073
2260
2095
925
2143
4119
2378
1896
826
540
1906
216
705
1704
148
2782
667
313
2784
4372
127
936
1083
4327
842
3002
1094
2314
3814
4479
2531
2395
852
3540
2918
3704
95
739
1004
1894
2215
4480
4415
2443
168
1068
20
1031
88
2150
2358
1261
5007
1331
3480
3778
1470
3810
23
1164
624
1598
526
4458
796
599
1765
505
2833
1879
2963
1323
259
290
3162
1469
3727
1515
286
193
657
1667
76
55
304
588
2183
1195
1819
463
1930
514
3568
815
4208
3011
966
963
1485
2487
2157
4094
2139
4584
1217
2917
3112
3380
1180
542
2374
1046
3047
2180
3974
1844
976
1599
1378
1513
991
1472
3362
458
124
2967
2158
2228
199
2360
255
4434
1897
3752
2733
570
2302
1834
1901
685
2720
1903
434
2524
642
1192
2129
1857
545
926
3701
203
1799
2652
1743
851
2380
3314
3049
1705
2045
1085
238
2892
3416
406
1242
1669
269
1271
635
5194
1565
280
4069
3110
2373
734
2556
1045
3583
2663
578
2919
1749
2188
1704
1555
4607
3513
312
43
3948
893
592
3604
898
891
1458
430
4236
4310
2582
1583
289
115
1513
3616
760
2865
4105
3004
1784
1601
496
835
3652
2768
401
4781
678
1084
1417
2328
326
3174
3037
113
1098
2963
2283
1705
1442
2828
161
71
499
3188
177
929
1258
1498
1079
1548
225
1622
2665
2557
304
141
46
672
2720
192
1067
3113
614
1779
1057
2130
4769
2435
2151
3455
1660
2554
340
1786
438
1400
794
2460
1796
988
968
415
31
4809
1385
1318
375
3519
38
527
2295
3733
4492
1796
973
1083
2491
1192
2077
267
2918
4593
1568
2638
5508
384
2496
4538
788
4429
1569
2275
2968
3754
3185
4402
3833
897
3019
2558
455
596
4126
3401
3017
2664
33
5276
3431
306
136
2636
3371
628
3954
1073
284
3457
827
140
1364
1511
552
2295
136
1636
443
1329
3136
1670
1714
2448
2263
2202
237
2909
1219
1577
132
1622
45
4984
536
2889
2401
2
3790
2566
2840
2505
4982
1797
564
97
847
4132
729
4187
740
3973
4867
3927
1893
906
123
3390
3979
526
3234
267
918
1363
1216
2108
611
158
1036
1289
3810
4239
2090
2737
1113
557
980
402
1074
3429
1800
154
304
293
3902
2352
877
2039
2500
1743
2540
1109
3558
26
4424
1353
789
3184
3759
162
375
4537
2795
295
823
3751
2358
340
805
3400
898
584
1132
1261
1722
3218
306
1541
1809
2006
2907
1509
3161
917
597
576
1689
1181
2835
822
569
940
558
1900
4019
1215
2030
330
1148
2856
4607
1122
2909
2576
2425
4006
390
3927
2594
1107
590
190
2239
1395
655
1077
1762
2308
2250
2261
2456
1321
4472
2691
60
767
998
3648
3825
591
4077
1626
2207
148
2579
1925
1119
554
1371
2589
2819
5030
1133
760
35
3678
76
1956
3644
2885
1175
2267
374
3333
945
1974
334
777
3347
936
2217
233
1001
3559
2375
2605
2332
3385
2411
1402
1498
1380
1404
51
2140
237
389
24
3627
62
1385
3517
1606
2750
2490
2577
1449
3276
649
604
607
3076
174
3205
4475
2058
1210
1686
967
1316
2849
2903
772
623
4960
2726
1273
2725
418
1886
1324
1546
1274
994
3204
37
1349
1238
514
3787
446
1905
3417
2604
1968
2086
2230
2268
3077
559
709
2158
413
347
2906
3724
466
973
118
3635
2223
1336
2388
356
3435
701
59
2552
2391
1890
1071
1827
2000
5055
1534
3911
114
2503
3704
608
2452
903
4157
2533
4239
1862
4365
4885
1914
33
810
1691
1472
122
2836
781
3624
1267
5097
3574
1957
3200
140
964
1386
646
873
1080
3851
1061
1606
4176
2288
283
1234
3710
1941
1301
17
1740
411
1025
3095
3089
1245
2394
4540
4910
1325
341
49
691
1925
168
15
3787
908
1697
1987
1735
135
1918
894
64
1472
1189
4457
673
616
565
579
5234
1068
2402
3153
3625
173
1784
2983
368
3754
3096
630
580
758
3852
2553
310
1177
2104
944
897
4737
79
153
526
3755
1038
1730
2912
1258
217
1254
2106
872
1726
693
3962
1695
208
426
214
22
1031
880
627
2113
4094
224
3627
4076
767
847
1063
3145
3579
827
2515
342
2616
2042
2304
2663
1793
2475
53
412
957
3209
3163
225
350
797
2746
3167
421
58
2227
566
4182
443
5199
1471
3703
93
2298
552
1047
3527
3919
546
1923
1269
406
380
826
1009
949
2226
3108
569
3241
4500
1869
2447
5096
811
5109
1021
1065
1702
13
1492
3525
1153
345
2634
1707
698
98
81
3066
392
142
3106
1386
1023
3671
3971
2277
1258
130
2307
3281
750
304
3341
4524
1482
2592
2380
1788
47
515
2612
1139
46
1780
3186
1024
179
1084
3555
2204
3895
3267
681
4374
3942
282
4644
4034
544
1708
311
105
95
1902
2350
970
153
4708
1159
2022
3206
1920
392
901
1535
682
13
338
771
824
345
186
979
1506
4472
982
952
1237
1174
2477
2179
755
655
1776
4515
635
531
562
4972
4933
4311
943
387
3202
395
555
744
3623
3660
4772
3081
568
1994
441
681
220
257
821
2145
112
4330
3767
2223
1445
3047
3740
4007
722
627
1110
40
4325
784
2313
3047
2098
2535
1440
253
4424
1017
1057
1496
2537
2428
1849
2838
2852
3119
965
1565
4382
2790
4304
1758
888
3449
1435
2847
858
1567
207
4942
3011
3775
1927
2377
2642
5502
268
2529
1043
1069
934
4175
3660
3
3004
1780
2420
175
530
4472
2902
260
5270
1972
375
1082
559
923
2063
2981
1336
3139
324
362
1758
5377
440
1018
558
528
3088
3868
2498
2490
2641
4900
44
1322
2443
824
4833
2201
2824
1450
2083
2501
3088
687
3538
658
1562
3009
322
3457
1344
2501
1459
3533
1704
146
1894
713
2490
472
2546
3568
2037
1247
98
3451
231
4772
1819
4224
30
966
4278
1554
1206
4340
2156
1285
4370
939
458
2301
2148
2430
775
791
767
525
1166
599
157
2913
4255
537
1010
592
829
355
1254
3958
2426
2492
2679
2822
3210
925
993
1407
1564
1155
2298
1230
3502
904
3974
2176
1689
933
242
3765
1840
144
3476
1200
2770
1728
3867
1958
1027
1050
5148
2933
810
1061
426
2336
1017
2096
1518
247
2452
1065
4604
87
1015
221
1020
1861
3729
443
2097
1569
3125
4182
3260
2162
994
3475
5205
491
1498
22
2236
1479
986
2240
2836
1136
780
1316
3965
489
549
3556
2012
1144
3952
503
660
1358
1433
1998
1802
2799
632
4410
920
1873
1155
923
1865
874
2722
2615
1463
2418
534
4190
1395
2195
136
799
384
4909
0
4768
26
3465
1028
2712
558
222
3011
1528
1622
818
1214
4293
1971
2010
3461
4205
2781
2629
1488
1597
234
3017
4155
277
3285
564
10
1926
3407
1627
3658
1231
1730
2416
1793
4242
1948
163
369
2665
2103
2499
236
584
721
1601
4047
974
1579
3670
4594
2686
4178
1111
837
1209
2673
3079
2095
464
3681
1648
1710
516
750
558
266
1815
420
4701
4777
1447
2193
2992
1545
4052
3761
2147
189
1311
546
1287
3346
1560
3477
1319
4372
1303
2137
5356
144
1063
1819
3811
2592
2494
3245
1218
4672
2786
587
2800
149
4610
4375
1570
1595
299
2088
4525
2053
921
1512
36
760
3758
1121
3919
973
4492
412
4129
1597
971
2438
4156
137
2862
1656
3966
3383
2743
2991
2734
1959
4592
831
751
1522
516
3994
4389
999
499
2603
1644
1640
781
816
2207
1245
1049
2403
12
188
835
956
3457
1027
3425
945
3422
124
4266
1218
1627
1508
617
2752
1641
2583
453
181
2349
1840
2607
3999
2439
533
421
209
4574
163
1327
927
2982
784
1950
2499
667
572
4849
2775
1361
606
701
1122
3320
440
1520
4563
1134
1796
1766
150
1908
4115
1156
3785
2379
1224
3314
2353
1454
2163
3943
947
1181
3613
2498
4125
2149
274
83
873
740
1804
3413
3849
280
1022
3209
4628
611
2925
4254
1646
400
1410
332
1240
1640
489
1331
1821
2247
188
304
3617
17
2931
234
1902
1356
1192
518
3026
3003
3095
2088
2721
1393
2697
3566
285
537
4385
614
2289
1898
4275
335
908
449
1114
4385
4774
2933
1362
191
2094
552
4694
2533
697
1051
1929
1025
3215
499
5004
1132
2203
1112
3546
77
1372
4990
341
1253
1198
2697
2824
3436
701
1004
3828
2865
1439
3052
2399
1640
2890
2796
664
777
705
2371
1969
1703
3210
734
257
2170
1241
3339
4945
1456
2107
3234
1147
3180
388
2043
70
1758
1700
2405
1817
631
301
971
1534
2276
2300
552
3369
2846
33
1767
3580
713
3181
4534
2938
1238
1321
1681
2012
3212
1139
2028
3760
526
1629
4002
281
4367
649
2812
3087
3420
122
319
1063
2521
613
50
967
2852
4925
1853
1917
1397
2371
1606
523
1390
2169
462
1732
839
3461
547
1609
2113
734
919
1231
188
3351
224
3597
860
3433
595
3055
1470
345
549
732
875
3241
449
4205
538
69
4860
3333
348
1763
468
878
1543
2944
1000
1978
2261
149
3517
4197
1487
2471
265
2775
1703
2222
1876
2160
652
2425
2771
1440
2751
308
5018
632
3220
29
622
183
151
489
3091
1924
2104
1218
4398
1565
94
251
2989
3048
580
851
241
4582
1292
0
4024
795
2617
793
2703
1590
3204
1374
3643
530
1851
922
25
2578
2532
3064
3734
1924
1287
4571
3064
753
1370
2427
1295
854
2954
1147
585
3387
2194
1716
2985
3596
3288
677
3019
2570
1757
2913
208
1347
238
921
4051
420
4799
3193
3291
3399
60
2751
3682
454
785
5235
795
880
4977
1105
2418
2322
4001
1297
2189
2431
243
1001
2069
1441
1105
2443
777
181
277
3666
2435
3135
269
686
2265
1430
1857
328
5275
1993
361
3455
2551
1921
1696
876
526
2279
682
3849
1156
457
1836
2043
787
3884
4999
3579
2506
306
3086
3403
1853
395
443
267
474
1446
703
2282
751
4069
751
1860
1387
4
2244
1327
353
685
1306
2569
872
2050
1113
507
2419
506
615
2041
640
1167
21
4140
200
359
1908
2040
258
1772
2237
1514
2958
344
77
2157
3300
3132
3135
241
554
4364
780
741
5037
2180
1476
2786
3154
1949
2848
735
3075
719
1869
1104
1173
306
1565
731
1213
684
201
3917
2023
266
3993
3426
2189
210
41
4158
912
1925
459
4808
9
503
1438
1807
1121
2358
3121
339
940
2654
160
176
1031
1517
523
2015
855
1687
4334
2093
111
1869
192
768
1860
4033
1057
1693
207
1847
3263
810
2407
3183
554
1035
1486
634
1174
3373
1957
2231
3476
4002
1461
2735
2192
901
1823
311
443
70
4040
3950
130
2157
5359
1798
616
4286
2050
2546
1575
1146
2844
1272
1717
943
300
3109
1217
89
1410
282
2424
227
2270
465
777
4272
867
243
3038
973
2385
2512
708
2196
3432
2949
2514
313
534
3916
875
1728
1195
1459
285
1886
645
2146
64
2431
315
948
2453
1016
826
3150
1296
3440
606
1243
680
2626
2645
955
2686
3204
2100
2233
557
2974
302
190
303
1311
411
0
84
3532
1116
3461
333
1028
3225
326
2233
4
4813
3741
1898
380
1614
605
205
2503
1686
4217
698
2961
4870
754
2233
4045
458
5384
3118
487
1971
4428
817
629
798
2125
227
1164
63
4101
626
1610
1977
111
1067
798
1624
4166
1600
1531
1249
636
4177
999
1782
2014
1127
856
3488
2164
2747
1513
2217
713
2139
2293
714
2500
1585
3604
1387
300
2346
2140
448
1151
888
1741
4670
4158
1076
2604
584
718
3260
238
147
3780
3229
1597
19
1884
2511
2216
3133
2276
2038
3865
3194
4795
2096
2595
800
1197
1065
1249
888
1303
2646
2316
443
3268
2841
742
708
2772
1208
5107
2601
655
685
2948
3357
2007
2811
4142
1225
1128
1024
2001
271
1082
1061
1040
122
3631
196
744
3101
2661
2804
558
1145
1297
4036
2456
1796
709
786
2091
2976
835
1315
3395
1059
2804
373
3645
1899
13
4253
2814
2725
2887
2243
1695
1669
2085
572
1524
3887
1519
3411
2631
483
3751
6
1562
2776
5313
1481
2443
467
3128
3475
752
2548
1724
1624
548
3220
383
4231
2684
77
3131
2504
1680
449
282
3416
884
2070
637
1558
1085
2995
2815
2964
5
383
2664
4366
878
602
89
3296
2828
565
788
1643
4037
1792
2963
1674
3758
617
2162
1939
4002
2001
3657
1174
162
1255
3433
2400
2790
171
1375
2696
213
2058
2013
2458
4540
2453
2558
3332
2518
1
2021
1881
792
1046
274
2671
1592
2392
145
147
4362
2533
4606
674
1718
524
148
2770
5045
4118
3348
430
1738
1478
227
4732
2766
2639
3579
1853
1918
4545
4369
1319
791
3630
3498
1805
3325
4490
3246
2378
2311
1560
2153
170
2815
3980
3708
287
1578
3591
503
587
3641
675
1502
3904
703
3981
4181
3
2302
2651
1390
666
3852
2829
264
2457
4746
858
3464
1456
2400
1512
208
1772
1982
1171
2880
143
756
177
688
757
985
697
2276
615
1061
53
890
772
3638
2086
522
4069
1194
483
2882
839
1623
3017
737
678
1723
1343
2775
4562
2821
728
4432
2124
2709
535
309
26
2626
449
3043
972
1908
386
1944
3778
831
207
3880
1183
3397
5205
2347
1609
2666
2554
1699
1588
820
1822
158
440
3626
1507
977
2500
722
1173
68
328
720
284
824
318
3995
5028
3739
4951
2680
1412
3656
3779
3217
3602
1933
4214
3537
1671
2104
2085
2252
2432
1081
425
1520
441
1547
3538
4867
2142
1892
951
4235
893
5123
2234
1771
3484
1029
4723
641
1636
368
1671
252
1137
1579
4526
555
2406
1258
870
3092
2975
1307
2797
1271
3294
2404
557
1174
3334
4996
766
2762
1826
163
2732
3783
586
813
278
1710
2369
266
2068
1639
265
4416
1981
3944
606
2675
847
260
131
1352
1715
1843
2503
1641
3548
1172
507
4676
2711
1291
508
2331
3578
3347
905
1613
1644
4506
2580
4513
1004
3328
463
2432
269
1278
2916
1045
2654
3586
2621
4535
596
537
1935
2042
1354
494
1710
1105
4514
363
2099
3508
198
3206
1417
417
3287
2334
2110
254
3027
1486
1587
484
1056
712
2908
1108
2487
4517
1802
1280
5288
69
3177
178
2206
1653
1631
2763
376
1394
883
2480
3463
4925
582
2633
2378
558
108
381
1289
270
4108
1025
533
2686
4315
750
1134
1170
1568
1597
2484
2344
1613
3114
1046
2558
398
4270
397
1161
1060
760
1810
2662
779
617
1982
12
396
1736
662
3289
922
1989
1766
391
24
2883
2569
2737
4530
3313
2134
2398
2862
2863
704
1718
1174
2504
1248
4039
3185
225
738
1057
2727
4039
453
2655
3730
2502
1040
2660
4108
2233
1819
1954
5133
267
3017
2947
1598
815
473
555
529
533
972
3534
254
3988
2300
1678
1601
2784
266
1624
2395
4980
306
1627
71
660
1475
2848
695
267
47
173
2855
1216
4654
1395
3190
3374
1428
650
215
4718
2087
3863
2258
4483
3674
490
847
2477
196
2919
3952
2357
633
3646
3114
4094
4884
2342
2002
208
3257
449
1923
2470
974
898
855
1476
2924
1393
405
4358
1731
4085
547
2660
1382
1031
1541
2349
822
12
1521
2504
3017
3382
552
2368
389
3612
933
1235
1535
806
2548
4014
2932
1509
13
85
15
3735
2125
1354
1822
1547
4336
1434
4563
2143
40
92
2941
960
2254
485
2387
1996
102
1941
4452
552
1950
4064
3523
479
3666
207
113
1370
2261
849
2343
3597
1397
357
1557
1397
2397
3736
559
413
2282
1005
3121
1131
634
1285
2171
623
2254
1051
3511
151
3736
83
2981
1871
333
2188
2693
3337
317
2597
352
2746
964
83
1537
431
516
1344
76
3472
1270
183
1088
2847
3342
2793
416
170
4404
159
1682
3598
1570
855
578
301
1836
4415
1117
4367
882
128
4616
238
2530
592
1308
2057
23
140
623
125
3372
1368
3442
3789
3559
586
571
1763
1311
386
944
1689
3352
2289
178
811
4313
3890
511
1739
1312
495
2445
1918
1212
1821
4952
602
1636
1238
2160
4761
4152
1143
790
495
3867
2720
4414
4
2875
513
2295
1902
2441
3133
820
3975
1765
1171
393
388
4003
1575
3039
2212
54
1074
765
16
2115
1166
6
16
1300
4745
146
949
3686
3027
34
2376
3095
2280
3164
2349
3107
3476
3813
690
1536
61
5110
281
3612
3795
12
2404
558
491
3647
1788
235
2771
2814
1485
2140
3661
2282
264
1523
1614
3840
4035
132
1680
3036
4697
1739
3733
2338
3504
1426
585
2621
3012
445
1035
2618
760
1699
1780
126
1696
871
2650
4050
3861
911
2845
3693
1250
2255
2708
1714
1036
3446
3103
3207
2714
3769
3821
1248
1707
1245
4443
458
2769
1146
3490
2038
3756
747
1236
957
599
2613
1487
341
1567
1192
2281
1275
2924
2333
98
1174
330
1892
10
1452
1134
2516
3923
298
825
1005
1842
834
546
1441
5298
169
346
533
1300
754
602
3947
981
2208
429
330
953
2752
1550
4259
3549
2559
586
2054
2333
4616
3458
1548
4354
1097
2613
172
1844
4373
4114
316
1866
2097
394
84
2192
647
1563
4590
1533
2917
3320
1801
1445
235
1498
3922
1253
1701
2339
423
1824
1362
3780
119
669
2414
1822
2599
4177
985
4716
2894
3237
4082
2423
4134
2622
2744
1802
1437
200
2573
564
90
4334
1154
3066
4315
1948
3027
1649
284
264
3232
2201
2884
2890
972
2170
2741
2902
3340
1181
2554
2078
2697
1019
1948
2944
2429
2528
931
370
3790
1735
3167
4056
2977
759
3412
1590
1204
2840
197
1260
1486
1297
2940
868
3378
894
1500
1171
1525
1035
4234
2258
1542
375
3322
910
1429
4703
298
730
797
670
3575
103
2210
1590
560
1177
1278
2325
2378
1854
2916
3264
2281
3262
727
2204
3281
1260
120
358
190
365
339
3767
2057
922
441
343
4054
1676
1612
1772
1914
2800
1082
4075
668
591
3121
1787
2611
62
825
2072
2796
5360
2640
4151
5090
322
4105
2244
3326
5
2039
2363
104
3896
1025
817
2206
4579
362
415
627
2451
1752
3914
3352
246
351
787
4982
1232
1377
1255
3434
2038
53
2255
4016
340
1801
664
3960
1355
4978
781
1500
1966
750
100
294
2553
1180
845
619
828
1867
2089
4172
4467
1175
4154
1474
1040
2403
2692
3154
3241
857
635
1099
3588
68
5204
1364
2998
1860
122
1725
1962
933
199
532
142
2841
4319
326
1136
3920
1851
1444
4069
1278
555
1150
3039
634
1025
372
1738
2904
2280
481
1087
2925
2400
984
35
574
769
2244
2912
2836
2393
523
2443
3356
673
1931
2389
720
1286
1279
201
587
676
255
3077
2857
2007
3866
1514
4196
4913
277
703
756
3853
1096
149
561
927
1490
3266
1242
254
1469
266
2681
2221
1178
3314
270
544
2752
1393
867
375
1377
4003
2053
2158
2502
1707
1466
2452
2181
1659
270
270
1429
2393
989
1303
4284
1472
313
2344
3645
1800
3843
2115
2539
2611
3451
2753
31
2774
1138
2293
3191
2382
868
3661
2859
1925
1019
5004
2199
394
3495
922
4063
1762
342
3106
2035
3316
29
2327
1842
3200
4816
1250
525
181
703
4557
692
634
182
4352
96
1669
2192
1673
56
453
2177
102
4405
1871
3544
1906
1993
2142
2325
1434
1223
5085
1434
1244
1315
1937
531
2056
4182
2824
2913
3145
454
1192
4614
1757
4959
3753
967
3099
26
1307
987
1970
3364
480
500
654
4380
1865
311
3094
2594
2752
4972
438
1099
2566
3249
317
2838
1531
1603
3224
3225
2277
545
1964
1394
1646
653
1709
1903
1460
713
964
531
4382
603
674
507
1357
166
4370
1196
1954
2032
2491
1521
228
29
1181
631
3192
4448
2294
1852
1744
2381
2238
1873
3387
1315
2772
2310
119
2364
1381
1272
316
353
3372
1369
1452
3586
3169
4668
2700
2850
3129
2857
2558
2798
102
3545
2828
2446
1730
752
1012
1679
4907
167
85
683
2101
967
4456
4688
410
924
1532
580
636
781
1245
3594
3320
1335
2813
3300
13
1548
4392
1904
381
3207
3892
2011
3609
1663
1908
3086
1606
2299
2148
1451
2399
1907
1055
2920
632
2953
3477
952
1182
1866
485
193
280
768
35
1593
908
4148
3318
1145
1110
2596
2727
194
1380
1536
3206
333
1309
3317
2886
590
5095
1780
985
194
931
418
1243
2274
2024
705
2346
3966
1061
2561
1453
123
3780
2391
1846
61
46
4304
3330
3936
837
772
1973
3617
48
938
3862
5051
1653
361
2896
4856
112
871
2365
715
3026
1576
444
2229
103
148
280
13
4090
1532
1117
2400
818
4381
2924
2741
306
1008
610
3270
875
1500
616
5035
4615
2267
1733
317
1332
1672
830
887
1106
3525
2372
4425
2123
3869
899
1482
119
561
5391
1170
1011
48
2006
4134
204
901
2983
1332
1089
104
1088
534
2100
237
4449
49
806
87
4186
1261
1391
1963
2048
3098
2011
426
2307
2871
528
1046
1358
893
408
3747
3695
182
535
2504
3766
2644
1771
1179
2047
5054
17
751
1206
912
4222
389
118
69
660
2408
797
3759
1430
1257
3190
1322
3620
291
1360
293
2969
3111
2012
635
2739
132
582
359
117
706
668
3572
3587
328
929
867
1203
1804
3593
4855
1485
3249
2242
1487
226
2905
3638
539
2822
235
2656
178
3775
4426
1666
1187
1466
2348
4953
349
1054
970
4287
3472
343
1727
506
1303
2060
2191
216
2171
2447
750
444
1410
102
1531
418
1804
4049
3940
2127
3799
3930
100
2198
42
4383
207
172
1555
2922
719
148
64
1748
183
61
962
698
220
1526
1977
1282
2607
4304
637
784
2074
836
1404
2229
1604
4156
1574
4119
496
3271
1161
422
1813
743
1572
2042
510
4661
458
4074
4725
1775
2636
3694
118
1306
3277
289
192
424
4449
2429
1809
1307
4788
910
2771
1331
1637
1248
1420
332
1044
2819
4319
3281
101
1765
3491
2196
515
5034
617
2555
1606
2206
2444
1679
114
4190
3969
1370
384
194
327
1028
1512
2318
3000
2431
2358
496
1311
4323
3119
926
2530
4588
4633
2921
807
1227
56
2447
1109
1824
2113
2300
991
769
2522
2667
1583
618
228
951
381
1779
2229
423
825
2131
262
2701
1165
1033
1988
974
2569
1253
3076
2355
1040
2303
2552
1149
3250
1427
2162
1284
1041
231
1506
2205
2541
2388
2874
1058
4049
3088
690
1125
1179
394
344
2856
850
1681
2440
991
4878
4263
2473
1694
2651
830
2783
1635
2111
894
4621
446
2018
978
1172
3065
2203
3029
2260
4041
318
1212
808
1821
341
1873
654
2069
215
1687
2162
845
3522
4370
366
1858
2763
4991
3098
2098
407
1912
826
5126
1059
4632
994
722
4732
4181
3845
1661
78
669
614
2381
5534
1448
592
128
1698
489
1166
382
1016
4751
403
272
1049
1446
801
764
3737
544
17
1644
2510
3253
3544
2472
411
994
2146
291
784
445
1
569
1845
650
579
3722
1558
2944
24
3606
2329
3314
1804
442
503
3363
1358
2234
44
1943
1352
930
2510
4443
1640
1662
3490
3551
2275
3219
3055
812
4126
3194
3142
361
3248
1380
3302
3488
849
1886
28
1536
4514
1574
1140
1078
1191
1271
1154
782
582
872
681
2185
198
832
672
1817
1777
3769
4071
2515
1881
623
2525
641
190
4350
4042
4182
626
1186
605
681
1403
1358
4699
2746
4011
880
890
2103
1566
413
2516
1107
1062
850
1666
2340
1539
476
2859
3442
2238
2765
626
2396
1615
2161
1702
1597
3590
1767
1659
669
3783
3750
3395
29
2445
1502
2499
2890
499
974
692
681
1827
1671
1101
17
3329
1532
353
376
543
298
1990
3403
1251
1400
1888
211
2905
81
4302
2147
428
1723
4567
3624
485
1270
2570
2895
1046
1415
1751
1525
3232
243
3576
2776
2854
60
3223
1576
4038
2602
3719
3303
1867
3541
2344
1165
1112
3257
3076
701
1654
1985
3369
2291
1637
780
3899
690
1279
4920
212
2531
1295
1790
809
658
2069
1264
325
465
895
976
611
2595
1313
1320
815
1879
1376
3667
3993
782
2200
3281
3048
1555
448
411
916
3612
1529
47
5012
452
1991
203
600
