4071
4411
5410
5303
982
4042
5594
5488
3078
3726
3428
4037
2761
5320
2867
3877
4050
5182
2749
5046
2483
936
4056
1830
4903
4545
4301
4859
1041
2440
307
4958
4273
1791
2634
5053
3026
3206
2206
4104
4460
2228
3653
3196
2488
3079
1830
2348
3395
1985
4971
3910
3066
4597
5210
4415
2134
4344
1730
4615
4495
1728
2153
1991
1775
3836
3639
296
4546
3038
5253
2620
4614
1046
5094
5534
5098
2431
5095
2920
4104
1128
2220
901
2258
5509
5296
3991
3698
4879
5553
5177
4594
2072
4353
4750
2740
3995
2664
3721
5576
3902
4182
4401
4813
3581
3297
4296
2094
5195
2751
2701
2021
3131
4582
3327
5559
5443
5460
5243
3723
4044
5334
3536
5118
4426
4341
5062
3674
4550
5345
5609
4481
5307
2870
5643
4835
2565
5196
3240
4852
754
4385
4266
3310
4309
2023
5021
5328
3369
3647
4561
5374
3166
4610
4493
5598
5260
3534
3993
3598
3203
5055
3868
4937
5167
3009
4439
3967
5085
5434
1539
1036
3835
3686
4949
1886
4724
4439
3966
2419
4680
5119
5498
5412
5473
5527
5107
3011
4365
781
4842
5282
4066
3453
4353
2066
5090
4809
3942
4321
3602
5431
5518
5118
2956
3462
5575
1891
4626
5467
5339
3459
4823
5595
3600
5582
2445
1624
4848
2394
5179
4895
3879
1660
3972
2873
2101
3671
3104
3314
2331
3327
4734
2220
1598
4227
3955
678
2195
4937
3064
5083
4410
1349
2602
4057
1426
5078
5132
339
4073
3886
3852
1497
3258
5027
5322
1881
4278
5076
4781
2058
4802
3785
4430
1567
2115
4458
4793
3078
5407
1500
2016
4103
5058
5064
3209
1661
3035
4824
2542
3443
5450
5426
3739
5437
472
3277
4967
2698
5514
5284
3480
4960
3508
5593
4864
4513
3600
4484
3365
5600
2898
4458
3237
3680
3262
3072
3672
5474
2011
3584
2755
2838
2305
3735
3825
3207
5295
5464
3475
4373
621
1137
4688
4024
5157
3956
3063
1594
2653
2972
5641
1212
5134
4099
2919
2512
3688
3866
4748
224
4858
3907
5013
2713
1785
873
4298
1332
4500
4293
4664
5369
4451
2000
4429
4698
3790
3082
5016
3493
5582
3204
3799
5096
3871
1842
563
2086
3366
2525
4593
3318
4754
4468
4667
4229
2346
2448
5430
4684
4260
4267
3226
3867
2885
882
3143
506
2883
2932
1710
4349
4643
1986
5307
4559
1570
4005
4084
3350
4728
5464
5303
3589
4745
4651
2970
4597
2503
3857
2907
3002
2474
843
5356
2133
3232
2862
3239
4222
4300
3971
3606
4490
754
2764
3459
3129
4630
1485
4497
4450
4503
5572
2452
4425
4088
3655
2446
1954
5413
5541
4707
3368
4866
4424
4375
3646
3938
5051
2632
2080
3415
2735
2186
5022
5113
4261
901
5313
2367
5636
4164
4292
3372
2073
4667
2020
5292
1486
3501
4508
3497
4907
917
2666
4655
5495
4553
3977
5419
3259
5639
2924
5366
5562
4818
1914
1544
4136
2733
3621
2850
4350
4730
4308
4131
1823
2899
4616
3243
5590
5293
4957
3650
5552
4656
4988
4327
3409
4502
1846
1891
3031
3162
1799
4029
3317
4682
5084
3062
2935
5113
5189
5394
3519
4070
4021
3908
5478
3657
1543
4321
1136
5510
3889
4114
5149
5266
4228
2731
4453
2646
4389
1818
5228
1456
4640
4402
1874
3087
4879
4086
5073
3212
4834
2458
5480
3582
1630
4970
3133
3657
2159
1605
5160
3656
5107
3653
4995
4613
3955
2680
5166
4407
4170
5417
2073
4915
5275
3522
3082
4751
3222
2577
1264
2744
4451
5519
2831
3453
5613
3859
3156
4064
4091
2388
2623
3726
4666
5324
4120
3759
2070
4229
4227
5321
2751
5509
3921
4576
5244
5512
3539
2664
5261
3019
4792
4286
4815
3585
4181
5588
2348
3540
1590
3737
5497
5242
4567
2163
5338
3656
4940
938
1886
5569
3867
2921
5372
4816
3025
3563
5275
3636
2164
2274
5436
3931
1670
2445
3587
2941
2543
5273
4912
2842
3460
5619
4579
2009
5367
5165
4779
3578
1337
2707
2384
4692
5109
5508
4235
5001
2998
4502
4912
1647
2932
3511
5549
4824
4483
4921
3863
4071
3639
3518
4068
5234
4959
5014
1995
957
4495
2198
4705
4365
5413
3327
5018
4517
5405
1449
5408
2538
3322
3226
1367
3276
2278
5466
5206
5524
4431
3148
1704
4365
2948
5642
2953
3010
3535
5594
2511
2678
5311
1327
5562
4683
4616
4394
1341
4708
4133
2230
4251
5205
3125
668
3031
1436
887
4753
4456
5462
5117
3423
4722
5138
4509
4565
5366
5375
3413
320
2436
4044
4317
3733
3381
632
5216
5491
5615
4621
5320
4194
1618
3186
3239
4071
2341
2849
3303
1023
3933
4568
4222
5049
2439
5388
3137
5476
4963
3049
5522
637
3516
2560
2681
5120
2566
414
5537
2458
3172
5217
3319
5322
4547
1344
4287
5590
5126
3643
5217
3128
3309
4631
3932
5174
5466
5629
3215
5543
5394
3657
1966
5401
4215
4244
2617
4546
2748
4344
3235
4618
4919
4244
3297
4473
2119
3615
4700
5219
378
3120
2119
3697
3503
3706
5114
3519
5209
4223
214
1351
2219
3259
5022
4573
5424
5451
2378
2457
5422
4348
5286
2597
4378
3137
2368
3661
4616
4505
2356
4930
5577
4826
2935
4407
3582
3992
3876
4679
857
2633
3948
2218
3669
1565
1035
3671
1554
3133
4606
2907
5494
3123
3513
3970
3563
4163
5608
4315
4511
5308
2520
2716
3398
4684
5152
4361
4197
3347
4323
5036
3114
1726
1279
3651
5549
5476
3295
4789
3673
5453
5500
2757
3378
2759
1903
5279
4974
1227
2647
4295
5392
3803
4106
1053
5617
5277
856
2738
5146
1551
2998
5459
2324
5295
4445
3509
2960
4476
4210
1214
5587
3139
4953
4415
3060
3600
4982
4074
4231
3157
1110
1949
4507
2895
4843
5323
5620
4140
4676
4172
3072
3803
2165
2689
2594
5316
5613
5571
5197
1683
3337
3050
2710
3927
4539
4320
5008
4993
4130
5135
5422
1917
3748
5510
4650
2476
5516
2986
5021
3931
2928
3901
3353
5091
4867
3545
2651
4861
1815
662
856
2695
2570
4809
5613
3300
4309
5440
3896
4080
1564
4144
5230
3717
2951
3858
2887
5318
2558
3602
4720
4968
2204
4414
4495
3827
4134
1844
5601
5280
5329
5323
1672
3324
2101
1957
4621
5336
5539
4211
5005
1428
3217
4849
5415
1327
3809
2104
3370
5581
3150
3476
5531
3044
3222
4252
3904
3299
2312
1950
1803
2656
4531
1442
4010
1865
5557
2493
2341
4749
4841
4825
575
2609
5251
2962
4790
5143
3726
4863
4977
5109
4866
5573
4566
4870
2789
2759
3951
1410
4821
5330
5206
3857
4170
3557
5502
4019
5447
502
3453
5538
2765
2030
4906
4074
2491
4739
2784
3244
4783
3050
4894
1219
3375
2835
4616
4011
3383
4772
2138
5479
4681
4458
4226
5194
2631
3488
2529
3092
2780
3324
4608
629
3387
5245
4275
2678
1701
4439
5492
2732
118
5577
895
4997
2302
5279
5352
4773
4183
3243
4408
3395
4175
2941
4505
5260
2445
2073
3210
4747
4427
3084
4657
4909
4552
2239
2418
3698
5390
4477
3013
4946
4081
460
5025
4900
3735
4997
4187
5456
5152
5440
2471
5321
3011
4488
4157
2845
5629
2151
1395
3014
2227
3901
5371
4931
3230
3419
4077
4943
3065
2575
4345
4351
4961
4620
3937
4927
1571
2498
3727
5468
2865
3711
3390
4643
3908
5333
5500
3369
4895
2806
5131
896
5022
2089
4368
4478
4026
3312
3543
2113
5304
2278
4631
5556
1629
4197
4559
3438
3444
5542
4642
5133
3877
4608
4977
1837
3885
3068
2046
4464
2208
3761
1763
1202
2478
3718
3503
1520
3869
4415
4087
2629
4319
3450
1670
1761
2911
2405
3548
4696
4151
4094
2487
2300
4013
5535
4744
1926
4237
5189
5361
1690
4290
1373
5580
5201
5175
2468
5556
5484
5585
2730
2874
3344
3250
1422
5584
1902
3282
4810
3968
4988
4901
5075
2095
5140
1316
5556
5168
3504
5041
3529
3393
4936
1303
4056
3048
5397
1778
3721
3041
5316
5418
5131
3569
5522
5613
231
1313
5015
2750
5454
4342
5028
4883
3536
5098
4467
3470
2634
5200
5003
4783
4605
3136
2651
4772
5250
2134
5401
4865
3089
5047
5201
5137
2609
1116
3598
3794
1388
1051
236
4590
2187
5075
4990
4043
3057
1628
591
2927
5204
2180
2662
4188
4503
912
4619
2159
5307
1156
4865
5559
3243
3940
5492
3464
5126
5441
2000
3377
4984
5146
3146
4810
5580
4089
1913
4090
3662
4748
844
1597
3409
4683
2890
2427
5441
1957
5402
4886
1461
3445
2733
5319
5496
4823
5492
4325
3977
3776
5143
1943
4462
4064
4601
2954
4973
3490
2209
1053
4290
3228
4309
2743
4218
4293
2567
4987
2411
5006
4883
3924
4923
5383
3901
5435
4075
5412
5012
5482
3739
2384
3535
2203
4862
5162
5542
1398
5103
3704
4328
267
3673
4279
2329
3042
5442
4820
5387
4791
4378
4690
4841
2252
4014
4993
3415
1678
4953
5427
968
2166
5054
5475
1874
697
3730
542
5455
1574
4697
3621
3119
1446
538
643
4670
5162
5046
4338
1463
2512
2793
5573
3736
5126
1559
4862
4639
3658
3955
5032
3234
5362
3905
1627
4999
3245
479
5636
5000
5110
4792
4479
3432
5368
5348
1588
2919
4869
2946
2223
5323
4693
812
3533
3691
1396
2543
2231
2362
2361
5113
2581
2993
1556
2440
4170
5108
3425
5391
4468
5277
2408
3139
4217
4648
2701
5615
5373
4777
5041
3459
5005
4169
1722
4292
5268
3366
2696
5247
4838
3899
4454
5289
3222
1135
4793
2173
2184
5584
5590
4618
4289
4926
5068
3842
5260
3670
2526
2286
5403
2670
930
3415
5361
3905
1269
4522
2673
4672
5413
1843
4748
4883
2421
2458
1629
5066
3788
3840
2652
3720
4452
4509
4991
2773
1628
907
1569
4655
5356
1079
5330
3274
3876
4513
5597
3601
5063
3471
5187
5200
794
3145
4065
3979
534
3539
1424
5562
4038
4201
727
4270
5103
5091
5214
1206
2379
5175
4823
2808
2434
3650
4837
4625
2366
4018
5497
5080
358
4533
5437
5550
4267
3961
4843
2797
1880
3193
4095
614
3713
5457
4102
3824
5470
5314
4276
1559
2748
2830
1978
3997
3486
4380
3102
3634
3174
3415
5601
5378
5275
4049
3073
5047
4171
3840
5338
4742
2420
5281
5056
3091
5350
1980
4793
4308
1616
5473
5481
4353
4975
4888
4700
5068
1984
133
2734
3243
5581
4684
4070
3366
3435
4430
1036
4895
5410
5395
2911
4474
5005
1937
3993
2834
5062
1500
5457
4832
5397
5337
4010
1485
3031
4123
5602
2832
1269
5320
1997
3707
3772
3086
5320
4893
5056
1791
4051
4967
4074
1447
1323
4982
5321
3384
3549
2709
5394
5060
4554
3384
4060
5060
5326
5633
4939
1239
1600
4133
2203
2870
3212
5225
3674
2440
5307
3819
5390
3610
2941
3587
3215
2656
5228
4249
2073
4928
5569
5045
4790
4898
5121
4110
5428
5520
4120
3694
4258
4416
2399
4892
3604
5382
4599
4709
4187
3499
5615
2835
5338
5567
3526
2368
2088
5306
3058
3380
4045
4530
4260
3059
5462
3870
2814
1214
3068
2734
3196
4480
3414
5064
5127
5087
5566
5100
4710
5262
3591
5128
3498
3573
2617
2758
5244
2324
4413
668
3520
2596
5587
3870
5309
3962
2559
3131
4465
2965
2404
3962
4460
1672
4152
5033
5435
5027
5419
4872
5620
3378
4211
1644
3700
2899
4004
432
4762
5418
1285
4779
4290
4257
3055
2499
2712
4555
5492
5410
5561
4682
5179
5160
4682
4825
5556
5362
4612
4282
3829
3258
899
4060
4498
1909
3798
3556
2222
1220
3267
4714
4890
3339
3987
1810
5205
5253
4352
3511
4735
5497
5279
4169
1148
4981
4285
4335
3958
4743
4604
4843
5054
1392
3854
3271
4592
5596
4527
4192
1024
3843
3319
2081
3947
775
2138
558
1744
4798
2909
3538
5237
3381
3561
4415
2597
1591
4279
163
4509
5034
2874
2409
1505
2350
5237
895
3453
1975
4311
4627
3124
4058
3112
4395
2633
5257
4332
5557
4437
1271
5488
3848
5606
1230
1164
3755
2385
3366
4450
4833
2967
3954
3669
5059
5143
5339
1338
4333
1916
972
4855
4346
1379
4816
3988
2726
3577
4001
3624
3743
2273
743
922
5301
4822
4796
4590
3500
4668
5283
4157
2829
3628
1416
5615
5085
2738
5297
229
4374
2329
5523
4552
2292
5573
3067
5237
3938
4454
3442
3081
922
787
3400
5634
3462
5417
1148
3153
697
3445
3543
4985
1471
5019
2632
5132
3516
5173
4225
4924
3116
2822
1482
2718
5449
526
3769
3105
3143
4772
2730
5193
4595
5390
3431
4068
1108
907
5062
5040
5223
4418
2608
3802
4568
2008
4741
4285
4831
3802
4417
1475
5577
4305
3250
4578
4745
3852
2029
2933
4775
5285
3044
5356
3383
5638
3914
2818
1431
3997
5291
4681
4475
4359
2524
924
3663
4819
5559
3664
2465
4510
5246
2422
4834
2252
4132
3212
4037
5253
2190
5065
4376
2677
3957
5388
3928
3088
4866
3786
5627
4761
3519
3015
2916
2443
2561
937
3368
5045
4008
3940
4486
3338
4519
4085
4864
3708
4402
5267
2269
2649
5471
4607
5177
3300
4255
2268
4209
3900
3940
721
5424
4524
5206
3412
2545
4246
609
4461
4083
4176
2149
2224
1656
5302
2027
2793
3689
3114
2419
4822
4452
1307
1923
2838
3402
3929
2742
2486
5223
4340
3185
3221
5450
1278
3398
5370
5468
3048
3010
2316
595
4165
4208
4309
3108
3254
3060
4370
4404
3080
4911
2678
4282
5318
2377
5239
3096
4453
3496
3371
5020
2098
2922
5315
4953
2711
5613
4487
4873
1630
5200
4493
2764
2690
4757
4723
5621
4730
3980
3442
4509
303
4561
5209
4524
3626
4523
5102
5403
2528
3305
4974
1780
4483
5196
4469
5446
3385
2915
5036
3498
4082
4080
4003
5064
2689
2294
4661
3980
1146
3292
2003
3699
5315
1555
5345
5418
3858
4344
4690
5584
4878
2307
1485
2871
4590
4464
3062
5524
1568
5591
2212
5197
2716
5608
5054
4344
4310
5463
5441
4655
4948
4398
2718
5526
4221
5427
3041
4836
1637
3916
4654
4641
252
3997
5634
2505
1739
5552
4342
5386
3101
5084
4107
3555
4885
3852
2951
3450
2153
5241
3759
3649
3981
5538
1802
3679
2898
3752
3404
4496
3975
1576
1762
5188
2700
4413
2352
2822
4192
5304
1745
3613
2552
4753
784
766
4215
3277
4841
4313
4197
5411
5110
5038
4290
3378
5465
4998
1615
5000
519
3112
3303
5195
5545
2745
4275
5291
2677
4063
5524
5533
555
1279
5196
5251
5114
4456
5236
5099
2725
5605
3092
3465
4576
308
4964
5410
4615
5555
1254
4734
3510
5542
542
2404
1287
4821
487
3688
3686
5041
1725
5482
929
2735
1662
1243
1101
4777
5108
1262
5459
4858
5212
3191
4213
5350
4011
2528
4431
1067
5002
4242
3000
2845
5631
4876
405
3248
2355
5557
3252
5510
3144
3185
3133
2309
3814
3444
2149
2151
3381
4084
601
4631
3999
3043
2893
4490
270
5343
3908
4446
3752
4521
1558
3898
5068
4747
4711
5383
4764
4709
2054
4983
5111
4914
1223
4623
1700
5230
4882
2753
1992
2773
5103
4635
4901
4303
936
2575
2253
4834
4209
3439
4768
2945
3176
5590
3539
714
3851
3557
5482
5601
3772
5178
4712
3047
1794
4729
3276
3098
5355
4572
4468
3995
4867
5427
1238
3963
3666
2765
528
5237
3631
3018
1451
1667
2858
2012
4412
5436
3856
2889
2106
1559
3002
3356
5167
1358
4223
4240
3547
273
5381
2968
388
1522
2438
5274
2698
3039
2101
3690
3058
3376
1655
5477
3915
1781
3456
4707
2144
3289
4583
3096
2604
5492
5453
5042
584
5197
5279
4706
5597
3757
3317
4286
4992
3037
3768
1958
4844
3586
4673
3387
4248
5368
5425
5502
4472
5474
2060
1692
4768
4319
4287
4575
4313
5078
3284
5358
2665
5132
2802
4086
5253
4728
798
3461
3627
5323
2688
4171
891
5619
2360
3519
4413
4984
2311
3099
5100
3986
3899
2067
2282
1253
4550
1978
4285
3452
5255
5130
3418
872
4693
1311
4631
3592
5005
5624
3363
2693
5202
4735
3567
4034
5574
1340
5275
2931
5597
1788
2078
2943
4416
3687
4147
5584
2139
4115
1134
5140
3220
2620
4911
4073
5395
4838
4287
2104
2043
5635
3320
4276
5252
4779
1557
4015
3608
3688
5505
2311
3837
3788
3306
2619
4166
4729
2956
3171
3417
3481
4155
4792
2758
4641
2044
4154
3095
3590
1040
3770
3071
4011
3332
3052
2924
5291
2981
2852
4696
4609
4397
2496
4092
2334
1724
2884
1783
1790
4906
5017
3824
2044
4937
4054
2346
4567
1632
5428
4146
5344
2776
2481
465
4843
5564
2427
5139
5081
2731
1501
3567
5378
4925
5460
3482
1178
3385
2554
4112
3473
1588
3403
4044
3533
1443
3983
4880
4991
904
4187
3979
3793
4188
282
5418
3290
1095
4953
1414
3896
5189
4931
1439
4613
4474
2021
5253
3211
4214
4682
5252
2100
4477
4351
5595
5217
4455
2375
5480
1644
5323
5591
1570
3419
2811
4022
2963
1718
3366
4406
4185
4561
5491
3909
4992
5241
3015
1154
2730
4508
4232
4795
5599
4525
493
4379
3771
3118
2117
5581
2731
4558
4938
3256
2044
3999
4664
4152
5617
3872
3533
1851
2929
3928
1961
3570
3039
4328
5361
4910
3650
1988
3850
1920
1642
3906
4008
4065
4804
4070
2593
4424
3579
2421
5441
5232
3813
1419
4507
4561
4130
4389
4029
4875
3555
1556
4982
5592
3300
5307
4443
4772
4520
3319
4292
5331
4423
5148
5232
2218
4582
2337
2336
5051
5283
4916
4587
4290
4238
3798
4105
1163
2571
5066
2997
4079
5275
5318
2918
5626
2193
471
3823
3988
4913
1287
3288
3745
5514
3071
4301
1846
4327
4333
4316
2807
2544
1894
5201
4271
4170
2219
3063
5622
4488
4799
5311
3768
3989
3688
1209
3978
2924
2340
3778
1998
4404
5289
4604
3900
2867
4587
2774
4155
4014
5131
4531
3090
2817
4745
1077
4988
5491
3403
4583
4801
4320
5527
2770
4864
4603
2017
1131
3773
5585
3948
3905
4823
5453
1042
5574
4811
2151
3351
4389
3255
3227
1457
1644
5379
3073
5064
5063
4878
3321
4572
2089
4870
3629
1430
3243
3336
4480
3538
839
3279
3634
4069
3427
1761
3261
5206
2158
4217
3333
5315
4681
2544
5638
3811
1751
256
5215
4470
5496
3694
3738
4520
4530
4323
4407
3148
5077
4149
3286
5588
2989
2261
2274
624
4705
3782
3992
3519
2785
3618
1904
5141
934
2075
3714
5569
4767
4830
3467
2633
3490
3740
5149
4425
4376
4615
2410
2975
2927
3991
3430
5403
3286
4378
521
481
4857
3559
5512
3928
3721
3585
5441
720
3196
2684
4158
4470
2171
5523
4431
4478
2136
4684
1152
5258
483
3506
4444
2570
5460
4041
4378
2261
3154
5464
5450
2284
848
4229
2873
2109
4838
4999
1807
3246
5367
5620
5162
4070
5275
329
5457
4276
2016
3799
2579
4209
1173
2560
4291
1200
4053
849
3906
5561
4465
2312
4776
5637
1953
3281
4868
4682
1017
4204
3844
5104
4254
1831
4667
5438
4527
4505
4144
4490
4278
5468
2522
3247
3560
3255
4555
4448
2954
1062
3665
5014
3791
4071
3194
3945
5569
4755
1148
3772
3430
4987
5234
5382
4800
1841
4753
1986
5250
4076
3013
5109
2799
4779
4677
5471
4215
2644
4613
4842
4227
3158
4236
3352
5588
4597
3374
2704
815
5485
5070
767
4225
2215
5525
2171
3312
2495
2675
2293
5024
5475
5613
2062
4378
3890
3920
2661
429
1857
2927
538
5414
5620
4515
4752
1919
4356
4860
2803
3266
5085
3088
5641
5468
3008
5258
4689
5249
4756
4627
1990
3651
5130
4423
3147
4471
2909
5218
4965
4578
4743
4458
1875
4505
3282
4220
4570
2345
4471
3413
2336
3697
2983
4561
1695
885
2535
4468
5526
3681
1007
5075
3561
5427
4279
4233
3763
3133
2533
2603
4023
5591
4789
4833
5544
2605
3868
3903
3026
3146
3805
1026
4068
4089
4260
3374
5571
5420
3933
5412
2522
4948
1802
4741
3685
3822
3146
4712
4782
4197
5260
5100
3484
5003
4603
3618
4492
2319
1489
5357
2318
2973
396
4711
3578
4211
5603
2285
3177
2802
3272
5566
932
5408
5472
2671
5424
4782
2320
1784
2900
3721
3812
4617
5249
3511
3191
5345
2980
5564
4927
3575
2242
4890
2429
4847
5290
3341
2391
1098
2898
5577
4291
4433
4010
2806
5222
2992
3481
5526
4461
4762
3595
3461
3553
1607
3581
3950
1981
2484
4743
2604
2437
5427
1387
615
2412
1560
3222
3781
4261
3738
4558
5635
4821
4373
5049
4434
3983
4921
4905
2909
5167
2426
4761
4888
3941
3966
4173
5164
3156
5269
2108
3582
5204
1983
5613
5589
5564
380
4220
5439
2671
3354
1071
883
3223
4155
4864
5086
846
4765
4866
5431
4420
4947
4518
5395
5228
1595
2889
4916
3836
5294
5421
1420
2408
4034
3538
5411
5018
5589
4333
3571
4647
4077
4894
2706
5615
1195
2624
2438
3677
4791
3280
5008
5156
5029
2178
5594
2687
1111
1273
5608
3871
3957
3129
1627
3807
2538
5218
796
5136
4779
5180
3440
5523
5442
889
5287
2283
4867
5276
3493
1661
3732
2289
5307
2747
5121
4799
4807
5168
5518
1720
4643
4874
5391
5045
4242
2994
5155
4902
3222
2548
5318
3992
5100
3207
4767
2177
5456
2960
3994
4001
1449
4006
3900
4798
1776
2585
5238
347
5076
1569
3086
4371
3768
3005
3341
2819
5468
4407
4646
1226
4181
563
2085
3835
5261
2143
4731
5075
3863
3184
4610
2818
2526
2384
2261
4491
4859
5216
5003
3182
2849
2486
1209
1176
3407
5031
4068
2825
2306
4790
802
5031
5332
4159
5062
5410
2462
5383
5622
3155
3645
1176
4682
4157
1594
3686
4105
4690
2516
4674
3884
2668
3671
3802
4013
5639
2816
2819
941
5490
4241
1634
3279
3743
4753
4765
4624
4280
3817
2845
3734
5502
4012
3848
5350
3757
5510
5189
4138
4705
5214
4937
5189
1339
2064
2400
3055
4916
3805
1056
3930
5103
2400
4780
3303
1732
3575
5066
3731
2622
5252
460
5555
4052
2024
3417
4171
5511
3368
4216
5620
5274
3703
5412
570
4944
4228
3572
1164
5411
4297
3853
5004
2182
5255
2579
5486
3419
5085
5409
2414
3137
3760
2796
4488
1870
5187
5292
3705
5205
3590
3154
5477
5351
3106
5144
4631
193
2738
3621
5127
4565
4849
5014
177
5643
3335
3303
4274
3285
2449
5488
4711
4610
5101
3912
2951
3849
2246
3168
5613
2938
3302
2944
3405
3494
4242
5177
3879
4722
4491
1570
3302
3208
3358
2649
3168
1989
2425
3260
3216
2648
3181
1480
3474
5176
5608
4263
2378
5620
2160
2313
3645
1917
5271
481
589
4454
5625
5002
1721
4166
4935
2042
3144
1781
2743
3830
5388
4634
4296
1836
5635
1308
4800
5539
5429
4645
5422
4571
5463
3410
4232
5572
4199
5018
604
4410
2232
5420
1535
1484
2643
4142
1512
5196
5519
4059
5085
1130
4774
2537
2723
4666
5483
5383
2269
5418
3563
1145
4448
552
2600
3458
3688
5502
2446
2624
5021
2963
3502
5154
4842
3211
3031
5171
4788
5191
3207
3655
5349
2665
3927
1763
3680
2287
3449
5042
5575
3166
4835
3925
4540
5519
5136
2441
4230
2409
2188
2674
4259
4288
2661
4970
5389
2025
3245
1977
4133
5131
2332
1803
1606
4373
4578
3343
2855
1099
2433
5207
5452
4829
3232
4489
1717
2895
4341
4614
4169
1106
3559
1908
4520
5305
5595
4220
5273
2952
3610
4957
5574
4303
1887
4096
2127
773
784
4054
5084
886
5272
3948
5059
5191
5080
5075
4571
2906
1565
1063
4894
2520
307
3489
840
4825
3140
4478
1366
5225
3710
2077
5607
2566
3899
4547
5082
3226
4868
1767
5066
3773
2893
3216
5544
4657
2955
3630
4660
3439
1033
2463
5083
3625
3518
3591
5349
4410
3888
5072
5455
5147
1581
3943
3762
5578
2896
2380
2362
2864
1639
5111
3111
4669
2556
4946
3127
3698
5343
4375
3322
4329
2425
5522
4981
3589
4397
1619
1739
3823
3116
4924
4749
4190
5121
1679
4478
2603
4497
4914
4228
3681
3492
4686
2642
4268
159
1069
5364
5018
4028
4870
4657
2904
4212
5634
2040
3461
883
3749
3660
3473
4109
3668
5437
4648
4167
4084
3438
3622
4331
5482
3304
4193
5496
4282
1778
4360
483
5624
3610
4917
5243
5402
5022
5121
3819
4586
5142
4674
1162
2410
5251
1889
1416
5533
1918
2310
2861
5331
1535
4221
3984
2064
4584
1989
2768
5530
796
3628
3565
1378
4997
3339
4541
1371
5615
4118
5236
405
5126
2178
4773
5195
4966
4689
3409
4958
2008
3386
2366
1965
3395
5063
2249
1490
3463
5624
5474
5150
4569
3606
3113
3495
1219
4131
2117
1586
2669
4738
5207
3421
3246
3066
3807
5564
1526
2034
2281
3479
2651
4284
3242
3393
1622
3259
2671
4983
1092
3971
4711
4690
4595
3492
5053
2512
4536
2777
3788
5027
5597
2112
4466
2520
3272
2138
3971
1063
2624
2367
3252
3340
2333
1916
3106
5037
5105
4228
2026
1898
2387
4792
2680
2921
3196
4592
1187
1749
2831
3634
3211
3221
3437
3525
4279
1248
3782
3335
2913
4581
3499
3097
4309
5120
4645
3436
3272
5570
4380
3586
4345
5494
4700
3344
3279
3956
5231
3961
4694
4429
1197
5203
5302
5397
1901
5507
4234
4701
5496
4779
2549
4827
5260
4487
3641
2914
5411
5458
3792
2359
3499
2159
4705
5474
4505
4585
4098
5353
4527
1987
3833
3233
4317
4605
4992
3944
380
1174
4604
5125
4439
4412
5454
3288
249
3670
4963
4094
3552
4208
4768
2559
4986
3258
5138
4881
3794
5578
4378
2205
2021
4040
4596
4234
5130
1194
5133
3955
1424
2141
1473
4647
5328
1754
3415
4171
4027
3120
1045
1297
5313
1297
4126
2656
5517
4925
4854
2334
3349
4249
3557
4378
5610
2376
1847
5096
5596
2758
4495
4839
1124
3315
5388
4843
4941
1064
1294
4310
3830
4289
2689
5489
4716
3489
3052
5446
784
2886
4045
3877
5047
3086
3203
3790
2968
3739
3376
4349
4086
5244
4574
4957
5159
4140
4493
5510
2032
1265
4356
2616
1255
5077
2068
2367
3860
4744
796
4008
3642
1982
2546
2913
4610
4976
4901
5628
5361
4194
2894
5183
2428
1112
4826
3384
3176
4708
993
2313
3215
3142
2896
4658
4231
4626
4474
3239
1871
3393
5552
4801
5404
2658
3004
2766
1591
1017
4305
3046
1491
3877
2285
4565
5517
4740
4844
3384
4163
1303
4227
5049
1785
3526
2035
4653
5240
4489
3296
4993
3669
4836
1307
4057
4694
3820
4496
5143
4550
2275
1387
1963
4943
3625
3875
4334
5065
5220
5585
4839
3614
3330
2287
3030
3108
2997
5157
1272
3349
1947
4153
5513
1731
4856
2761
2493
3508
3844
1687
2967
4032
4453
1694
3977
2475
4777
3859
5104
5439
3337
5525
4573
3672
1731
4899
3072
4259
4832
4648
5242
5404
1685
4530
5220
5347
5078
5134
3870
2097
1875
5588
5215
5363
2965
2933
4518
4713
2070
3103
4371
1583
4099
4327
5435
2457
3269
4609
5190
4757
4271
5080
2313
3251
3429
4902
1454
3350
2244
2828
3586
5487
3905
3486
3119
5150
4067
5245
2414
5077
547
4074
4014
1291
3566
2541
1370
5043
3895
4940
4386
1350
2925
3025
1525
5326
3274
4325
4847
5570
4263
5461
5310
5435
4473
5544
4226
4314
5286
4409
3092
5413
5133
5358
2735
4635
3037
5093
3846
4029
4456
5525
5236
4496
3618
1116
2752
2892
3754
3222
4932
3337
3662
4316
1517
5287
2488
3880
2170
2425
3645
3454
3670
3540
4066
1525
3227
3138
4944
3087
4335
801
4206
1904
4719
5317
5413
4956
5308
4899
2724
5157
4421
3930
3884
5031
4245
4787
2781
5114
4054
2745
5399
1507
1118
3765
4909
3873
4520
4897
2483
4469
1997
3110
3181
4788
2162
2606
2976
4052
5202
4415
5142
1276
4639
4149
5340
3300
2965
4222
2216
3127
4670
3493
5086
5555
4537
2582
4961
5397
4887
4647
3748
2208
4438
4577
5162
3068
5308
5022
3124
4490
3770
4590
2903
5630
4961
2053
2277
5625
3472
1310
4283
4798
2171
5367
4320
1531
531
5075
4549
4404
963
5197
5567
3584
3872
5357
5076
3919
3899
2421
4569
1704
2921
115
3796
5532
2484
2596
2546
3987
2756
5085
5112
5079
3694
5039
5123
4473
5375
4823
4237
5575
4904
3923
5206
3051
3522
4945
1984
4561
1599
5579
1865
4479
4119
2835
5525
5182
4674
5102
5486
3213
5039
5515
2466
3279
5466
4051
4604
3612
3371
4325
2385
5436
2276
1464
5198
1783
2440
2675
3624
4963
4172
3077
3056
3505
4870
2837
628
3460
4307
4089
3571
3289
1137
3576
4331
5185
3602
3797
3466
5268
4206
5328
2707
2297
5469
3070
5364
4251
5393
4919
1361
4191
3793
3086
5303
2655
2487
3304
5605
3063
4154
4098
4167
5395
3190
4378
4990
5128
1839
1993
2721
1137
4301
5601
5427
1694
4399
5133
1988
5106
3015
5285
5050
2102
2609
2914
4780
2106
3376
3574
1133
802
3127
1914
788
3909
4911
4179
3911
3895
4546
5225
4091
2583
4078
2807
2649
1855
2917
3565
1215
5299
3765
5207
4214
5095
3107
5575
4217
2973
641
3136
3348
3867
1275
4024
4634
4919
4432
2413
3889
4496
5314
4252
4000
3775
3826
1442
5249
1657
1441
1232
2779
3129
5102
4591
2574
4026
1625
4242
1124
4338
5643
5023
5327
4267
2350
715
2168
4621
3126
4767
1724
3611
5152
2172
2899
4814
2268
4156
3586
2107
4761
1340
2117
5071
5311
3326
4270
4494
5336
2607
3153
5100
3375
5263
2331
4749
5229
1370
5639
2530
2508
2992
2551
5095
1526
2237
3174
3196
5195
2023
4094
2357
3779
4616
5537
1360
3474
2852
4710
2455
4733
1201
4710
4609
3907
4155
2885
4407
5592
5192
5549
4341
4928
4050
5266
4292
4224
4180
3692
4811
1638
4986
5630
4524
4511
1964
5457
3419
3183
1292
4548
5180
4538
2663
2209
4582
3710
4362
3405
2818
5323
3904
2118
2842
5363
3121
5252
1102
3956
2618
3770
4052
3240
3384
3820
5057
1989
5230
3906
1641
3845
3261
4680
3807
5057
5009
3812
1215
5189
2859
5584
2071
4565
1201
3844
1237
4326
748
5085
3575
3478
5268
3804
4653
5157
3326
1269
865
3549
2666
3457
4586
3764
4380
4212
1906
3827
3436
2996
4898
4715
2997
4681
5635
5408
3978
2908
2377
2843
3623
1489
3327
1744
1645
5077
3484
5392
1430
4023
4844
3094
1257
2813
5523
1989
4908
3858
4340
2728
5285
4585
4692
575
5456
3950
3968
4842
2083
4291
1264
5150
3926
4421
3179
4809
809
2095
5241
1564
4315
3780
3834
4604
3576
2981
4064
950
3930
5312
3815
3750
1196
3123
4771
2324
3732
3204
4283
3742
3193
4019
3709
1187
2771
5089
4067
2188
4937
567
4935
843
2185
3957
5506
5562
5155
5199
3407
4777
4531
5149
4966
2030
4818
2199
5611
5540
3554
3852
2250
5302
1538
5361
2350
5037
1116
3056
4153
5525
1762
4936
5510
2209
5133
2166
5132
3415
4351
5146
1995
3367
2433
4373
1440
5081
5001
3857
2722
4268
3704
1814
4945
2292
5385
3753
4312
3136
1507
4559
3970
3134
4869
5044
4104
2301
725
5326
3287
3080
2982
5463
397
4520
3399
2261
691
4340
4558
2290
4762
3470
5163
2709
3113
3857
1374
3785
3992
1614
4265
4626
5066
2586
5267
4188
4499
2748
4322
5399
1580
5031
5053
3421
5172
3896
4905
4133
3779
4371
5175
4716
5267
3247
5314
2708
5619
5439
4115
4101
3879
5568
4464
5433
5052
4713
4534
5138
4729
5145
4916
4578
4881
4226
4375
909
2623
4703
2642
4086
2068
3297
925
5520
1923
5252
5058
5642
4891
4040
5551
5105
2991
1463
2229
4930
4075
4600
2206
1341
5340
2948
5148
1396
2961
2036
4622
4053
4889
5300
4425
5277
2550
3210
1463
5153
5228
4113
5459
3230
3315
907
4548
3467
322
5236
2938
3067
5245
5172
1882
2741
2451
1172
3276
5073
2966
4768
213
5537
3380
5012
2928
3945
4638
5445
2614
5547
4650
5032
4893
4356
4897
2607
2874
2313
5620
2360
4592
4184
1953
3354
1453
1470
4222
539
3615
3634
2839
5253
2640
2749
1785
4234
2183
2659
4921
4983
4000
3011
1712
4809
5330
4642
990
3538
2971
4403
2392
4341
928
1795
2299
4050
4797
2542
4016
1032
2046
3002
2825
2296
3042
3778
3097
3545
3229
2028
4465
5088
5091
5453
5214
4792
5326
4562
4586
1937
3330
5272
5123
2915
5305
1572
3632
5087
3943
3263
4469
4101
4359
5596
2692
4413
1855
1603
4475
1600
3302
2283
5600
5537
5159
4939
4776
4447
3710
3561
3249
2034
4812
3402
1776
4334
4548
4668
4261
4826
5066
2729
3592
4788
5189
5421
4050
4575
3587
5355
1864
4762
3078
5198
3486
4509
4624
5131
4333
5050
5067
1813
4691
4464
3271
4383
1159
5018
4807
1882
5013
5335
3999
5174
3836
5222
4401
1970
5088
2822
1387
3164
5407
3223
4120
5644
3051
2534
3979
5369
4147
4105
2603
4411
4677
5531
4797
2125
3851
5620
4347
1395
4895
5257
1981
4880
2489
5036
1150
5431
5171
3406
4194
1684
5595
4863
3026
2488
2815
4609
3542
3683
5636
518
86
3900
1938
4814
5004
4014
5367
3166
1055
5117
1847
2377
2029
2996
5370
1430
5535
3765
4065
3530
927
2158
4420
1195
3357
2482
3606
4041
3253
3277
4706
1803
911
1776
3916
678
4765
4793
3766
3802
2382
4823
4750
4556
3909
2934
3117
5205
3120
2413
1975
4673
5257
3986
2479
2931
3521
4297
2511
5234
4573
4208
4875
2488
5631
2653
2469
596
3771
5188
3842
2832
2671
4967
3355
1750
3049
1340
4246
5128
5052
2989
4297
3744
2377
5048
5059
4707
3881
3902
3362
4228
740
4091
5068
4732
4171
1464
3673
4855
3027
5437
3293
3752
2634
4381
5019
501
1183
2779
2692
5529
3429
2751
3031
4696
5260
1032
5016
5305
2760
4526
4797
4398
1335
3001
4422
5241
3953
4413
4662
5187
4795
2912
1948
3420
5136
4212
653
1665
4042
5242
2508
4900
3416
1753
4880
3261
1886
5518
3451
3893
1501
5339
5485
5230
3491
1685
5427
3232
3281
3233
1991
5119
1249
4230
4330
2785
5343
2023
1496
3193
2489
4127
5315
4943
5430
4262
4837
2003
1042
3921
2785
2543
4005
1381
4924
5448
5554
4766
2500
5494
4482
4763
5354
4022
2289
2598
1544
2393
5174
4807
203
4617
5515
2900
1171
3133
3302
3086
5589
2832
3693
5428
4338
4467
3902
5243
2984
2309
4628
4710
3955
5284
2933
5533
3182
4761
2304
2200
3219
5525
5131
5154
5013
4250
5620
3561
2248
5335
784
3388
3384
3755
4842
3438
3943
1552
4492
2809
5365
5566
4199
5198
3978
4749
4957
5523
3028
3360
2548
3515
761
5085
2870
5240
4846
4112
2471
2891
2504
5387
4402
5126
4862
4892
4442
4290
4470
1721
4017
3573
1173
2558
3368
4423
2567
2949
4823
2144
3206
4851
1751
5441
5106
5545
5122
4539
344
3981
4668
3699
5316
1512
1863
3011
4629
2931
4879
4420
4671
787
2846
3566
5565
4744
4965
5493
3934
4368
3595
3280
2179
4157
4790
4615
1432
4644
4859
2830
4785
3777
5288
1391
4569
5290
5623
4584
2505
3849
5531
1954
4527
3850
5422
2909
1232
5340
4784
3123
3762
1911
4783
5475
2870
4765
3626
4849
4833
5065
4320
3225
313
2943
2716
4881
5581
4244
3493
4740
5215
4416
2937
2681
5348
727
5354
3553
1271
3775
4618
2817
3764
5618
5482
1864
1751
1973
2968
2393
5166
2766
5563
3820
1845
2047
2303
2700
2282
1461
4903
3621
5501
4453
3778
4067
2761
4017
2290
2940
2375
4661
3271
2026
5412
4988
1031
980
2448
3011
5562
4518
5551
4266
3106
3181
4194
5181
3594
3501
3546
4713
2998
5539
4320
3158
2375
5245
4963
3676
3240
5218
1402
2947
5584
3794
4506
5268
3763
4042
4527
5573
4172
3762
3132
4438
5380
4915
5101
4787
4680
4075
4005
2383
409
3602
2913
4232
3482
862
4796
2220
2215
3713
3216
2893
4714
2966
2959
4700
4012
1774
3877
4777
532
3592
4112
1804
4104
1762
1367
3933
5047
4681
4787
2732
4788
5560
1635
827
4415
5006
1457
4055
4304
5482
2103
1561
2411
2275
4149
3552
5376
2256
1147
3647
5283
2579
928
1175
4691
3931
4169
5341
2588
1817
2553
1972
4867
4471
5240
2076
4720
1973
5300
5400
4782
899
5455
2771
2405
2941
4323
3692
4129
5635
5330
4620
2886
2958
3689
5151
4316
4641
5397
4086
4999
2069
5183
3382
1744
4678
3990
4789
5455
1729
4138
1427
3763
3706
4177
2943
2208
1509
4985
5559
3615
4065
1524
774
2122
4377
5553
3198
4781
3823
1740
4771
5032
3449
4997
716
2867
4746
5326
4869
1941
1103
5053
1638
2576
2673
3497
4120
5319
3650
4991
664
3330
3847
5481
4822
3656
2536
2678
5571
2976
1318
2256
5606
1342
3837
3821
3145
5278
1900
3051
1678
5275
3804
4870
2599
4489
5197
4886
3955
5533
4433
4162
5272
4759
5455
3814
5423
3519
4858
3009
5338
1962
1116
4037
3677
3195
5237
3601
2284
2362
3815
4117
3864
2489
1405
4311
4014
4871
911
5075
919
3140
2501
4979
2845
4633
4854
5114
5184
3937
5336
5444
5285
4099
3913
1813
4128
5091
4431
4381
3556
4742
5434
2104
3225
4120
5427
5035
276
3419
1854
4839
2810
4070
1283
4079
3795
2164
5141
5595
5341
5534
5276
3550
5217
963
2177
4177
1564
3856
4467
2411
2843
5385
1539
4130
1350
5444
4986
4857
4535
3734
4133
1156
5120
3927
5453
3652
2118
3648
2926
4351
3733
5297
4524
2920
3633
1837
5288
5036
2850
5440
3260
2649
4232
3833
2711
5147
3042
5093
5254
1856
3627
2981
4806
5286
4593
4266
4489
4126
3077
4812
4185
4164
2504
4044
3374
4269
4447
1990
4004
4337
4812
4125
1893
2102
4790
4292
3120
5258
3298
4684
2737
4017
4434
5080
3299
3226
4088
612
5252
3599
4590
4614
4676
5470
2146
2825
2197
4701
1633
2504
3726
5063
3833
3003
4114
3964
4394
2598
3784
5171
2745
3439
2141
2001
3895
5388
4739
4284
3288
2700
1322
2678
2405
3666
1860
1957
1693
4967
1310
2431
4481
2260
4541
4507
4471
3127
5610
5172
4564
4256
4271
4881
3966
3839
1449
1821
3198
3746
2950
1038
4399
4639
5313
4336
5103
2529
4753
990
5587
5346
1802
5444
4192
5537
1773
3220
4382
1850
3347
2371
3263
1838
4457
4268
5619
5644
1491
2019
4607
3356
4362
3355
4652
5403
5160
2109
4285
3946
5085
4255
2269
4127
3254
3031
3253
1495
3947
4818
4422
5271
2706
2086
5413
670
2670
2430
4433
1874
3297
5544
3673
4658
2187
2347
3803
3342
804
3162
4064
5107
3195
3442
5327
4693
1834
5095
2449
5545
4201
3797
2785
5297
3899
5584
4698
3427
3972
2922
3589
4159
3235
4671
5422
4889
2480
4608
4496
5396
3534
1970
4356
5103
5309
789
4439
5071
2177
4050
4188
5151
4587
5028
3604
5435
5023
5549
3992
1193
3962
4783
3768
3182
3036
4644
5409
2063
4324
5068
3956
5146
4765
4960
1282
3137
4333
2078
409
3004
2527
2117
4636
3676
5279
3900
4249
2301
4161
3683
4298
4054
3325
3705
3976
1689
4085
3654
2478
1275
4609
4602
1279
1398
5260
4575
4255
3088
5605
5221
4957
3345
4658
3133
5019
2895
2458
2022
5156
1985
2397
5286
3574
5259
3299
2727
1568
5472
4482
4110
1686
3834
2571
5280
2309
3116
4346
2619
4872
3779
2154
4437
5528
2903
5014
1510
5420
2287
5069
3035
5221
4164
2157
1861
3726
1355
3865
5020
1883
5534
4346
4372
3969
3696
418
5428
4492
4258
5619
5409
4058
4382
5421
5302
619
5221
4937
5444
3183
5465
4971
5113
484
5099
4780
4774
5412
5006
2720
5254
4205
2574
5046
4240
3790
1759
3313
5480
3971
5528
1980
4247
5299
5008
5188
3409
3654
5373
3537
5551
4952
5511
5235
5037
4077
5006
5601
2078
5332
2559
5284
3585
1458
3464
2812
4061
5486
3516
2402
4963
3890
4392
3086
4780
5548
4491
2333
5343
3686
4589
3693
4918
4501
3166
5497
4301
2468
3250
3249
2095
4252
3643
3728
3118
5581
4874
5483
4045
5120
1182
3646
4090
1959
5596
2820
1654
1403
4408
1448
4084
3236
4709
4654
3891
5081
2665
2344
1626
5338
896
3221
3829
4892
4646
4699
2113
4375
1541
5466
2029
4872
5251
2945
2575
5531
3337
4451
2615
4242
3947
5272
982
1972
5329
3703
2870
1315
1815
3017
4930
3183
5117
1251
5391
3517
2538
4291
5613
4357
5122
5493
3604
1627
4285
2400
2758
2585
2346
3447
1143
2349
3580
5099
1987
4555
2506
4047
4015
3680
4356
1628
4917
1812
4403
3356
5082
4824
4957
4908
3903
2266
1434
2514
2731
5388
5527
1515
4147
4990
4335
3861
2406
4249
1602
1649
2347
1686
2689
4606
5063
3404
3088
3644
1079
4149
1969
4008
3424
3612
5368
4857
2321
4172
4815
2107
3397
4656
2171
5303
4014
5065
4181
3836
4684
4049
2732
3979
5201
4374
5362
3320
5271
2415
4652
3939
833
3463
3691
4993
2165
2855
1843
4105
3265
5178
5060
4417
4579
3708
5532
3791
2835
5493
4240
3718
4125
3288
3631
3454
4982
5149
4645
918
4177
5002
3024
2752
3041
5597
4708
3207
3010
3215
3960
3098
2722
3247
1171
4987
5546
5092
4627
4005
2377
2733
2897
4123
5456
4715
4980
4816
875
1575
5105
5151
3102
3311
4887
1778
4380
5185
4158
3639
2200
3086
5595
1665
3419
3084
2896
4228
4184
1329
4645
3850
5267
2988
3998
3448
4330
4249
5333
5009
2372
5194
1922
5156
2900
4848
2815
4120
3252
4950
4682
5180
2082
4472
2655
2147
2164
4113
4908
2464
4147
4373
3571
5035
3911
3688
5369
5535
5515
5504
2404
4523
1966
4436
3233
2469
2849
4015
4162
4315
4726
2907
4536
4375
2377
4753
3351
1813
5342
3489
3949
5234
5165
3844
4576
2081
1168
5116
3219
5202
2292
5237
3124
3011
4543
3690
3125
1204
2604
4796
5274
4161
3234
2616
4219
4507
2091
2636
4117
4310
3177
5257
4877
3791
3432
4991
4131
1435
5263
4602
3168
4395
5120
4377
3148
2505
726
4269
5417
3625
4750
3731
1918
2599
4933
1724
4122
4329
4375
3556
4927
5324
4256
4882
3671
2947
1871
2685
2536
3380
4126
5484
2014
5334
3207
4725
5389
3539
2985
2458
3125
5396
4552
4248
5160
4775
4692
479
1484
5465
4502
2619
728
4164
2922
2852
3672
3087
3758
1309
3881
1040
2411
1908
4214
4823
4262
3251
4218
3703
4861
5219
2482
3633
4004
4582
5139
2897
1266
1470
3671
4586
4924
1983
3686
2091
4327
4151
4216
4443
4756
5478
3666
5585
4975
4995
4947
1077
5325
4320
3169
1859
5037
4646
2164
4373
5200
4974
2436
5019
5425
4055
5028
4575
4185
5082
3305
1478
4286
3386
3315
4076
4713
3315
3023
2066
1933
1257
3526
4610
5304
5183
5336
3022
4103
4190
3931
5000
2106
2368
3512
3237
2894
4743
1807
5184
3983
3141
2785
5253
5066
1156
3457
3534
4409
2083
4203
5263
5053
5220
1627
3214
5443
3392
3259
5604
4460
3373
1669
1237
5229
4403
3479
4207
3379
4628
4481
5070
2837
3348
4403
2943
3569
3206
3792
3499
3230
2276
2555
3690
4816
5103
2801
5330
3103
400
3241
2794
3048
1764
4749
1476
2627
4404
3479
4720
3882
1084
3359
3507
4316
3018
2168
3979
4990
4377
3314
4827
3663
3379
2285
4414
4781
5469
1820
4428
3299
2635
5581
3108
4844
5461
2238
1721
4749
896
4785
2363
5325
3618
3464
2582
4839
4128
2539
3557
1839
5072
2513
4088
3259
4987
3367
5299
5606
2010
2749
2477
4648
4977
1557
4229
5380
3055
566
3724
5551
1770
4289
3338
2454
3588
3645
636
5607
5375
3577
2816
3912
5556
5320
3882
4960
2279
2840
4402
2415
4246
3818
3305
2473
4103
3371
5444
3171
5562
5526
5357
2716
3766
3291
3646
5408
3836
2809
4143
3958
5299
5515
4165
5303
5081
2870
2204
5438
3954
5603
3031
3897
3518
2891
4109
1494
4188
4411
5585
4589
3398
4361
1683
4243
2183
5134
4581
4362
4883
1582
2601
5511
2744
2658
3485
4590
5032
3072
2158
4424
2648
2550
3340
3833
5308
1635
4901
4858
4848
5228
4436
4974
4845
4314
4709
5244
4925
5068
4655
2602
2840
2951
5025
5315
1548
3664
4275
1979
2932
3309
3747
3206
4025
4362
5387
4806
4496
3827
4587
825
3605
3648
3540
3037
5230
3195
3522
2996
3197
4886
3298
2470
4014
2473
4096
5161
2887
3259
5349
4267
4363
3100
5009
3843
4737
5526
5308
4399
3072
1834
1362
2765
5070
2973
5339
2559
4003
5577
4879
5213
5573
3155
3077
1104
3843
2501
5227
5521
5451
5408
3729
4547
5082
5466
2685
3335
4072
3639
4567
4311
2214
5447
3783
2189
1336
4469
4048
3908
1094
3899
1111
5534
4178
4905
1862
4501
3061
4614
5158
5366
4398
1449
2390
3912
4463
340
4005
552
4533
5076
3545
3683
4308
4822
5158
3042
5325
5274
255
596
4824
2810
5611
5485
4709
2796
1396
4591
3241
1716
4467
2552
3419
2631
3828
5317
5025
4879
4646
2723
4145
2668
3359
5327
5332
4085
2478
3319
5316
2630
992
2830
5499
1907
5588
2846
3263
5018
4482
5592
1479
4574
5394
3001
1058
5544
5056
2536
5551
4525
4947
2176
4683
4737
5194
5410
4298
3004
5348
3480
1825
4452
2809
3079
4639
5398
4350
4826
5137
1332
1089
4194
4471
5542
4306
5576
1322
2468
5523
2457
1266
4382
3182
1500
3696
3591
3105
3419
1426
1971
1287
2687
4976
3917
3864
2908
3400
4413
3239
5361
3129
3971
4605
5266
2834
5490
3010
4720
5100
2488
1393
2043
3153
2961
2383
4748
2730
4893
4549
3093
5527
3906
5350
4526
3779
3583
4836
2195
2523
5210
3275
836
5598
4977
1097
4427
3367
5298
5176
3854
1652
678
1922
3484
4925
3631
3114
469
3120
4601
2854
3054
5014
1112
3088
4554
4689
5084
3033
3719
2010
3161
4589
5549
4859
1548
2386
4848
2944
5513
4488
1786
4185
3401
4000
2972
2889
2003
764
5241
2876
4721
5312
3962
2932
3958
2387
5204
2102
4116
1678
3502
2753
3872
4456
3993
3778
4899
4416
4075
2601
1540
5374
2834
4813
5479
4918
1612
4545
5491
5458
2001
5615
3377
4153
4014
616
4027
1866
4736
5638
1239
2267
5002
4152
2624
4081
520
5042
2362
4873
4602
4234
4554
1517
5046
3885
5354
4243
1450
3160
4001
4578
4018
4378
3679
5213
5215
2279
1028
1510
5324
3748
2751
4813
5085
3586
5046
4681
3007
2804
3916
5259
1844
3891
2921
3854
4482
2585
1794
4688
2841
1953
4672
5607
4089
3241
2219
5056
2393
1434
4273
2688
4135
4206
4177
4910
3155
4205
4932
2837
4983
3531
2056
4181
3212
3415
4468
2339
3384
1702
4023
4119
5403
3519
3284
1568
4370
4133
4582
2702
2399
3711
4814
5633
2886
1484
1145
3231
4622
3321
1555
2065
4749
2875
1456
5401
1345
4541
3670
4333
4776
5341
5021
3213
2501
4556
2829
1646
4429
2536
2352
3656
4406
489
5618
3855
1040
1903
5581
3527
1507
769
5213
3875
1359
3800
5530
3503
4941
4825
3702
3017
4076
3322
4914
1083
4339
4536
3996
5315
2902
2460
2740
3529
4198
3442
2033
5527
4294
5473
5524
4010
4724
2503
1255
3903
5261
4773
4219
3821
3693
5259
2131
1523
3788
3116
3324
5395
4094
4474
2849
3427
1262
4328
3793
4027
4760
2396
1424
4816
3768
1776
3983
550
4184
2516
4285
1354
4528
2662
4136
2171
310
3878
3861
4292
4918
5576
603
3743
2723
4492
1196
1950
3285
5444
3525
3806
4235
1911
4688
5587
3885
2117
4692
4092
5275
3869
2696
3441
2515
1696
5308
4507
2505
3940
5346
3637
4867
4477
3706
2024
4914
3565
2516
4722
1262
5330
5402
1748
4857
2685
3466
2613
2315
2231
4488
3623
5581
2606
4934
475
3731
4489
4895
4242
3539
1862
4740
4713
4685
2508
4877
818
4615
4396
4128
2137
1882
4339
1797
2291
3493
2448
4047
5152
4117
2850
5465
4605
3026
4162
4140
3261
3984
2149
5618
1270
2688
5263
642
3134
5478
2395
4679
5048
4379
4426
3580
4243
5599
3513
1523
3666
2045
5598
2588
4777
1654
656
4152
3926
5553
2990
3258
2927
4720
996
4824
1191
5216
3041
1400
5440
3038
5425
2064
2185
4854
4526
2972
4710
5576
1629
3032
5308
1246
3219
4893
3890
3811
2884
3623
2254
3894
4119
4215
1878
3661
1673
3120
3719
2764
3975
2782
5111
3784
3662
2636
2889
1899
1917
3362
4814
5141
2330
5250
4900
1166
5461
2927
1228
5218
3883
4397
5522
4547
1993
2524
3110
1876
5220
5529
5381
4150
1113
4173
4816
2888
3845
5243
5240
5017
3664
531
5079
5087
5456
5227
5095
4158
3239
2532
2885
3425
3820
5384
2124
2846
940
5036
4575
2344
5156
2141
5130
3648
700
1905
4603
4100
4876
5070
3891
4450
4577
4831
574
3473
2731
997
4856
2230
4810
5177
4752
3450
3921
4840
4582
4416
3415
4270
4154
4834
4580
3041
4890
5440
2940
5132
3486
4838
4978
4931
2640
4004
3425
4849
960
4941
3716
5319
2075
3815
5452
2975
5455
1495
5223
4699
1386
4110
2004
3959
3873
5511
3655
5234
4358
2430
3690
4498
1929
4650
3146
2577
5092
5483
5215
2229
3444
2956
3946
5346
1084
4918
4750
2301
2331
4810
3817
4705
4825
4633
4576
4650
4598
798
3504
5380
3431
2165
4743
3231
5619
5590
2819
4761
4064
5401
4198
5133
4650
5280
3596
4402
4539
3358
3378
2716
4961
3250
2147
3395
5412
2377
173
5416
3630
3714
4244
1963
4062
4302
2517
5446
3474
1996
2173
4409
5063
3281
3623
3236
2398
1775
5010
4334
5144
117
4184
3672
2803
2686
4888
1593
3780
5586
3565
3259
3839
3125
3354
4738
5422
2986
4182
3477
3279
5558
1940
4246
4681
4434
5194
5608
4744
5411
1191
5189
4993
5615
4922
5434
445
4464
2284
5485
2272
4727
4390
4963
4683
4865
5547
2631
4077
4277
2197
4583
1679
4840
4767
1288
1799
3980
3835
5582
5083
4045
3553
3490
3972
1500
3358
2981
3731
1118
4215
5094
5134
5245
5156
5125
4865
2662
4974
3341
5180
3890
3809
3306
5297
5196
1862
1913
4781
5029
3629
2044
3940
5135
5642
5015
2870
5275
5311
2476
636
3052
2396
3942
3480
4542
4156
4534
5503
4674
5392
4697
3879
4591
3234
2539
5288
5247
937
5335
4584
4561
4919
1971
4484
4843
3599
3199
4997
3189
4982
2896
5135
4357
3294
4754
3844
3977
4969
4107
4514
3950
3791
5358
5333
1925
5216
3984
3085
3460
4039
5446
4170
2199
3457
5617
2416
3227
4529
5440
5413
3935
5445
1208
487
1681
2826
5345
4341
5288
922
5289
3952
3388
4145
4318
4572
3740
3585
324
3716
2301
5345
5527
4697
1976
4640
3520
3748
2883
3913
5450
4102
5200
1496
4574
2804
5600
4816
1874
5297
4256
4489
2251
4466
4551
3382
4768
1351
4664
3338
1532
3127
4038
920
3025
4001
5297
512
5369
4701
3945
5402
3803
4268
5311
3734
1938
3157
2132
3289
5089
4025
4727
1956
5216
3360
1829
2665
5219
4737
5309
4233
2796
4224
2384
3183
1686
4418
4582
796
5381
4033
3910
5404
3292
5318
5181
4575
3703
2318
5465
2575
2696
1573
4059
3948
4223
482
4405
4917
4743
4698
2171
4685
2701
4449
3456
5433
5545
5268
3462
4420
4245
5518
4244
5488
3724
3955
4325
5609
4288
5596
4098
1935
4781
5357
2971
3854
1989
4797
4453
5057
3042
4923
1645
2108
1185
5249
2747
4775
4747
3187
4735
3483
3493
2546
4835
1359
3677
5192
4813
1631
5583
3836
4572
3916
3242
4599
1972
3245
4689
1857
5321
3740
4664
5070
2315
3956
4689
2334
2836
2098
2240
5186
4244
4121
1916
2636
969
2746
4862
1570
4990
3555
3829
2129
4158
5628
675
3323
4657
4871
5355
3660
4973
5386
4161
5574
2080
5263
1900
4132
4378
4366
5126
5334
4885
3466
2959
5568
5565
3611
4366
3706
3390
2871
1621
5554
4113
2087
4813
5041
5094
3194
1795
2483
2257
5322
4441
4419
5155
3395
2191
2517
4385
5530
3676
2640
4473
1453
2528
5350
5104
2185
3216
4345
2487
5209
2029
2362
3562
3867
3494
2890
635
3018
3174
4586
2400
2196
4827
4680
2418
3396
2705
1579
3411
3443
1529
2435
3144
1960
2871
2414
3268
4813
3671
1786
2431
5043
1016
4795
4710
5044
5143
4744
5560
3015
4426
3460
4070
5074
1349
4594
1953
1809
5352
1521
4762
4055
2375
1763
4347
5252
2584
3842
5595
5596
4831
1401
4691
5394
3726
4557
2155
3160
4346
2664
4786
876
1689
2682
4592
1081
5445
2985
4568
1478
5187
4739
515
3627
4525
5524
2854
2490
2344
2968
3024
1219
2316
2475
5114
1114
5212
5231
5282
3397
5014
5633
2834
1645
5036
3985
5168
3183
750
5582
2209
4282
3497
4823
5248
3735
5293
5341
2759
1083
4674
1926
4698
3076
4207
5333
4748
5148
3525
3650
5569
3049
776
3664
5253
4161
5077
4028
3925
3887
2711
1258
1210
2744
5606
1806
5361
1128
4982
5476
2522
4569
4821
2606
2284
5197
1642
5102
4474
5264
1360
5555
2630
3633
5240
4262
4885
3750
5615
4931
4642
1868
1115
2425
3949
5087
2384
2256
3846
2120
2806
3610
3979
2757
911
3405
3917
2955
2907
4381
5079
3751
1562
863
5613
3905
2691
4937
4100
1816
4239
5078
964
1703
2798
2292
5203
5320
5225
5334
4148
1832
3223
2859
5562
4011
1548
5121
5202
3242
5058
321
5416
3560
5563
4179
4395
4192
3817
2930
3969
5343
1860
5482
4889
5460
1399
1794
2402
2956
4223
2581
4058
5029
4099
2813
2156
3573
3930
4890
3560
5063
5583
5551
2099
3633
4923
3716
5073
2199
5103
1283
5376
4940
1889
4108
4856
1414
4581
2396
3120
1145
2645
3773
3704
1932
3568
4489
3906
3553
4782
1880
5112
4138
4122
2809
4400
4874
3417
3027
5486
5078
2328
4012
2897
4967
4777
3160
3893
3105
4728
2686
159
2474
5033
3009
1302
985
1522
3950
2843
1074
2613
4091
5366
4969
3011
5473
1082
4387
4534
4344
4575
3735
455
4633
5129
1603
3323
1237
5483
3912
4639
3160
5190
4443
2416
3046
5484
3327
4887
5415
3962
4254
5455
5610
3475
5097
4518
3588
5389
3097
4315
4359
4401
4441
931
5261
3548
1271
4946
3769
5615
5042
3256
5520
5591
4871
2075
4781
2490
4378
4737
577
4882
4422
4782
1757
4744
4634
2585
4141
1100
5078
4256
4501
2751
4075
3840
4948
5241
1502
4639
4979
1967
3198
5563
4727
3713
5352
2650
1861
5585
5188
3285
4822
4648
2251
3874
3670
1793
3636
3729
2644
4561
4436
3435
5005
4973
5278
3672
1797
2068
2077
4562
5153
5206
5118
5488
5168
3523
4669
5289
5583
3239
3541
4839
3666
2874
4344
4219
2313
2352
5145
5063
3298
2899
4600
4726
2472
1978
4576
5120
4947
4335
5641
2896
5362
4919
3457
3170
5164
1253
4448
2233
3446
4993
4555
4000
4948
4804
3996
3330
5354
3480
2197
5485
5069
5503
4955
896
4317
2165
5343
4527
2577
3268
4784
3075
3946
1955
2579
3925
3566
4071
4706
5109
4508
4736
4209
3946
3002
3543
3452
4929
3066
4592
4323
3405
3695
2936
5485
866
2345
5277
4329
3402
5072
3590
4671
3405
4210
3849
4783
4089
4851
2777
1153
2931
3217
4441
4256
4360
3945
2616
3756
1191
2686
5131
4648
4903
4382
4602
2147
3779
5300
1952
4920
4829
1945
5195
3158
4936
2725
5192
3410
2082
2545
2610
4968
747
5543
3832
1744
2733
2120
5226
1373
2868
3780
3720
2986
1117
3246
4383
2415
3927
5197
4178
5364
4551
5262
2098
5368
4414
4795
4828
4215
4688
5538
3077
4802
706
5589
3994
5644
5171
4989
5623
4565
2347
2230
4371
5503
5607
2708
5279
1147
934
4352
4145
4075
2107
5428
2908
2554
1821
4696
4413
3405
1064
4232
4994
2263
3122
3625
4735
4933
5502
4382
4351
2086
4489
5422
5342
5586
1587
1247
3782
3871
5046
4451
4877
274
2561
1367
5519
3729
3799
3147
2782
5422
2484
5078
3945
4309
4531
3959
2180
2488
4081
5563
4807
5561
2170
2457
1482
4256
3210
4374
5278
1833
1862
3804
4671
4697
1776
1675
5406
4401
3957
674
5238
5628
5027
3703
5509
4735
4580
4261
935
5247
5494
4952
3676
2574
1078
2135
5214
3685
4261
2766
5221
3688
4012
4421
4015
3643
3220
3469
1410
4283
5516
5250
4090
5505
4021
4955
4564
5448
5063
3458
789
848
4188
4915
5193
765
2766
5055
5357
4198
3814
4992
3965
2365
5444
4795
5361
5571
4590
3057
3586
1824
4500
5328
4712
3162
2634
3724
2886
1917
3723
4649
4633
3314
3782
4269
5303
2156
3458
3331
3139
4446
2136
4469
3762
4216
5268
2755
5233
2650
3270
5260
3691
3155
5491
5231
1980
4688
2836
3408
5093
1969
2690
2741
2486
4701
4060
2643
191
5338
4362
1659
4626
1168
3295
5051
1692
4996
4406
3593
2850
4159
738
2119
3982
5287
3134
4533
4234
4369
2516
3462
2076
5639
5203
3518
4822
4864
2675
5294
4369
4381
4293
4800
5002
1526
3322
3218
4437
3817
3234
2845
1962
1701
4428
3219
1429
3650
4509
3514
4110
5497
3341
4122
4851
4552
1257
1242
957
4788
5565
1716
5023
5010
3771
1424
2613
5056
3452
3186
5231
3897
4973
1003
4859
2045
2355
3511
3824
1933
3832
3894
2165
3337
5475
2474
2320
5435
5447
778
2058
3894
5202
4763
2173
1092
2124
5432
4161
2499
1210
5029
5215
2594
2970
5573
3333
3550
4863
874
4942
2797
3349
4845
3930
5139
4710
5218
3979
3860
2978
615
2484
5072
5237
3983
3559
3771
5463
3801
690
4920
3879
5300
3073
4055
3321
3934
4327
4507
5337
3830
2396
2158
5269
4349
4627
3436
2636
3499
3726
5036
3140
2744
3219
400
3404
3097
3318
3914
3679
3098
5604
3372
3518
2591
2835
5340
2996
2916
4037
5617
2715
5401
4837
2920
5139
3402
4724
5074
4618
5598
5490
4912
5522
4618
5179
4360
4664
5566
661
5302
1611
3907
2319
3265
4684
2430
3449
4381
4347
2832
4106
4340
3055
1993
5190
3766
3933
2293
5123
977
548
4630
4858
1070
3511
2939
2808
5314
2509
4859
3160
5589
4749
3699
4127
4042
448
4983
5283
4120
2421
2280
4765
5540
3848
2384
3492
5254
3666
3769
3592
5223
4976
960
4896
2238
2553
5627
5137
4422
5559
3667
1971
5328
2757
5335
3240
946
2419
4963
3386
4320
2682
2279
4401
3627
3009
5433
2314
5119
3543
4576
4805
3423
4582
3061
5576
931
5014
2410
3342
2939
4221
3636
2476
4542
3833
4011
3436
4682
3656
1938
4913
2819
4863
5125
2552
5000
3574
5437
5013
5584
4839
1798
1814
3110
4160
2946
5605
2318
4354
3374
4324
5443
2250
3798
4418
2601
2401
5191
4147
1426
1999
3349
3557
4210
5200
3312
3425
5423
4929
3231
5050
4389
3822
2725
5499
4131
3755
5032
2370
4301
1469
5563
771
4240
3512
2668
3665
4006
4634
3153
4839
2589
5285
1287
4330
2317
5467
2405
3716
5140
3494
4292
5174
2240
5229
3607
5282
3884
5247
5506
3076
5415
3532
1895
5040
1622
2593
5392
3231
4358
4188
5361
4624
4625
5564
3550
4074
4807
4574
2913
5431
3186
5377
3330
3232
3808
4508
4929
5036
3001
4908
4806
1255
3461
3881
5081
5482
4548
2425
5355
5292
2517
3202
3630
3225
5110
1881
2064
5613
3095
4781
637
2590
5558
5447
5457
2372
5447
4871
4795
2144
4573
5437
2803
5035
1621
3342
4236
4345
3593
4189
4752
5602
5496
5516
3717
5183
620
5633
2143
1280
5212
4901
4107
4657
2865
4722
5348
600
3296
5600
3987
1930
1049
3673
5548
4627
5629
3172
3864
4127
5506
5316
4538
5318
5432
2564
4113
4238
1075
4046
2502
3543
2096
4249
4328
3746
1968
4633
3245
4951
5605
3222
4044
3016
1577
5442
5223
2807
5460
4909
1702
3467
3990
956
3944
5484
2174
1469
3353
5315
5585
3768
5386
2277
2087
3462
5270
3745
3398
1622
5310
5460
2519
3122
1606
3621
3268
4426
5606
4134
4539
4007
2815
2913
3723
5474
1395
2996
1017
4777
4830
4329
3967
5023
5605
1187
4651
3689
3647
3907
2545
3315
2758
5420
3296
4062
2703
3262
5376
5361
1136
2163
5512
3892
4705
2635
964
5013
3837
2810
3935
3220
4859
4359
4161
5589
4058
4058
1106
3928
5288
2269
5047
5555
5161
4752
1368
1952
4738
4331
1808
4390
2249
4064
4404
4827
4796
2164
2497
5180
3466
5589
3379
4625
5213
288
1869
3706
2410
3084
3587
5392
3745
5582
748
5038
5577
4119
3321
4534
4168
3757
4447
3152
4511
4071
2845
3495
802
3084
4242
5591
3973
5156
2996
4567
4990
3034
4015
4601
4115
2208
3646
3564
4462
5509
5316
3532
4196
3943
1385
4733
5556
5356
5447
4534
2874
5289
5428
453
4902
3839
3556
5475
3683
5377
3443
2949
4822
5058
780
3327
4322
2331
4387
4813
2793
918
1717
3844
4985
4299
5488
3172
4782
2647
1230
4620
5475
5487
4487
3064
4942
2805
4112
4825
5338
5047
5047
3258
1527
5024
1507
3059
2476
4729
5065
5047
4129
4322
4641
3089
4979
954
1649
4414
3230
1621
4527
4679
3262
5008
3387
4855
4885
3434
645
1579
1645
5378
2876
5392
3288
2639
5567
1629
1547
5234
4097
5106
4498
5026
5134
2083
3883
3060
3788
1154
3764
5021
4268
4864
4020
4598
5322
3114
4652
1025
5181
1405
5597
4773
5426
4084
2552
4673
5529
2881
5399
2639
2840
2854
4924
4448
1091
4503
2693
5164
2769
1559
4875
4650
5185
5593
2934
2170
3051
5408
1674
4135
5336
3140
3867
1110
2892
2316
5425
777
5532
846
5512
4175
4460
3978
4711
5172
4976
847
1758
2972
4283
5341
3869
4722
1845
3409
4027
3701
3480
5132
3369
3960
4722
1049
4412
4620
4934
3394
5207
3922
2400
5434
2764
2733
2903
3532
5287
5291
3412
3558
5269
5361
5473
4611
4654
4909
2812
4836
4308
5284
4818
4164
4452
5294
3058
2986
4855
5283
5065
4194
3224
5125
4436
2579
1422
5420
3250
4514
4601
4544
3181
3065
5549
3534
5048
4824
3642
3299
3665
3894
5535
2982
5639
3478
4748
2730
2682
5050
3167
4875
4620
4330
2752
1579
5560
4240
2085
5036
4229
5524
3121
4421
4292
1052
2207
5304
3198
5288
3214
4774
5053
5605
3579
1944
5641
4494
3924
5473
3566
1191
4246
3327
3391
3939
4452
5364
4137
3557
5260
5492
5643
4321
5084
5308
4313
1745
4647
4982
2854
4917
3906
3184
4664
895
2494
4594
1622
1662
3715
4515
3262
5420
674
1201
4597
3242
4380
2439
5235
1932
5365
1250
2239
4804
1277
5548
4103
3627
3090
2385
2591
4616
4853
1401
2451
2634
3135
2760
5389
642
4857
293
3503
4040
4643
1451
1265
4455
3868
5386
3766
1760
5348
4373
3117
5036
5097
3745
2885
4635
3198
2721
3702
4799
4821
4984
2264
745
4274
4502
3535
5348
1678
4215
5184
4581
4659
3227
3609
2922
2878
2970
2517
4042
960
4638
2200
5324
1963
5214
5379
4627
3358
5440
3793
3008
4615
5606
4313
2414
3152
4803
3142
4181
3299
5260
2731
301
3299
1205
4830
5342
4878
4979
5245
5640
4091
4585
3084
945
1821
4742
2663
4406
3837
5512
4373
5129
1650
4140
5439
1064
4166
4225
4983
5579
4402
4224
4745
4904
3474
4428
2842
1395
4663
5355
4185
3694
2727
3813
4875
2910
1402
4424
4242
1661
3853
4206
4961
5352
5006
4682
5284
3754
2466
5485
4616
4395
3547
4704
4934
4741
4616
5086
4577
5448
5492
2959
2940
2025
2167
5019
4645
1138
3590
4378
4760
3242
3289
4570
5565
1727
1773
2719
2893
3698
4304
2179
3812
5355
4491
5417
5061
3813
4528
2623
3768
1931
1165
4704
3480
3471
3666
3899
4864
5428
3600
5369
4775
3198
3635
624
5295
2046
2446
5364
4097
2445
3685
3677
4916
1847
5099
5025
2211
2052
4501
1610
4432
3105
3001
5133
1213
2652
2790
5559
4994
5475
2818
5641
4924
3002
5363
3241
3573
3719
5254
4579
5604
4312
5531
4453
5073
1833
5383
1823
4322
4179
4084
4566
1486
3808
3582
5549
4705
4903
5596
1908
5365
1482
477
5553
4444
2112
3577
3511
3472
5285
5398
5119
5594
4542
5488
5340
4397
3204
4932
4608
3332
4395
2142
4443
4087
3402
4679
2513
4154
4564
3442
5046
2621
5150
3484
2470
679
1482
4579
5157
4511
3035
4595
2887
1119
5642
2821
1388
2160
3953
1786
5252
1503
5571
2205
4870
2699
4371
2852
4253
5104
3457
2142
3476
4606
3941
3596
1647
4915
5093
3286
2478
4362
5132
3860
4158
3396
5300
4795
1487
2462
3117
1917
3383
2221
5029
3841
2151
3686
5632
4433
3524
3904
3069
4830
2900
3961
3810
4752
2082
5246
2683
2958
5534
3348
5310
3471
2459
1469
4474
3627
5232
2938
4585
2127
4445
5601
2968
3305
2702
4563
3788
4387
3748
5059
4322
3102
2021
4856
527
4691
5057
5468
3680
4681
3667
1635
1722
3537
4200
379
4061
5148
5627
4889
4069
4648
3143
3700
4513
4172
3660
1289
4697
5013
4107
1726
4958
4953
1746
3648
2603
481
5102
4471
5351
4853
4504
3777
5577
3066
4020
952
5523
1884
3855
2859
4466
4796
2751
5564
3968
2912
3467
4487
3375
3711
4721
2913
3538
3547
4209
4134
4450
2171
4411
4082
4114
5582
5080
4508
2267
4415
3389
5475
5055
5048
2854
5055
1276
5231
2937
5168
3082
209
944
4857
2083
2170
3165
4719
1819
5315
3479
4637
4963
3928
4571
1541
4624
1891
706
4920
3094
4113
1827
3695
4952
3974
1860
4049
3610
2967
5228
2513
5240
3005
4674
4328
5026
4865
5201
4951
2599
4949
5011
1866
3690
5350
2935
3815
4014
2459
5404
3022
4174
5515
4232
4509
3060
5438
4245
1022
5611
4165
2879
4602
3716
5466
3929
5324
4303
4731
3245
4411
4075
2922
5355
4605
2676
5504
4007
5424
5135
4848
2343
2216
5055
1550
3981
4568
5130
5158
3247
1249
1439
3806
5359
4486
4843
4045
2080
4702
4724
2765
3439
5384
5139
2362
4558
2976
4642
4787
1625
3684
4189
2788
5267
2403
2436
2865
4733
2486
4300
5353
5097
4825
5337
3294
4679
3562
1435
4382
2583
2803
2428
4600
3398
3331
4291
3600
5112
1773
4240
5306
5177
4901
4516
3680
3203
4636
4203
2996
3900
4522
3076
4651
4770
2726
1787
601
4830
2118
4220
2866
2173
1525
4138
5521
1963
3449
3832
4449
5065
5558
4828
3837
505
3327
4547
1170
5242
5340
5258
1764
4024
3512
2726
3116
1872
3943
3334
3617
1455
1616
3998
3592
4474
4006
4339
2928
4469
3974
3765
4966
4182
5420
2245
3059
5258
1194
5259
4678
5208
5605
1802
3693
2923
1418
3298
4039
2801
3605
4149
825
3529
3084
4267
2303
3335
5189
4804
5183
4072
1094
3211
1052
5523
4547
5422
3180
4651
2153
2494
4100
1514
4904
5538
4751
3184
3801
4170
4482
3872
3777
4243
4348
4682
2713
3079
2845
5133
2394
1586
3243
2488
4864
5028
3063
4008
5493
4602
3468
5335
2316
4342
3680
5303
3743
3941
5508
1992
2572
3435
2558
2450
4261
4883
5280
4593
2627
1944
2862
5355
5641
5277
3374
2818
5584
2956
4110
2415
3711
3305
2781
5126
1391
4816
2469
3506
1698
2819
4072
4443
4555
4402
4905
2568
3355
1857
3800
3022
3823
5016
3492
3991
3243
2594
5379
4927
5548
5057
5601
3621
3365
4050
3788
3668
3894
3448
893
2719
1257
927
2044
5020
4761
4447
1955
3088
4766
5313
4834
2464
4923
5443
3037
1683
3937
2973
5473
5614
2516
4953
2635
4984
5640
2756
2798
4852
2686
5528
3538
5092
3720
5326
1806
4906
2636
3023
2611
3992
2531
4828
3490
4331
3305
1872
5362
3496
5406
4293
1771
2310
5299
4893
4655
1192
4987
3050
2323
2984
4280
2388
4053
4223
4544
1344
2535
2761
5592
5519
3070
5187
2416
4519
2719
3289
1598
1518
3007
2706
5642
5127
2382
4581
4169
3625
4137
5463
4416
4730
5173
2659
1072
5311
3123
5413
3663
3137
2882
5231
5545
5214
2451
3150
1383
5282
3220
3733
5522
2619
5041
5460
664
5004
4895
3000
4051
5341
4473
5640
4406
3780
1335
5175
4001
2166
3853
4164
2178
3846
1660
4914
1720
2495
3557
3115
3363
3720
3650
4206
4270
3288
2991
2275
5358
3548
4488
3730
5569
2680
4013
4519
4104
2917
3299
3434
5257
5040
947
5442
2958
4831
4950
4742
5406
3175
4852
3522
3387
3431
4081
3882
4187
5206
5362
3838
3958
4307
2058
5220
5078
5548
2646
5021
3439
5469
5274
4804
4892
2138
5612
1329
3922
4887
4806
4308
700
5160
3260
2032
594
1659
3464
982
4209
2770
2854
3836
4720
3067
4978
1768
2259
2937
4472
1741
5533
2250
4001
5621
3807
3000
1824
4689
4965
3637
1744
4441
3091
5413
4670
4998
3684
3725
5304
2009
3067
3961
5494
5144
4412
4246
3045
2849
2062
3323
3622
4587
5088
4636
4168
4098
1993
3942
5260
2485
3004
1623
3161
5442
4082
3569
2431
4638
3605
5228
1508
5383
1585
4717
3308
5400
5426
4927
1409
3546
4026
2287
4958
3582
5524
4288
2419
4747
4886
4591
1422
4904
4410
3689
5365
5564
5461
5412
4784
5401
1597
4449
2817
5252
4140
4188
4994
4829
5434
4995
1574
4863
3629
2157
4492
4478
4505
5123
3685
2392
3638
3440
1661
5364
3945
3398
2728
5271
3010
3780
4518
3775
3290
3474
3522
2435
2977
4104
2837
5563
3689
5078
3542
2092
5062
3263
3889
5020
2058
1244
3754
4589
4359
1472
5196
3594
3166
3982
2048
4913
4803
4065
1184
2189
4247
4190
5431
3319
5009
5501
2438
2902
1629
5161
4378
3995
2726
3944
5152
4778
4212
3907
4099
881
5633
4953
5326
4241
5332
4972
2517
3334
2860
4281
4015
3871
4516
5073
1122
4687
2630
1499
4425
3393
3970
3146
3220
4298
368
3467
608
5357
5491
5242
5616
4163
2928
4919
4722
4657
3978
2473
5181
3760
3313
3770
4245
4149
5045
4362
1141
2850
1879
3553
3611
5611
2234
4472
5124
5543
2425
5623
3568
3472
3545
1870
5438
2215
4441
5258
3272
1708
3618
2494
5483
774
2489
4363
4897
4556
4336
4044
4792
5218
4081
5080
2863
1305
4699
5186
2630
4461
2559
4909
5115
4723
1053
1778
4688
2417
2589
4651
2925
3371
4506
5040
3442
4446
5580
4950
1755
643
2214
2152
2389
2439
4588
4988
5350
5079
1938
4706
4962
1515
1685
4521
5246
4391
3044
4481
3259
5148
4722
5062
2771
4124
2670
5293
5550
5481
5529
5501
4482
4797
4595
5501
4493
3526
3720
2290
3146
4601
1912
1731
4863
2501
2596
5204
4539
3945
1910
2594
3510
5043
3113
5195
4630
3789
4775
779
1674
1738
4316
3841
5128
5050
3205
2752
5548
5461
4460
3876
3715
4264
3984
3706
2480
4201
3794
4904
5043
5172
4528
4703
5590
2189
4948
3860
1983
2626
4299
1190
4546
2813
4683
1497
1432
4785
2995
4476
2571
2633
5398
4852
5541
2868
3169
4425
3804
1956
3992
2524
2768
4027
2959
5482
5124
928
5119
1834
3556
5232
5445
2189
4208
3232
1923
5503
3545
3698
5548
5493
4962
3867
5477
3417
2505
2337
3859
4660
2345
5090
5446
4092
2906
2131
3917
5516
2171
5423
5340
5215
2430
4551
5462
5639
4190
4454
5423
1445
4676
3204
1650
1374
5187
2048
1404
3219
2225
4125
1488
4570
5182
4979
3496
3789
2196
2461
4631
5464
5044
3301
1800
5148
2896
4991
1704
3582
2310
1201
3718
2471
5610
2772
5548
4365
4847
2313
403
4840
2566
5287
4282
4834
4794
1605
3063
3449
2895
4550
5251
2809
691
4253
3516
4411
5114
2570
4482
4322
5570
1938
4958
5093
4647
1296
4058
1631
4470
3224
3220
5011
3195
5117
2044
4447
3959
1642
1982
3368
4327
3447
2023
2704
3627
3394
659
4466
4458
3816
4066
1315
1712
4557
4761
4738
5178
3916
3958
1301
1027
4611
3363
3436
3676
2585
5094
3939
4633
5348
5016
2013
4152
2936
2912
3780
2799
4135
2946
4092
5091
1089
4381
4385
5544
3978
5512
4515
2904
2782
5269
2730
5438
5483
1914
1411
2331
2046
5586
3939
5311
2843
3413
1413
3457
3154
5201
3869
2206
4662
2433
2673
5175
2997
3942
3767
5352
4340
2236
2365
4416
3923
3339
3596
1554
5580
4533
1103
2168
817
5250
1471
1844
3597
3637
2172
5148
2996
5257
2863
1950
3571
5168
2647
4042
5490
5277
1104
4807
893
5286
5110
5058
5380
2112
3864
4684
2056
4240
1058
5642
2421
3504
4120
2369
5175
5506
4285
4498
4498
4430
2082
5577
2890
2885
4353
1272
3929
5323
2294
1555
2592
5435
5239
3180
2275
4527
2015
2772
3821
2890
4973
5594
1978
1722
4916
2474
5007
4542
4143
5270
4125
4424
4785
5064
4110
5074
1834
4572
2771
4844
3742
2418
5117
1810
2448
1297
5141
5511
5556
4592
4730
5446
2669
5104
5465
4252
4022
5363
2164
4738
5590
5251
2118
4078
3154
1066
2591
4848
3523
3706
2646
3251
4896
4265
1900
4331
262
5594
2735
5610
4272
4948
4553
3458
3465
5198
4147
5173
4296
5253
5032
5371
3683
5021
3131
4933
3542
4069
5055
5102
5006
4509
4775
3617
5113
5466
3827
5053
3445
3770
3118
3642
1892
3710
3601
5034
3295
208
5565
3628
3240
4951
3940
1323
3740
4094
3530
2362
5383
5147
3311
4375
4687
5373
2805
4888
3989
2866
5351
4857
4676
5610
3601
4502
4665
3921
4236
2343
5272
1248
3341
3418
2137
3083
1582
4024
2644
5081
3382
3075
4866
3625
3803
2903
4625
3653
4262
4428
5540
1160
4561
4069
3188
2813
903
2833
5625
255
5345
3236
3937
3476
1135
4719
4004
4201
719
2239
5124
4482
2138
4696
4042
3387
2828
2771
2466
4929
5127
3379
5346
4027
4530
3169
5326
4875
5142
1429
4250
4880
3298
1389
3622
4418
1615
4700
5403
4042
3611
4969
2587
5310
3578
4173
2585
5627
5534
3423
3203
1667
4490
4546
3975
3031
3560
4700
4857
4269
5364
3200
5407
5458
5464
4301
4633
4280
4888
1629
3934
5133
940
881
4433
2132
5268
5598
4488
3236
2124
3559
3617
3526
3522
5029
4526
5537
2190
4541
4640
5293
2956
4702
4226
3676
3549
3753
4455
5061
4440
5095
4469
5069
4930
5301
4680
3383
4723
5052
3878
2539
3614
3680
2043
5044
2449
3182
5257
5175
1877
4100
2148
2449
2393
5031
4275
2855
2025
3433
4305
2236
4779
4723
5138
5543
1333
4354
2807
2960
3131
5472
5051
2870
4579
4516
2741
3763
5362
3918
4471
2384
5310
3309
3995
5290
463
3663
3305
5114
5597
4883
1611
1155
1047
4922
1854
4710
5138
3908
4470
5507
5570
3923
638
4394
3524
5491
5076
3256
4997
2966
5429
3475
5367
5147
4707
5199
4744
4597
1327
5279
3692
1905
5152
4667
826
2851
4678
676
2611
2018
5086
2048
4847
3841
3242
1775
3831
5263
1677
2962
3190
5144
3481
3794
4419
4467
3011
4154
2538
5494
5515
5484
3388
1557
3747
3622
379
743
5229
2827
3166
3087
3941
3860
2519
4588
4997
3244
5519
3495
2972
4717
3608
4164
4475
3889
4475
2481
4319
5116
5626
4638
3127
2468
5617
4249
5237
3011
4625
953
3369
5591
4566
963
1667
4514
4279
4742
4401
2382
5091
5190
4710
5543
3242
3606
2566
3783
2929
3762
3148
5478
3622
3883
182
4773
5263
3259
5306
5165
3029
4416
5462
5319
5599
4184
5203
5173
2164
4004
1417
5589
980
4331
3201
5504
2480
4091
3591
4291
5019
1551
2995
5177
3873
2871
1042
4681
1404
1829
4431
3552
4725
4984
1075
3225
4350
3952
5134
2647
4248
4296
2404
4806
4016
2808
4802
5203
5295
2630
3689
2802
5639
2966
5082
4072
551
3158
3291
1104
1713
5539
3466
4539
5472
4048
4925
4740
4846
4457
3904
4901
5118
725
4267
1390
3719
4991
2387
3099
4629
3759
2958
2258
5482
4802
1358
4427
4236
5085
4138
2479
4326
2337
5596
4256
3729
3705
3734
5425
2582
1283
2193
1876
5264
819
3506
1947
4513
1792
2692
5617
2090
1971
5044
4741
2345
5120
3358
4706
5522
3587
4454
2972
1515
4462
5233
4236
2917
2626
5184
5144
2659
5514
4684
5567
4217
4972
4630
4782
3021
5438
4111
3271
5552
5461
1501
4489
4406
5187
1730
4755
679
5491
4133
4898
4728
2683
4010
5484
4772
2310
5336
4439
4717
3918
4581
3618
5415
5382
2287
5092
5252
5122
2755
1651
4844
2669
2674
1302
2782
2941
5124
1726
5397
1655
4852
3011
5135
4811
1963
2467
5504
4609
2370
2916
1194
5555
5173
5072
5609
4883
4860
4664
5580
5296
4418
3497
5362
2451
1131
4676
5143
4884
2800
3533
3600
3430
4995
4268
3336
5482
4500
3720
4977
5236
4984
3840
345
3596
5173
5387
2577
2172
1669
2171
5397
5472
3449
3672
2380
2211
5257
5383
1264
5363
4515
1883
3815
5251
3108
3784
4708
3996
4994
5296
4457
2991
5321
2417
3716
4891
5057
3416
3709
3355
2200
3109
3488
3380
5186
5104
4761
5229
4403
5184
1118
4714
5277
1728
3350
5256
2635
2619
3725
2016
5415
5262
3148
4626
4922
2888
1821
4646
3637
1588
3011
3306
5165
1068
4611
3660
4836
3160
5246
2889
1890
3069
2537
1828
1744
4261
2713
2703
4627
5304
4110
4938
1815
4336
5562
3657
2087
2765
893
5588
4671
4312
2966
3466
3094
4275
1978
3523
4094
5417
4679
5314
5479
5087
4131
2550
3078
3916
5588
3674
2893
4432
3263
1488
4861
2119
4943
2427
4871
3536
3846
4685
4622
3764
774
1796
5125
3939
1601
5304
4594
5479
5185
5101
3171
4277
2694
5531
5574
4323
3915
3768
4313
4837
5381
4659
2187
3244
1209
3909
5473
2255
1617
5476
5019
5011
5154
1529
5432
3858
1839
5580
4646
3987
3258
2084
5423
2502
3381
4999
4873
4802
3326
2732
4761
3428
4773
3291
5566
4703
4141
2036
3702
1589
2556
5510
5543
341
812
5376
4634
4674
4077
2809
4725
5068
500
2599
2549
5493
4253
1372
2428
5179
992
5023
1335
4548
2244
5063
5139
2054
4749
2034
1537
1730
4394
5597
4732
2130
4820
3945
3958
1488
703
3744
2972
4268
5409
2180
4950
3326
1232
2305
4920
4964
3284
5112
3224
3689
714
3431
4276
2214
4356
1725
4085
2838
4376
5117
3630
2277
3879
4414
5216
4493
3158
4455
5095
4219
3400
3996
4436
3861
3205
4055
1454
4357
4784
5468
4702
2879
3544
4991
1338
3210
4528
4462
3923
5349
4789
1327
2381
4992
5136
3810
3773
5195
3500
4055
661
1714
3343
768
5639
4084
2903
4803
1571
4631
4613
4904
5607
3741
3354
2285
3555
5426
4189
5341
4780
2426
4153
1536
4442
2081
1497
5063
5600
5287
2944
5156
5378
535
4880
5629
4239
2821
5638
1929
2709
5251
4226
5203
723
5124
4912
3759
4361
4846
2061
3372
3412
4114
3344
3628
764
1297
2847
5493
4433
5296
4463
4202
3199
5268
5335
2772
4145
2381
3142
5290
3330
715
4893
5543
2319
3229
755
4558
2038
4905
2658
3543
5371
2902
2084
2484
4660
3244
2697
4201
5407
5425
4457
1865
1584
4579
5588
1433
3986
2829
5521
4274
2157
5557
5074
5158
2037
4590
5318
4112
5159
4921
3857
4791
2616
4243
3978
3728
3714
2867
2900
4303
5201
3688
4086
4120
3870
3586
3538
5558
4233
4430
3974
2115
512
3801
2579
3056
4964
3663
2373
5468
4510
2087
1617
3173
3899
2166
5529
4327
4010
3995
2853
5041
4693
4884
3326
5120
3153
3781
4271
5279
2210
5517
4226
4897
3405
1767
3643
4556
4643
3759
5081
3465
5340
4483
4017
2146
5043
4659
3905
698
2041
3333
4430
4685
4506
3148
4537
4179
5518
5479
5410
5059
4678
2412
5566
1534
4976
1808
4054
5158
4488
4152
4661
5014
4808
2605
3904
5552
5345
2661
4295
5312
3415
5559
3733
4981
5434
501
3902
5490
5574
4153
3767
5082
1189
3014
5047
3608
4583
5525
2683
2546
4407
4115
5448
1776
3887
2664
3125
2726
767
1087
3972
3963
4517
2945
4757
5390
3937
5072
2463
3726
5420
4291
4282
5290
2982
4065
2227
3124
4841
4534
4117
3822
4424
2710
5466
5165
3086
5218
5390
4716
1062
3435
4492
3747
3676
2413
2351
5469
4408
5540
1733
3873
4754
3365
1484
3967
4395
2745
1963
3104
3758
2767
2505
5135
5466
2395
4815
4290
5368
4521
1851
5223
3280
4465
5290
4632
5080
4272
4432
4089
2429
3142
3467
5118
3851
4039
5487
2180
3062
3605
5073
5634
1857
4945
2748
4594
3003
1818
3040
3514
5210
4699
4740
931
2995
1745
5334
4585
4385
4722
1832
2168
3064
4168
4610
4081
2792
4955
4665
4117
3582
4388
1859
3571
3007
2231
4094
5639
4620
3528
1776
5506
3002
2209
3590
5524
5207
5438
2841
4141
4306
4493
1722
5471
5546
3344
3769
4948
3648
2223
5523
3986
3553
2769
3019
5492
5220
4862
838
4845
4534
4615
1616
4069
1968
5351
3130
4104
4930
3033
5323
2679
2972
1888
4410
3650
1079
2876
3235
5099
2588
4302
992
4110
5546
4429
5016
3827
4394
5328
2217
2294
3218
3424
2893
3731
2475
5159
1025
626
4269
5523
1977
3044
2167
3933
3881
4933
4414
5369
5601
4802
3708
1643
2120
4137
5310
3954
3971
5331
4385
4935
2338
825
