864.0 4529.0 1.0
4339.0 4842.0 1.0
328.0 3306.0 1.0
685.0 2159.0 1.0
2540.0 3304.0 1.0
2313.0 3332.0 1.0
2905.0 3314.0 1.0
1223.0 2818.0 1.0
1774.0 2176.0 1.0
3489.0 3827.0 1.0
423.0 2247.0 1.0
2405.0 3870.0 1.0
83.0 4626.0 1.0
1817.0 1817.0 1.0
1558.0 3208.0 1.0
3126.0 4077.0 1.0
356.0 372.0 -1.0
427.0 427.0 1.0
2365.0 3356.0 1.0
2437.0 3472.0 1.0
1730.0 3580.0 1.0
489.0 1632.0 1.0
1929.0 3070.0 1.0
2274.0 2290.0 1.0
3626.0 3855.0 -1.0
2121.0 4652.0 -1.0
3813.0 4586.0 1.0
2567.0 3781.0 -1.0
743.0 4041.0 1.0
1333.0 2913.0 1.0
2467.0 3184.0 1.0
4005.0 4005.0 1.0
2662.0 2910.0 -1.0
1060.0 2083.0 1.0
1095.0 3354.0 1.0
4547.0 4842.0 1.0
2971.0 3160.0 1.0
1029.0 4835.0 1.0
2533.0 2749.0 1.0
252.0 1186.0 1.0
1343.0 1978.0 1.0
1396.0 4511.0 1.0
2288.0 2309.0 1.0
3300.0 4413.0 1.0
337.0 3887.0 1.0
73.0 3246.0 1.0
1637.0 3480.0 1.0
48.0 4804.0 -1.0
226.0 646.0 1.0
845.0 3070.0 1.0
2057.0 2137.0 1.0
3872.0 3872.0 1.0
2591.0 4514.0 1.0
2351.0 4059.0 1.0
2313.0 4760.0 1.0
239.0 3356.0 1.0
2313.0 3281.0 1.0
3104.0 3125.0 1.0
971.0 1171.0 1.0
313.0 4842.0 1.0
2254.0 3125.0 -1.0
2923.0 4798.0 1.0
1078.0 3179.0 -1.0
2871.0 4637.0 -1.0
138.0 1063.0 1.0
1827.0 4052.0 1.0
1913.0 3190.0 1.0
2367.0 2558.0 1.0
3971.0 4490.0 1.0
2289.0 4652.0 -1.0
3433.0 4564.0 -1.0
2585.0 2905.0 -1.0
2865.0 4602.0 1.0
2625.0 3642.0 1.0
315.0 4007.0 -1.0
716.0 1413.0 1.0
2407.0 2512.0 1.0
3946.0 4031.0 1.0
2661.0 4703.0 1.0
2302.0 3179.0 1.0
423.0 1662.0 1.0
2300.0 2497.0 1.0
2243.0 2274.0 1.0
336.0 4887.0 1.0
2518.0 2937.0 1.0
651.0 1644.0 1.0
2518.0 3425.0 1.0
3070.0 4857.0 1.0
3246.0 4810.0 -1.0
2705.0 3642.0 1.0
2578.0 3293.0 1.0
2247.0 2567.0 1.0
1668.0 3580.0 1.0
3184.0 4125.0 -1.0
2662.0 3573.0 1.0
2872.0 3184.0 -1.0
2448.0 4518.0 1.0
2662.0 3341.0 -1.0
1361.0 4383.0 1.0
3300.0 4834.0 1.0
427.0 2347.0 1.0
562.0 2239.0 1.0
271.0 1706.0 1.0
1697.0 2662.0 -1.0
3932.0 4307.0 -1.0
171.0 4760.0 1.0
1007.0 1051.0 1.0
2417.0 3256.0 -1.0
1694.0 4044.0 -1.0
2073.0 2720.0 -1.0
2314.0 4038.0 1.0
55.0 2518.0 1.0
4149.0 4863.0 -1.0
1627.0 2998.0 1.0
118.0 2102.0 1.0
2607.0 2607.0 1.0
2438.0 4793.0 1.0
1265.0 2990.0 1.0
2422.0 3302.0 1.0
423.0 3318.0 1.0
1723.0 2099.0 -1.0
171.0 3745.0 1.0
2286.0 3893.0 1.0
430.0 876.0 1.0
978.0 1888.0 1.0
646.0 4507.0 1.0
3125.0 3214.0 1.0
1339.0 4100.0 1.0
1333.0 4490.0 1.0
1186.0 1265.0 1.0
1556.0 3158.0 1.0
4339.0 4606.0 1.0
1538.0 3126.0 1.0
2085.0 2117.0 -1.0
3125.0 3964.0 1.0
315.0 1029.0 1.0
2818.0 3837.0 -1.0
2404.0 2953.0 1.0
1658.0 1985.0 1.0
17.0 3646.0 1.0
2109.0 4577.0 -1.0
236.0 4683.0 -1.0
2085.0 3208.0 1.0
2497.0 4615.0 -1.0
1516.0 2702.0 1.0
3066.0 3081.0 -1.0
2371.0 3042.0 1.0
1265.0 3306.0 -1.0
3.0 3516.0 1.0
2556.0 3125.0 1.0
2459.0 3073.0 1.0
239.0 4056.0 1.0
220.0 2466.0 1.0
2155.0 2192.0 1.0
2237.0 3910.0 -1.0
3330.0 4816.0 1.0
1907.0 4672.0 1.0
2629.0 3042.0 1.0
217.0 4017.0 1.0
4064.0 4470.0 1.0
3910.0 4254.0 1.0
2308.0 4841.0 -1.0
2749.0 3042.0 1.0
314.0 1318.0 1.0
576.0 3300.0 1.0
812.0 4360.0 1.0
3665.0 4842.0 1.0
2459.0 2657.0 -1.0
2518.0 3644.0 1.0
46.0 1817.0 1.0
2361.0 2949.0 1.0
1326.0 3306.0 1.0
1149.0 2241.0 1.0
716.0 2361.0 1.0
2200.0 3346.0 1.0
2302.0 2543.0 1.0
2180.0 4669.0 1.0
538.0 1209.0 1.0
40.0 3125.0 -1.0
100.0 2898.0 -1.0
972.0 2565.0 1.0
646.0 988.0 1.0
294.0 4383.0 -1.0
2365.0 4830.0 -1.0
2567.0 2679.0 -1.0
1833.0 3164.0 1.0
211.0 2587.0 1.0
2298.0 4252.0 1.0
226.0 1265.0 1.0
1074.0 3005.0 1.0
329.0 2361.0 1.0
784.0 3070.0 -1.0
2082.0 2361.0 1.0
2567.0 3300.0 1.0
3170.0 3199.0 1.0
1007.0 3461.0 1.0
651.0 3870.0 1.0
2497.0 2977.0 -1.0
1186.0 4626.0 1.0
2253.0 4643.0 1.0
2247.0 4842.0 1.0
3349.0 4628.0 1.0
236.0 2440.0 1.0
2155.0 2871.0 1.0
2896.0 3079.0 1.0
2282.0 4773.0 1.0
2524.0 3125.0 1.0
2558.0 2580.0 1.0
3256.0 4349.0 -1.0
2068.0 2083.0 1.0
2815.0 3649.0 -1.0
1051.0 1948.0 1.0
954.0 4009.0 1.0
2648.0 3256.0 1.0
2740.0 3042.0 1.0
3238.0 3409.0 1.0
2648.0 4873.0 -1.0
2309.0 3328.0 1.0
236.0 754.0 1.0
4760.0 4812.0 1.0
83.0 3262.0 1.0
2348.0 3070.0 1.0
1726.0 2662.0 -1.0
2367.0 2863.0 1.0
2567.0 3208.0 -1.0
1553.0 3239.0 1.0
3408.0 3642.0 1.0
1924.0 3376.0 1.0
2518.0 3552.0 1.0
1394.0 2215.0 1.0
100.0 2657.0 1.0
2709.0 3102.0 1.0
975.0 1637.0 1.0
743.0 3014.0 1.0
2340.0 2952.0 1.0
3340.0 4015.0 1.0
979.0 2440.0 -1.0
582.0 1265.0 1.0
1331.0 2936.0 1.0
2982.0 4903.0 -1.0
582.0 2361.0 1.0
3360.0 3360.0 1.0
1984.0 2308.0 -1.0
3980.0 4758.0 -1.0
1992.0 2922.0 -1.0
2784.0 2905.0 -1.0
754.0 1254.0 1.0
2367.0 4790.0 1.0
1344.0 3218.0 -1.0
2171.0 4248.0 1.0
3125.0 3650.0 1.0
3179.0 4064.0 1.0
1514.0 2651.0 1.0
423.0 3110.0 1.0
3855.0 4810.0 -1.0
2237.0 3302.0 1.0
2689.0 4072.0 1.0
2305.0 2467.0 1.0
815.0 3070.0 -1.0
2468.0 3199.0 1.0
2994.0 4677.0 1.0
2367.0 2770.0 1.0
1998.0 3014.0 1.0
3344.0 4066.0 -1.0
546.0 1781.0 1.0
1024.0 2818.0 1.0
4722.0 4818.0 1.0
716.0 2512.0 1.0
26.0 1196.0 1.0
315.0 3551.0 1.0
1617.0 2398.0 1.0
1379.0 2445.0 -1.0
2140.0 2857.0 1.0
2567.0 3834.0 1.0
1723.0 2109.0 1.0
2434.0 2763.0 -1.0
3256.0 4842.0 1.0
773.0 4447.0 1.0
3642.0 4490.0 1.0
2872.0 4773.0 -1.0
3137.0 4301.0 1.0
2713.0 2775.0 1.0
1478.0 4145.0 1.0
1841.0 4447.0 1.0
2907.0 3726.0 -1.0
2365.0 4842.0 1.0
1698.0 2856.0 1.0
1344.0 4044.0 -1.0
2071.0 4044.0 -1.0
2624.0 3042.0 1.0
17.0 101.0 1.0
1706.0 4059.0 1.0
1359.0 2092.0 1.0
3224.0 3262.0 -1.0
1593.0 4882.0 1.0
2882.0 3914.0 1.0
1840.0 3948.0 -1.0
2706.0 3199.0 1.0
3957.0 3957.0 1.0
2158.0 4403.0 1.0
84.0 3689.0 1.0
2632.0 4064.0 1.0
1620.0 3199.0 1.0
2348.0 4010.0 1.0
2492.0 3338.0 1.0
2211.0 2589.0 1.0
2109.0 3330.0 -1.0
2770.0 3642.0 1.0
450.0 2773.0 1.0
4780.0 4797.0 1.0
2085.0 2497.0 1.0
578.0 1802.0 1.0
2005.0 3689.0 1.0
2617.0 4017.0 1.0
2805.0 3180.0 1.0
2271.0 2582.0 1.0
1344.0 1346.0 -1.0
380.0 451.0 1.0
2093.0 4760.0 1.0
1333.0 3070.0 1.0
1758.0 4089.0 1.0
1051.0 4143.0 1.0
150.0 2518.0 1.0
2856.0 4229.0 -1.0
1362.0 1697.0 1.0
2496.0 4887.0 -1.0
3043.0 4265.0 1.0
1820.0 2252.0 -1.0
2548.0 2550.0 1.0
1706.0 1833.0 1.0
594.0 3125.0 1.0
533.0 4912.0 -1.0
1706.0 4056.0 -1.0
1800.0 4769.0 1.0
1218.0 2367.0 1.0
2847.0 4064.0 1.0
1492.0 3910.0 1.0
2437.0 4841.0 -1.0
2500.0 4032.0 1.0
2237.0 3208.0 -1.0
1333.0 2623.0 1.0
423.0 2202.0 1.0
4571.0 4751.0 1.0
2440.0 3283.0 1.0
1949.0 2516.0 -1.0
2111.0 4375.0 1.0
1283.0 3505.0 1.0
423.0 1211.0 -1.0
1723.0 2213.0 1.0
2207.0 3906.0 1.0
3146.0 3172.0 1.0
152.0 2282.0 1.0
2518.0 4568.0 -1.0
2995.0 4842.0 1.0
1333.0 2619.0 1.0
306.0 1469.0 1.0
2872.0 3141.0 -1.0
2573.0 3962.0 1.0
2805.0 2846.0 1.0
2179.0 2462.0 1.0
2375.0 3200.0 1.0
2750.0 3141.0 1.0
63.0 1174.0 1.0
1189.0 1894.0 1.0
2706.0 3042.0 1.0
3300.0 4044.0 1.0
2253.0 2437.0 -1.0
2367.0 4068.0 1.0
2367.0 4490.0 1.0
754.0 1188.0 1.0
770.0 2440.0 1.0
3196.0 3957.0 -1.0
3759.0 4456.0 1.0
388.0 3349.0 1.0
2841.0 4522.0 1.0
1830.0 2029.0 1.0
2374.0 4609.0 1.0
2567.0 3689.0 1.0
4364.0 4828.0 1.0
1714.0 2008.0 1.0
423.0 4628.0 1.0
2351.0 2434.0 -1.0
2533.0 2740.0 1.0
1285.0 2825.0 1.0
1347.0 2907.0 1.0
2088.0 2508.0 1.0
1829.0 4014.0 1.0
4033.0 4088.0 -1.0
2704.0 3042.0 1.0
1774.0 4064.0 1.0
2579.0 2594.0 1.0
1003.0 4077.0 1.0
540.0 2971.0 1.0
2253.0 3448.0 1.0
1751.0 2434.0 -1.0
2497.0 3696.0 1.0
1389.0 1628.0 1.0
2752.0 4629.0 -1.0
2806.0 4842.0 1.0
2137.0 2818.0 -1.0
2913.0 3971.0 1.0
171.0 1329.0 1.0
1979.0 2933.0 1.0
1657.0 2312.0 1.0
2109.0 2567.0 -1.0
3125.0 3144.0 1.0
3338.0 4609.0 1.0
4041.0 4740.0 1.0
56.0 3116.0 1.0
2806.0 3782.0 1.0
2310.0 3946.0 1.0
2581.0 2943.0 1.0
2662.0 3100.0 -1.0
1344.0 3222.0 -1.0
2416.0 3365.0 1.0
692.0 1753.0 -1.0
1171.0 1679.0 1.0
423.0 3306.0 -1.0
2784.0 4769.0 -1.0
1109.0 1368.0 1.0
2092.0 3191.0 1.0
3957.0 4785.0 1.0
2905.0 4125.0 1.0
3125.0 3426.0 -1.0
1057.0 1057.0 1.0
1073.0 2844.0 -1.0
3196.0 3399.0 -1.0
2823.0 4272.0 -1.0
4088.0 4339.0 1.0
315.0 2253.0 1.0
1178.0 3130.0 1.0
1706.0 1762.0 1.0
4088.0 4842.0 1.0
1590.0 2073.0 -1.0
2523.0 2547.0 1.0
1406.0 2274.0 1.0
2637.0 3360.0 1.0
2256.0 4456.0 1.0
4055.0 4121.0 1.0
3123.0 3141.0 -1.0
2497.0 4184.0 -1.0
3769.0 3769.0 1.0
2008.0 2739.0 1.0
2898.0 3043.0 1.0
1651.0 3975.0 1.0
2313.0 2859.0 1.0
3971.0 4553.0 1.0
450.0 2662.0 1.0
1586.0 3125.0 1.0
2808.0 4894.0 1.0
955.0 1109.0 1.0
1199.0 2623.0 1.0
823.0 2905.0 1.0
761.0 3126.0 1.0
450.0 1430.0 1.0
3125.0 3781.0 -1.0
501.0 4089.0 1.0
2286.0 3140.0 1.0
2308.0 2601.0 1.0
1234.0 4624.0 1.0
524.0 3818.0 1.0
864.0 3125.0 1.0
2367.0 2674.0 1.0
2065.0 3670.0 1.0
236.0 2496.0 -1.0
2375.0 2744.0 1.0
1319.0 1516.0 -1.0
899.0 3125.0 -1.0
1977.0 2518.0 1.0
2805.0 4414.0 1.0
2130.0 3893.0 1.0
2776.0 4508.0 -1.0
1979.0 4048.0 1.0
2351.0 2841.0 1.0
166.0 4265.0 1.0
2358.0 4829.0 1.0
3311.0 4264.0 1.0
882.0 2564.0 1.0
196.0 4360.0 1.0
2730.0 4626.0 1.0
2440.0 2497.0 1.0
351.0 3191.0 1.0
2313.0 2373.0 1.0
733.0 1603.0 1.0
2252.0 4468.0 1.0
2915.0 3482.0 1.0
331.0 1155.0 -1.0
2005.0 2546.0 -1.0
23.0 1418.0 1.0
2518.0 2871.0 1.0
1680.0 2835.0 1.0
920.0 4447.0 -1.0
1188.0 1632.0 1.0
1316.0 4830.0 -1.0
2117.0 3580.0 1.0
2308.0 3036.0 1.0
2818.0 4657.0 1.0
3929.0 4567.0 1.0
1198.0 3211.0 -1.0
3306.0 4089.0 1.0
2467.0 2587.0 1.0
1855.0 1900.0 1.0
337.0 738.0 1.0
2905.0 2971.0 1.0
2841.0 2872.0 1.0
761.0 3080.0 1.0
73.0 3144.0 1.0
2616.0 3283.0 -1.0
4009.0 4272.0 1.0
3184.0 3328.0 -1.0
3306.0 4841.0 1.0
201.0 3042.0 1.0
858.0 3001.0 1.0
2522.0 3349.0 -1.0
3110.0 3957.0 1.0
2313.0 3864.0 1.0
659.0 2085.0 -1.0
1936.0 3932.0 1.0
2652.0 3130.0 1.0
3265.0 4737.0 1.0
873.0 1525.0 1.0
684.0 2646.0 1.0
1387.0 3689.0 1.0
1155.0 1948.0 -1.0
3110.0 4637.0 1.0
367.0 2841.0 1.0
315.0 3354.0 -1.0
1260.0 4813.0 1.0
1123.0 2518.0 -1.0
3227.0 3329.0 1.0
2662.0 3737.0 -1.0
1621.0 2308.0 1.0
1516.0 1726.0 1.0
3157.0 3330.0 -1.0
500.0 4810.0 1.0
3858.0 4227.0 1.0
975.0 1929.0 1.0
265.0 3125.0 1.0
2137.0 2871.0 1.0
2607.0 4061.0 1.0
2518.0 4841.0 1.0
2548.0 2577.0 1.0
260.0 3858.0 1.0
2715.0 3971.0 1.0
1924.0 3377.0 1.0
2871.0 4912.0 1.0
1533.0 4912.0 1.0
343.0 3164.0 1.0
2861.0 4587.0 -1.0
2556.0 2685.0 1.0
3271.0 4683.0 1.0
1516.0 3620.0 1.0
3598.0 4520.0 1.0
4044.0 4912.0 1.0
864.0 3872.0 -1.0
2302.0 2716.0 1.0
2720.0 2818.0 -1.0
2302.0 2704.0 1.0
1103.0 1637.0 1.0
1851.0 4149.0 1.0
3191.0 3201.0 1.0
1602.0 2298.0 1.0
3278.0 4349.0 1.0
3125.0 3578.0 1.0
845.0 3971.0 1.0
3428.0 3957.0 1.0
2479.0 2776.0 -1.0
3113.0 3377.0 1.0
275.0 2421.0 1.0
2942.0 4779.0 1.0
3321.0 4842.0 1.0
2361.0 4080.0 1.0
2093.0 3208.0 1.0
2180.0 2434.0 1.0
3968.0 4529.0 -1.0
1797.0 3910.0 1.0
1998.0 3905.0 1.0
336.0 2313.0 1.0
4523.0 4842.0 1.0
1723.0 1723.0 1.0
3191.0 3208.0 1.0
2201.0 2747.0 -1.0
450.0 2548.0 1.0
4683.0 4795.0 1.0
3246.0 4491.0 -1.0
3715.0 4332.0 1.0
334.0 4611.0 -1.0
509.0 4810.0 1.0
1547.0 3529.0 1.0
2207.0 2518.0 1.0
3296.0 4603.0 1.0
4151.0 4842.0 1.0
1751.0 3181.0 -1.0
292.0 3110.0 1.0
2361.0 3472.0 1.0
3141.0 3909.0 1.0
738.0 2828.0 1.0
2313.0 3785.0 1.0
2302.0 2670.0 1.0
760.0 4533.0 1.0
406.0 2781.0 -1.0
1598.0 2585.0 -1.0
2496.0 2496.0 1.0
841.0 3168.0 1.0
2361.0 4684.0 -1.0
2059.0 2984.0 1.0
2721.0 3469.0 1.0
1189.0 4339.0 1.0
3328.0 4145.0 -1.0
2081.0 3110.0 1.0
2561.0 4842.0 1.0
795.0 4723.0 1.0
2871.0 3141.0 -1.0
2661.0 3962.0 1.0
4020.0 4754.0 1.0
2302.0 2774.0 1.0
1602.0 3093.0 1.0
1331.0 3125.0 1.0
2815.0 4119.0 1.0
2740.0 2805.0 1.0
2906.0 4828.0 1.0
501.0 4021.0 -1.0
822.0 1084.0 1.0
2170.0 3941.0 1.0
2111.0 4032.0 1.0
196.0 1097.0 1.0
315.0 2071.0 1.0
3283.0 4912.0 1.0
2784.0 3870.0 -1.0
2805.0 2847.0 1.0
3082.0 3292.0 1.0
1621.0 1833.0 1.0
598.0 2479.0 1.0
2237.0 3374.0 -1.0
1416.0 1888.0 1.0
2914.0 3042.0 1.0
2076.0 2308.0 1.0
1452.0 2159.0 1.0
3184.0 4089.0 1.0
1070.0 1433.0 1.0
1630.0 1964.0 1.0
2539.0 4760.0 -1.0
4457.0 4764.0 1.0
91.0 4240.0 1.0
2411.0 3260.0 1.0
3113.0 4703.0 1.0
1687.0 2518.0 1.0
3144.0 4835.0 -1.0
2366.0 2567.0 1.0
1831.0 3141.0 -1.0
109.0 1921.0 1.0
1122.0 2906.0 -1.0
2662.0 2727.0 -1.0
359.0 2599.0 1.0
4059.0 4882.0 1.0
2872.0 4676.0 -1.0
3141.0 4009.0 -1.0
864.0 4307.0 1.0
3374.0 4857.0 1.0
2497.0 4841.0 -1.0
211.0 864.0 1.0
672.0 2440.0 1.0
1389.0 2437.0 1.0
1780.0 4861.0 -1.0
2313.0 3091.0 -1.0
4037.0 4677.0 1.0
1201.0 2518.0 1.0
2298.0 3224.0 -1.0
2462.0 4076.0 -1.0
70.0 1929.0 1.0
752.0 2073.0 1.0
73.0 2871.0 1.0
2076.0 3870.0 1.0
2818.0 4386.0 1.0
1715.0 2623.0 1.0
2606.0 2805.0 1.0
972.0 2186.0 1.0
2376.0 2872.0 -1.0
2238.0 2735.0 1.0
1285.0 2346.0 1.0
2376.0 4842.0 1.0
1706.0 3872.0 1.0
2522.0 4797.0 -1.0
3146.0 3966.0 1.0
2256.0 3551.0 -1.0
1658.0 3262.0 1.0
2057.0 4795.0 -1.0
1073.0 4298.0 -1.0
333.0 1937.0 1.0
2367.0 2888.0 1.0
54.0 2662.0 -1.0
4089.0 4618.0 -1.0
955.0 3446.0 1.0
582.0 1964.0 1.0
2815.0 3864.0 1.0
3115.0 4272.0 -1.0
507.0 520.0 1.0
2914.0 3642.0 1.0
3184.0 4383.0 1.0
4684.0 4804.0 1.0
3261.0 4753.0 1.0
1753.0 4091.0 1.0
3830.0 3830.0 -1.0
367.0 3877.0 1.0
1833.0 3646.0 1.0
4678.0 4723.0 -1.0
2747.0 3295.0 -1.0
2401.0 2825.0 1.0
2662.0 3993.0 1.0
2543.0 3042.0 1.0
608.0 4447.0 1.0
1359.0 3354.0 1.0
152.0 3025.0 1.0
2176.0 2971.0 1.0
3070.0 4660.0 1.0
247.0 3971.0 1.0
1186.0 2065.0 1.0
3439.0 4537.0 1.0
2029.0 2469.0 1.0
321.0 3109.0 1.0
3184.0 4447.0 1.0
1753.0 2833.0 1.0
2479.0 3039.0 1.0
3293.0 4191.0 1.0
171.0 4529.0 1.0
1337.0 2662.0 1.0
2662.0 4710.0 1.0
3113.0 4032.0 1.0
4080.0 4797.0 1.0
3726.0 4676.0 1.0
2634.0 3262.0 1.0
2871.0 3856.0 1.0
2876.0 4530.0 1.0
191.0 4708.0 1.0
374.0 2818.0 1.0
3408.0 4064.0 1.0
1396.0 2407.0 1.0
3051.0 3057.0 1.0
2253.0 4052.0 1.0
2376.0 3125.0 -1.0
2872.0 3684.0 -1.0
44.0 4842.0 1.0
305.0 369.0 1.0
2361.0 2963.0 1.0
2496.0 4102.0 -1.0
2549.0 2781.0 -1.0
587.0 2437.0 1.0
733.0 2818.0 1.0
1706.0 3196.0 -1.0
3624.0 4235.0 1.0
2142.0 2308.0 -1.0
2825.0 2933.0 1.0
1775.0 4201.0 1.0
328.0 3689.0 1.0
3232.0 4032.0 -1.0
3125.0 4102.0 1.0
508.0 508.0 1.0
4587.0 4587.0 1.0
1639.0 2905.0 -1.0
2057.0 2440.0 -1.0
1822.0 2479.0 1.0
2653.0 3014.0 -1.0
2547.0 4542.0 -1.0
2274.0 4891.0 1.0
2295.0 2302.0 1.0
823.0 3516.0 1.0
43.0 2547.0 -1.0
666.0 3115.0 -1.0
2479.0 3191.0 1.0
601.0 1182.0 1.0
180.0 2588.0 1.0
1944.0 4432.0 1.0
823.0 1186.0 1.0
3126.0 4254.0 1.0
2111.0 2303.0 1.0
108.0 4044.0 1.0
268.0 2525.0 -1.0
1697.0 3125.0 1.0
423.0 2870.0 1.0
4272.0 4841.0 1.0
1134.0 3409.0 1.0
1342.0 4146.0 1.0
2070.0 4339.0 1.0
2310.0 3858.0 -1.0
2440.0 2949.0 1.0
302.0 3870.0 1.0
2407.0 2567.0 1.0
362.0 1156.0 1.0
1185.0 2212.0 1.0
3184.0 3867.0 1.0
1888.0 4264.0 1.0
2076.0 4002.0 1.0
2496.0 3588.0 -1.0
2126.0 3184.0 -1.0
643.0 1343.0 1.0
1174.0 2438.0 1.0
822.0 4413.0 -1.0
2539.0 2773.0 1.0
3020.0 3020.0 1.0
26.0 2922.0 -1.0
2518.0 4670.0 1.0
338.0 4158.0 1.0
2546.0 2872.0 -1.0
923.0 3150.0 -1.0
302.0 4786.0 1.0
2194.0 3279.0 1.0
3070.0 4306.0 1.0
1212.0 4447.0 -1.0
1430.0 3125.0 -1.0
172.0 2057.0 -1.0
3394.0 4839.0 1.0
1016.0 1016.0 -1.0
2479.0 3689.0 1.0
3356.0 4254.0 1.0
2247.0 2872.0 1.0
1057.0 4360.0 1.0
2181.0 2607.0 1.0
1359.0 3725.0 -1.0
2742.0 3199.0 1.0
367.0 4015.0 1.0
2412.0 2480.0 1.0
3318.0 3896.0 1.0
3125.0 3298.0 1.0
864.0 2872.0 -1.0
2049.0 2315.0 1.0
2144.0 3876.0 1.0
196.0 1507.0 1.0
423.0 1186.0 1.0
2022.0 3678.0 1.0
2680.0 4873.0 -1.0
3184.0 3208.0 1.0
1006.0 2818.0 1.0
2308.0 4487.0 -1.0
3149.0 4268.0 1.0
440.0 2302.0 1.0
1562.0 3624.0 1.0
882.0 2906.0 -1.0
2467.0 3354.0 1.0
3725.0 4044.0 -1.0
2450.0 4064.0 1.0
961.0 2626.0 1.0
2185.0 4392.0 1.0
2434.0 2784.0 1.0
1540.0 3492.0 1.0
305.0 1409.0 1.0
1843.0 2693.0 -1.0
171.0 4305.0 1.0
1333.0 1805.0 1.0
1114.0 1812.0 -1.0
3125.0 4386.0 1.0
3071.0 3995.0 1.0
1833.0 2207.0 1.0
2083.0 4058.0 -1.0
1992.0 2567.0 -1.0
1699.0 2548.0 1.0
46.0 4056.0 1.0
2929.0 4738.0 1.0
1399.0 2308.0 1.0
1635.0 2818.0 1.0
1605.0 1829.0 1.0
2076.0 3150.0 1.0
3144.0 3460.0 1.0
185.0 2701.0 1.0
2518.0 3645.0 -1.0
2518.0 4398.0 1.0
3549.0 4903.0 1.0
3892.0 4703.0 1.0
2401.0 3125.0 1.0
1621.0 3184.0 1.0
331.0 2806.0 -1.0
2365.0 4089.0 1.0
313.0 3689.0 1.0
2877.0 4530.0 1.0
2367.0 2520.0 1.0
2770.0 4589.0 -1.0
958.0 2871.0 1.0
3314.0 3978.0 1.0
860.0 4491.0 1.0
2057.0 4031.0 1.0
4064.0 4554.0 1.0
149.0 2330.0 1.0
2183.0 2613.0 -1.0
371.0 2539.0 1.0
4044.0 4685.0 1.0
1792.0 3723.0 -1.0
2008.0 3771.0 1.0
450.0 4509.0 1.0
761.0 2646.0 1.0
2818.0 3079.0 -1.0
540.0 3853.0 1.0
1382.0 4447.0 1.0
633.0 3391.0 -1.0
2361.0 2497.0 1.0
2440.0 3330.0 1.0
2477.0 2651.0 1.0
223.0 2662.0 1.0
663.0 1637.0 1.0
2446.0 2467.0 1.0
2354.0 3859.0 -1.0
1333.0 2643.0 1.0
1436.0 4899.0 1.0
3381.0 3381.0 1.0
2302.0 3030.0 1.0
1261.0 3893.0 1.0
3375.0 4764.0 -1.0
5.0 4577.0 1.0
2248.0 2748.0 1.0
2253.0 3551.0 1.0
2290.0 3968.0 -1.0
1518.0 3409.0 1.0
3419.0 4438.0 1.0
3418.0 3828.0 -1.0
2707.0 4064.0 1.0
613.0 2467.0 1.0
3125.0 4270.0 1.0
202.0 3035.0 1.0
961.0 1929.0 1.0
2376.0 3302.0 1.0
3353.0 3993.0 -1.0
1817.0 2662.0 -1.0
527.0 3070.0 1.0
1209.0 1727.0 1.0
1602.0 3739.0 1.0
1705.0 4582.0 1.0
1797.0 1797.0 1.0
4629.0 4676.0 1.0
1633.0 2662.0 1.0
716.0 2871.0 1.0
1186.0 4618.0 1.0
2531.0 4737.0 1.0
2818.0 3394.0 1.0
3180.0 3971.0 1.0
2496.0 2871.0 -1.0
2922.0 3141.0 1.0
475.0 3042.0 1.0
615.0 2518.0 -1.0
2232.0 2308.0 1.0
2905.0 4828.0 -1.0
1456.0 4272.0 1.0
1580.0 3409.0 1.0
3116.0 3687.0 1.0
2057.0 2959.0 1.0
2302.0 2586.0 1.0
2826.0 4064.0 1.0
440.0 2367.0 1.0
2904.0 3262.0 1.0
3042.0 4236.0 1.0
2302.0 2770.0 1.0
932.0 4547.0 1.0
800.0 2915.0 1.0
3073.0 3232.0 1.0
2872.0 3993.0 1.0
2920.0 4874.0 1.0
3318.0 3856.0 -1.0
2003.0 2841.0 1.0
2252.0 3689.0 1.0
2247.0 2963.0 1.0
761.0 3141.0 1.0
2308.0 4197.0 1.0
2607.0 2871.0 1.0
1237.0 1931.0 1.0
2365.0 4339.0 1.0
3031.0 3144.0 1.0
4251.0 4270.0 1.0
2971.0 4684.0 1.0
331.0 1753.0 1.0
1265.0 1751.0 -1.0
3079.0 3108.0 1.0
925.0 3141.0 -1.0
1344.0 3689.0 -1.0
2117.0 4305.0 1.0
2237.0 4760.0 1.0
381.0 3495.0 -1.0
2805.0 2863.0 1.0
1070.0 2722.0 1.0
613.0 1734.0 1.0
1379.0 3347.0 -1.0
3071.0 3137.0 -1.0
2582.0 3040.0 -1.0
2824.0 3365.0 1.0
2100.0 3955.0 1.0
2367.0 2913.0 1.0
3125.0 3141.0 -1.0
30.0 2624.0 1.0
1800.0 3993.0 -1.0
2375.0 2531.0 1.0
2830.0 2871.0 -1.0
2480.0 4243.0 1.0
26.0 289.0 1.0
801.0 2001.0 1.0
2671.0 3642.0 1.0
2710.0 4530.0 1.0
3475.0 3993.0 1.0
2302.0 4790.0 1.0
2823.0 3365.0 1.0
2750.0 4044.0 -1.0
2427.0 3293.0 1.0
672.0 1678.0 1.0
2376.0 2794.0 1.0
3125.0 3238.0 -1.0
2788.0 4392.0 1.0
2872.0 3856.0 1.0
772.0 4221.0 1.0
2469.0 3306.0 1.0
63.0 4734.0 1.0
559.0 2685.0 1.0
4721.0 4721.0 1.0
2302.0 2624.0 1.0
125.0 4667.0 1.0
137.0 2971.0 1.0
2629.0 3199.0 1.0
2367.0 2772.0 1.0
2922.0 3354.0 1.0
2109.0 4841.0 -1.0
2361.0 3767.0 1.0
1908.0 2822.0 1.0
659.0 2086.0 -1.0
1265.0 1265.0 1.0
2813.0 2990.0 1.0
1764.0 4044.0 1.0
2963.0 3482.0 1.0
523.0 2816.0 -1.0
308.0 3293.0 1.0
1833.0 4758.0 -1.0
3125.0 3244.0 1.0
3267.0 4852.0 1.0
1639.0 2497.0 -1.0
3208.0 4044.0 -1.0
2588.0 3107.0 -1.0
1342.0 1644.0 1.0
2567.0 3302.0 1.0
994.0 4864.0 1.0
1894.0 2662.0 1.0
1726.0 2872.0 1.0
3211.0 4546.0 -1.0
3043.0 3043.0 1.0
882.0 2155.0 1.0
2479.0 2480.0 1.0
2518.0 3359.0 1.0
2376.0 3079.0 1.0
385.0 4820.0 1.0
3393.0 4810.0 1.0
2490.0 3551.0 -1.0
2726.0 3199.0 1.0
2662.0 2871.0 1.0
4116.0 4618.0 1.0
2944.0 3184.0 1.0
937.0 3551.0 1.0
2518.0 3621.0 -1.0
2446.0 4512.0 -1.0
2805.0 3408.0 1.0
2806.0 4228.0 1.0
4032.0 4064.0 1.0
166.0 2330.0 1.0
263.0 2685.0 1.0
823.0 3745.0 1.0
2126.0 2922.0 -1.0
2784.0 4059.0 1.0
2247.0 4845.0 1.0
3014.0 4676.0 1.0
2123.0 2636.0 1.0
3137.0 3291.0 1.0
383.0 4264.0 1.0
1340.0 3091.0 1.0
3642.0 4236.0 1.0
605.0 2818.0 1.0
4041.0 4736.0 1.0
79.0 4841.0 -1.0
331.0 2093.0 -1.0
2742.0 4064.0 1.0
3482.0 4845.0 1.0
3488.0 4149.0 1.0
3048.0 3492.0 1.0
1498.0 2885.0 -1.0
1134.0 2818.0 -1.0
2407.0 2902.0 1.0
2008.0 2245.0 1.0
1134.0 1668.0 -1.0
1762.0 2781.0 1.0
245.0 2085.0 -1.0
2873.0 3042.0 1.0
171.0 3857.0 -1.0
1920.0 2547.0 -1.0
2805.0 4554.0 1.0
2083.0 2596.0 1.0
713.0 4677.0 1.0
2302.0 3501.0 1.0
2393.0 3147.0 -1.0
2176.0 2740.0 1.0
261.0 2556.0 1.0
2252.0 2662.0 1.0
926.0 4751.0 1.0
2076.0 2794.0 1.0
4828.0 4861.0 1.0
2598.0 4758.0 1.0
1219.0 1781.0 1.0
1636.0 3906.0 1.0
2361.0 3080.0 -1.0
1498.0 1859.0 1.0
2057.0 3298.0 1.0
1820.0 2567.0 -1.0
2601.0 3902.0 -1.0
2496.0 3232.0 1.0
4725.0 4842.0 1.0
2404.0 2495.0 1.0
3082.0 4386.0 1.0
2853.0 3896.0 1.0
556.0 1228.0 1.0
785.0 4009.0 1.0
2781.0 4184.0 1.0
2376.0 4835.0 -1.0
1718.0 3368.0 1.0
294.0 3238.0 1.0
171.0 3441.0 1.0
3083.0 3119.0 1.0
2617.0 2905.0 1.0
389.0 3980.0 1.0
3870.0 4020.0 1.0
311.0 2815.0 -1.0
4007.0 4255.0 1.0
1943.0 2437.0 1.0
2522.0 2662.0 -1.0
112.0 2518.0 1.0
3356.0 3969.0 1.0
2662.0 2675.0 1.0
2844.0 3144.0 -1.0
2547.0 2776.0 -1.0
2127.0 4692.0 1.0
3114.0 3771.0 1.0
2643.0 3642.0 1.0
292.0 2567.0 1.0
1800.0 4264.0 1.0
1603.0 3416.0 -1.0
1279.0 4901.0 1.0
2486.0 3328.0 1.0
2170.0 4881.0 1.0
2247.0 3184.0 1.0
1911.0 2029.0 1.0
2003.0 3140.0 1.0
2347.0 4383.0 1.0
3125.0 4683.0 -1.0
2998.0 3230.0 1.0
2518.0 2832.0 1.0
2129.0 3818.0 1.0
2005.0 4105.0 1.0
1001.0 1001.0 1.0
2067.0 2232.0 1.0
2547.0 3306.0 1.0
559.0 1532.0 1.0
1309.0 3306.0 1.0
955.0 1596.0 1.0
2906.0 2992.0 -1.0
2671.0 3042.0 1.0
2795.0 4219.0 -1.0
423.0 933.0 1.0
2818.0 4014.0 1.0
1333.0 2650.0 1.0
2302.0 2643.0 1.0
2518.0 4261.0 1.0
911.0 1518.0 1.0
1068.0 3993.0 1.0
3199.0 4359.0 1.0
1073.0 4041.0 1.0
2334.0 3210.0 1.0
1343.0 1527.0 1.0
2302.0 3886.0 1.0
351.0 2806.0 1.0
2362.0 3199.0 1.0
1516.0 2109.0 -1.0
672.0 2401.0 1.0
3823.0 4111.0 1.0
1250.0 2073.0 1.0
3191.0 3360.0 1.0
556.0 2042.0 1.0
2646.0 4265.0 -1.0
2718.0 4064.0 1.0
2367.0 2683.0 1.0
4145.0 4830.0 -1.0
4143.0 4683.0 1.0
3642.0 4554.0 1.0
2898.0 3870.0 1.0
2571.0 3224.0 1.0
3873.0 4044.0 1.0
846.0 855.0 1.0
63.0 427.0 1.0
2317.0 4290.0 -1.0
363.0 4126.0 1.0
3301.0 4691.0 1.0
1726.0 2702.0 1.0
2004.0 2808.0 1.0
2956.0 3463.0 1.0
3282.0 3282.0 1.0
2029.0 2567.0 1.0
1657.0 2083.0 1.0
3119.0 3137.0 -1.0
596.0 4711.0 1.0
2567.0 3771.0 1.0
2076.0 4009.0 1.0
253.0 3428.0 1.0
2440.0 2982.0 1.0
2183.0 4813.0 1.0
3864.0 4722.0 1.0
3872.0 4300.0 1.0
2980.0 3877.0 -1.0
2455.0 3642.0 1.0
2776.0 3649.0 -1.0
3665.0 4486.0 -1.0
2752.0 4842.0 1.0
3222.0 3283.0 -1.0
1333.0 3501.0 1.0
2781.0 3403.0 1.0
2367.0 2455.0 1.0
2401.0 2440.0 1.0
1132.0 4348.0 1.0
2508.0 3562.0 1.0
273.0 2186.0 1.0
171.0 1315.0 1.0
406.0 1937.0 1.0
2497.0 4546.0 -1.0
2313.0 3948.0 -1.0
2480.0 2540.0 1.0
663.0 738.0 1.0
4630.0 4773.0 1.0
2845.0 4064.0 1.0
2275.0 4611.0 1.0
236.0 3211.0 -1.0
3642.0 3886.0 1.0
1331.0 3184.0 1.0
2407.0 2588.0 1.0
2818.0 3748.0 1.0
2076.0 2310.0 1.0
2871.0 3211.0 -1.0
171.0 2803.0 -1.0
2430.0 2964.0 1.0
751.0 1657.0 -1.0
970.0 2540.0 1.0
1831.0 3495.0 1.0
2467.0 2871.0 1.0
1396.0 3064.0 1.0
1051.0 3399.0 1.0
2183.0 3345.0 -1.0
2347.0 4344.0 1.0
761.0 1617.0 1.0
2785.0 3940.0 1.0
985.0 3125.0 1.0
1396.0 2109.0 1.0
423.0 2546.0 -1.0
2310.0 2762.0 -1.0
3125.0 4222.0 1.0
1237.0 4519.0 1.0
1478.0 2282.0 1.0
2755.0 4023.0 1.0
2518.0 2756.0 1.0
166.0 3095.0 1.0
4428.0 4852.0 1.0
4228.0 4339.0 1.0
2111.0 2650.0 1.0
3042.0 3408.0 1.0
2117.0 3929.0 -1.0
3107.0 4263.0 1.0
2407.0 2905.0 1.0
1042.0 3381.0 1.0
1387.0 2081.0 1.0
2921.0 4676.0 1.0
3141.0 3150.0 -1.0
738.0 2496.0 1.0
1475.0 2099.0 1.0
1706.0 3163.0 1.0
2562.0 4487.0 1.0
171.0 4052.0 -1.0
2401.0 4626.0 1.0
2131.0 3042.0 1.0
3283.0 3354.0 -1.0
1136.0 2215.0 1.0
2606.0 4064.0 1.0
1547.0 3671.0 1.0
1463.0 2066.0 1.0
2773.0 3306.0 1.0
98.0 2818.0 -1.0
1265.0 2785.0 1.0
738.0 4711.0 1.0
2467.0 3938.0 1.0
3298.0 3354.0 1.0
2633.0 4044.0 1.0
1903.0 2252.0 1.0
966.0 2167.0 1.0
2355.0 2815.0 -1.0
3318.0 4386.0 1.0
1657.0 2596.0 1.0
2109.0 3125.0 -1.0
1924.0 2326.0 1.0
3032.0 3147.0 1.0
2818.0 3857.0 -1.0
1326.0 4760.0 1.0
3306.0 3551.0 -1.0
789.0 2437.0 -1.0
1992.0 2646.0 -1.0
761.0 4323.0 1.0
3994.0 4064.0 1.0
758.0 4323.0 1.0
4055.0 4059.0 1.0
2830.0 3906.0 1.0
1943.0 2685.0 -1.0
4503.0 4723.0 -1.0
851.0 2361.0 1.0
2109.0 3031.0 1.0
190.0 1265.0 1.0
2990.0 3070.0 1.0
2601.0 3137.0 -1.0
204.0 1381.0 1.0
3070.0 3630.0 1.0
1029.0 3141.0 -1.0
3162.0 3863.0 1.0
492.0 3349.0 -1.0
85.0 2092.0 -1.0
3184.0 4581.0 1.0
30.0 2200.0 -1.0
708.0 2582.0 -1.0
2856.0 4307.0 1.0
2694.0 4002.0 -1.0
2208.0 4749.0 1.0
856.0 4764.0 1.0
2238.0 3057.0 1.0
2546.0 4145.0 1.0
2567.0 3141.0 -1.0
2308.0 2496.0 -1.0
268.0 1221.0 1.0
1182.0 1788.0 -1.0
1726.0 4007.0 1.0
