80
1034
1734
1209
2160
1100
147
2095
2077
1927
1857
2293
1706
613
445
1170
858
2879
72
543
3626
2938
1426
583
2531
1220
2921
194
4267
1154
2648
2376
1995
1926
59
967
1779
4590
3363
350
2808
2049
1433
329
3311
2115
4162
2803
3302
1314
415
840
3317
1106
4055
2345
1588
934
2032
1984
98
4240
493
3144
1059
2349
1355
1473
1094
2210
3701
385
2040
62
2308
2177
4220
3139
540
3727
1261
749
2005
1892
2190
1533
8
842
1351
1144
3087
1296
2128
2877
1800
140
3610
560
758
670
2517
3467
1213
2239
309
1275
2361
561
2162
1681
3359
1239
1835
886
2901
1148
2713
1762
2065
2306
1252
396
1626
3103
368
1202
256
1430
3098
129
682
1356
288
1671
653
2749
3115
369
474
1604
1107
2223
2737
3363
1352
497
2102
2496
479
2578
325
39
4727
704
1982
2145
4380
275
2770
203
1742
2575
385
2603
1315
1999
500
570
2257
2106
1242
3044
1328
112
1101
742
2637
216
1370
4349
1613
1464
1559
372
3715
76
146
1564
907
1645
1719
2361
1761
1832
371
810
3039
25
247
1680
1348
3055
2398
2813
1377
1955
1252
714
2567
1355
681
1897
1668
57
3662
393
1845
19
622
2929
685
2392
3263
1264
3163
1462
711
2918
3775
1288
608
1587
494
673
2102
20
2885
1794
322
1751
4105
680
2229
477
2358
91
218
501
2453
2122
1539
1331
2125
61
2645
1303
1123
19
4012
3486
95
3816
1713
534
971
2071
1756
293
343
3792
308
893
3563
2288
736
104
1796
901
2756
436
2060
3024
2646
2678
1474
815
4065
1575
622
2343
1351
2514
1073
438
3843
779
383
467
1149
2546
1930
4309
2147
1281
763
3101
196
3683
639
372
506
859
1205
2189
318
2749
1315
4673
1781
801
1469
698
381
4073
1655
1298
333
1456
2240
2279
2012
404
461
216
2817
2260
849
3674
1135
1816
1593
663
949
2648
696
2795
2569
1611
2824
1568
100
527
1689
45
1065
988
3631
2249
2540
2719
77
806
7
2255
331
91
2952
2313
1926
3172
2110
2321
110
1196
598
2978
2064
814
3114
1828
1727
53
4351
305
1082
1811
2705
200
1257
2006
786
3019
117
1302
90
1804
2706
1196
473
3890
175
3861
3630
2070
2197
3510
961
1799
3209
602
1241
1033
410
1168
291
1833
573
3030
3556
2656
218
653
1497
1701
1151
1347
454
3856
3935
693
683
61
213
837
93
1589
949
3966
623
1217
17
2054
143
4568
2820
4572
1658
3083
2570
347
1283
1165
1623
1269
1425
231
1766
1243
3137
840
1819
792
1003
3513
1083
2303
1925
2290
3491
4067
3384
2217
3553
2215
786
4418
1317
2116
864
1553
2259
3100
416
2145
312
510
2158
1258
1130
629
2614
115
1832
1076
4073
651
1092
203
1174
595
2879
480
536
270
3247
1251
2646
45
1504
1715
3201
3159
3138
307
2868
2610
1953
767
1264
1462
3591
234
4314
156
1800
2547
3081
618
191
1746
3865
2717
2579
2549
1308
3583
3322
611
1076
639
1403
642
1567
676
1897
486
899
903
1185
3400
3732
3580
983
1221
1656
3981
852
1777
4036
296
1089
1215
1215
84
890
536
1542
2380
1052
4585
1452
3482
787
1909
363
2307
1723
1989
3213
3114
558
1326
845
1185
296
1499
1797
85
1163
3493
2037
2401
2015
4293
232
1929
2037
3778
2537
760
81
55
3590
1372
443
3571
392
447
3490
238
1185
2199
1546
3156
2684
77
3580
1089
222
419
895
1011
1437
962
3362
1282
527
1798
744
338
137
158
662
2951
1201
592
565
958
1402
710
2255
399
354
348
2650
916
2027
1695
1347
1474
399
2952
4375
1205
30
1815
1347
222
1436
69
3212
3233
1859
1985
2104
3298
4152
1283
249
2679
3631
981
1606
4561
643
162
1149
1238
3175
3496
1997
889
1123
1868
597
2575
3202
493
1462
2739
2547
121
3209
3443
2537
143
1490
1018
1320
1137
1066
50
1069
3447
1727
460
4263
2474
4166
813
1753
3111
512
1597
2830
1245
47
2455
773
2821
587
1718
1653
191
717
334
523
1114
1620
644
543
1903
551
2356
3063
1711
727
721
1121
1191
276
75
1870
3065
1155
651
808
2867
1279
1091
991
1303
2292
699
1539
2966
1287
1981
126
2008
576
2396
3706
1946
343
2547
1735
3314
998
1741
1922
77
252
3069
186
635
2567
2223
507
363
2955
1884
4534
1795
1953
2033
1797
0
2277
2799
480
2094
237
3057
540
2153
2482
3249
818
902
1471
2390
2614
3670
3202
418
483
3359
820
3711
2526
1624
720
2830
155
1616
1985
2600
962
1352
4266
676
1958
1903
3171
597
2363
1777
1429
1163
2875
1895
2396
3761
2323
1858
2288
700
2348
1568
3823
2376
306
1207
931
113
3388
149
1441
1886
2451
1000
3050
1871
134
1086
1729
120
3532
4616
130
2433
128
1102
100
356
1805
1701
65
3015
1761
210
2019
2122
3815
409
409
531
2764
3138
561
153
114
935
3103
1692
228
429
2496
2013
1472
1767
808
49
1172
715
1025
3729
3822
3120
1311
2086
1239
3549
1157
1947
693
915
418
2235
262
2610
1126
2811
3058
3568
1431
634
3560
2289
1519
378
2253
520
4372
2370
1977
701
260
815
589
278
2829
4006
1889
245
3460
940
677
1060
3979
83
16
873
900
1865
2355
503
2972
148
684
1878
3613
4381
3132
3196
4410
155
3217
1185
443
2130
472
1005
2741
358
1320
152
422
2070
207
772
1220
1210
4023
906
201
2110
1040
1711
4070
2731
2859
597
2486
2419
262
2686
1137
2890
3861
170
124
3078
1753
19
2132
3565
3375
2432
711
1051
3434
1032
594
546
2939
831
133
2955
2408
179
1183
2345
2316
3524
1877
3638
215
1871
4575
2413
302
34
1135
244
1352
403
1421
2660
2739
245
1412
2277
92
510
55
142
2615
701
291
1033
1850
884
2462
4659
1707
3719
3417
3277
1697
708
843
375
2708
2972
2665
987
805
2849
2288
836
1297
1553
596
230
1128
2853
603
430
369
1565
2629
2428
1762
654
2532
993
131
3861
2086
813
2610
2328
955
1151
1082
570
344
1501
2480
1355
3431
2232
2335
314
1940
1667
149
2835
3407
2761
1615
2995
34
2427
655
2347
2205
1816
1562
15
1795
1877
4435
854
279
1677
1241
3590
2618
3110
2030
184
42
206
167
1338
37
3902
2512
2482
2230
1965
1360
1259
3094
2715
1067
586
3388
3737
3232
4020
784
2871
1400
948
2276
559
1599
2023
3501
901
1163
987
1844
1387
386
3839
2665
552
2868
3351
386
626
1208
1726
1400
1668
2936
2610
1608
1485
364
791
4039
1214
1791
256
524
1680
1814
158
141
985
2325
241
3278
709
2525
4113
1772
918
1161
792
1111
237
1916
1101
533
2820
3170
83
1494
252
1195
298
838
463
2053
1140
438
470
962
2692
275
2112
193
2568
306
2465
429
175
455
291
1465
423
272
3257
643
301
1279
1067
522
2088
2628
1053
958
584
3789
4505
1610
2371
2090
997
2956
2369
3640
1303
1470
1120
750
2112
24
1295
608
142
174
607
1467
1065
743
2824
1017
3438
573
3
724
2495
2931
2993
602
713
1259
1682
1220
1977
1067
2370
89
2206
578
3187
3364
2326
3246
1763
2020
966
856
1081
2359
3185
641
368
214
2011
1244
370
2023
44
97
1
2067
684
2662
15
1595
478
1526
3288
181
5
6
476
339
3909
387
17
1293
2185
3692
2305
739
3636
794
2402
1696
