117
3373
4428
4431
3621
3527
2894
3273
2711
4880
3191
2646
3610
1007
1338
3137
2061
4799
2352
2070
3956
4751
4639
1176
4770
4134
4385
3359
4533
2254
2808
2449
3936
4108
1549
1087
4850
4645
3966
4553
4247
3016
2408
1691
3364
4582
4647
3177
4606
1524
4127
1447
4664
1420
4903
4156
2557
1173
2929
3405
2751
4322
4374
4137
3291
4220
1421
3401
4908
4824
4307
2358
3651
2817
4781
2898
4540
4772
1491
4156
4538
3791
4091
4537
3186
3383
3489
2219
4062
4640
4381
1894
2308
4076
2068
4116
4194
1861
1316
3902
4466
3821
3698
4621
3169
1853
4535
4644
2431
4549
3649
2539
3232
4139
4437
2396
3801
2939
2462
3662
1659
3336
3357
3714
552
2214
4499
2514
4527
2172
3454
4310
367
3710
1935
4443
3426
3284
4176
2653
3646
2727
4802
4769
4334
2780
4247
3140
4283
4644
1174
565
4735
2833
2367
3687
4907
2813
3576
871
4429
4273
1159
3317
2680
3295
2896
2728
4197
4613
2604
3297
4612
3924
3121
4019
3551
4735
4675
4354
2329
2033
2274
512
3978
3845
399
3987
4612
4378
2963
3239
1927
3234
2609
1587
4367
209
2102
2728
4879
3962
2507
3252
3432
2830
2799
1785
4455
3814
3296
4635
2750
3443
4611
978
4223
2455
1032
4512
1601
4565
4696
3981
3576
2788
2396
4662
4270
2863
4157
2166
3441
3684
3806
2227
4898
2259
457
3722
4214
2091
3053
4240
3181
498
3244
2739
2699
2429
3106
1788
3439
2127
2674
3558
3975
1547
4637
4005
1559
4811
4597
2223
4595
3346
3867
1402
3899
3836
1591
2179
4427
2926
4634
4439
3198
1757
2936
566
2614
4299
2897
2992
4216
3025
4461
4044
3047
3192
4493
2519
3655
630
4705
4432
792
2812
2634
4230
2900
4611
3730
1680
1660
4815
4267
3810
4709
4272
523
2258
1407
4092
3276
3992
3040
4693
3526
4107
2597
4068
4266
4447
3329
2361
4847
2881
4439
3339
4579
2915
625
3730
3405
4066
2238
4078
2716
3831
1994
1720
4146
2792
2972
4774
4269
1741
3981
3219
3831
4699
2282
1883
3024
4910
4629
3392
3023
3378
3996
4195
2082
2986
4543
2176
4814
3920
2636
3202
4314
3163
1360
4089
1423
4740
4079
2306
3515
4768
2532
1981
4839
1714
2851
4443
4691
3105
3293
4158
3165
4329
917
2276
1403
3580
3564
2550
3197
4151
2432
4468
3815
3862
4198
4059
4658
2918
3869
3674
3759
4093
2788
2366
1577
2884
1152
4209
4259
4092
2047
2081
4578
2450
4169
4885
4350
4480
4149
4743
2911
2616
351
1230
4091
4620
1181
4360
2089
3573
2611
3876
3731
4582
4161
4797
1759
4621
2955
3636
2871
1641
1822
2584
2415
349
2925
3061
4351
1072
3307
1017
2317
3808
2911
2674
3905
3489
4888
4336
4626
4786
4203
2225
2333
4504
2035
2708
4296
3012
3659
3744
3775
3270
2266
4813
3754
4223
2699
1008
3484
3993
3689
3992
4663
2966
1630
3031
2147
2348
4179
582
3523
2415
4822
4483
4451
2594
2171
4794
4474
3496
3380
2075
4161
4463
4650
1043
2690
3342
4848
4368
4366
2165
3304
4292
4020
2594
752
2713
3972
3721
4262
4593
4678
3710
4684
4483
1347
1189
2191
4322
4508
757
4283
863
2030
1339
3339
3876
3878
4353
4663
2613
2140
4778
1972
3270
4428
344
3246
3502
1777
1951
3132
4797
4211
3287
2983
4665
4723
4651
4875
3513
2960
4377
4537
4643
3800
3651
2919
2020
846
3641
365
3936
3757
2237
1316
4855
2823
3819
3295
4474
1496
2553
4217
4563
4421
1477
3436
1556
3896
3812
4624
4498
1375
2568
4866
3741
3754
3764
3585
4451
4528
4453
3678
2113
1486
2234
4842
2262
4644
3047
4595
2896
1470
3275
4016
1737
197
2276
4423
4882
2504
1546
2829
4135
2526
3872
3218
3869
3957
495
4211
1569
2248
1823
4230
4028
536
4690
4544
1432
982
4100
1798
3974
3377
718
3739
3266
3530
2680
4455
4210
4277
2602
2362
3781
3910
1796
4725
4639
889
4085
3075
1476
3567
3676
2954
1801
2764
3003
2882
4831
4038
696
3394
4215
2549
2044
4635
4719
4820
4003
2394
1632
3879
1438
3976
3536
2023
3474
3653
4598
4572
4471
4318
4802
4131
4543
2604
3093
4125
2731
2456
4001
2879
2937
3782
4353
4088
2963
1713
3333
2071
4257
2645
870
2738
4017
2735
4169
4370
1830
1320
3114
3393
3495
1237
3236
4494
3501
4842
2041
4034
3496
1786
2057
4191
1970
2305
2842
4315
4608
3887
3846
1001
3374
1102
2803
3828
4558
2851
2825
2515
4142
3517
3890
3328
3109
2173
3191
493
2265
3925
2431
2265
1906
4056
4095
4838
2908
4756
4108
2419
4255
4425
4670
1197
3397
4448
3472
2991
3649
3690
3894
4304
3450
1683
2798
4729
4383
3457
2436
732
4187
1626
4380
3836
2739
3065
4260
328
3364
4562
4387
2827
3562
4535
872
4607
2018
3710
2645
4036
2235
1471
4730
4049
4334
4179
4701
4332
3780
3723
4155
2867
4873
4608
4286
4276
3102
3731
4048
4822
499
2934
2430
4325
2516
3107
2818
2053
4213
2731
3383
4470
4703
3013
4750
3675
2493
4497
412
2135
3277
2347
4066
3033
1663
3763
4737
4469
3656
2855
4897
2906
3977
3790
3039
4594
3248
4882
4668
4160
669
4024
4480
1585
2251
1636
1010
3652
3291
1621
4503
4907
4859
2751
4849
4635
4151
1731
2054
4422
3839
1017
4731
635
4072
3968
3673
4114
3690
2510
2146
4059
3306
2566
3322
3971
2450
4457
4286
3784
1070
2842
4599
2451
4754
2874
4163
2890
3360
4128
3092
4097
2254
4086
1483
3238
4649
1937
2519
4148
3786
4708
746
1131
2232
3789
4640
3279
3894
4763
1482
3515
4030
657
3588
1160
4810
3108
897
2617
2127
948
2155
2622
2217
4623
2308
4311
1064
601
3265
2517
4505
4270
4317
3918
699
4573
4717
4393
3873
3150
4385
4416
2309
453
4111
3223
1601
3995
4149
3736
4901
3544
4702
4815
1598
927
2686
3548
4829
583
3793
3461
2839
1198
3662
3598
4747
3486
4524
1459
1883
4740
3794
4788
1902
1876
1076
2307
2309
3044
3554
3766
2655
1591
3188
4011
1057
770
4155
4429
922
2403
4340
4146
2224
2994
4888
3027
4235
3595
4662
3240
4534
1521
468
2768
3319
4246
4847
1549
4746
3746
4297
4055
4245
2801
705
1591
3206
910
4498
986
4830
4395
2772
1846
3005
3645
1438
4709
4910
2748
938
2934
3237
1765
1941
2020
4225
1622
3523
4686
3169
3943
4127
4642
4278
2826
2747
3291
4333
4154
4257
2571
4608
3475
2544
2722
2546
4261
3523
3197
1245
1921
3993
4848
4524
3622
2532
4086
4130
3776
3412
3796
3519
3014
3264
1560
4065
4902
4905
3259
3221
2615
3157
4286
4256
4404
3730
4322
3606
4186
4310
3712
4858
4584
3939
3997
2301
3749
2730
1672
2825
4169
970
2333
1083
2869
2421
3505
4009
2689
3319
3316
4087
4677
3299
3333
4152
3400
2167
4273
3490
4783
2584
639
2325
4049
1912
1834
2217
2997
2344
2903
4422
4614
3549
4011
3901
3796
1190
3277
4827
3363
2634
4816
4429
4380
2056
3660
1385
1998
3992
3468
3807
3698
4543
3124
2139
2582
1696
4588
1305
1284
1809
3674
3417
3520
2654
648
3567
920
3813
4388
2767
689
2683
4291
1351
1981
3776
2945
1056
3677
4487
1512
2251
3763
1702
1160
2166
4641
4891
2108
4790
4688
2102
3275
4880
4377
1796
2517
1978
3387
2414
4352
4573
4624
2885
3584
2238
3354
3809
2057
4849
4592
4265
4830
2005
3908
2987
2999
3474
821
4198
4907
4344
2495
2223
2494
2667
3056
2731
2265
4425
3371
4802
4112
3356
4389
1113
2351
4627
4419
4770
3241
4773
1057
2863
3577
2722
4911
1777
1315
2694
2338
2674
2667
4386
4224
4174
2804
4767
1039
1114
2563
1654
3911
4803
2934
797
3841
3387
4858
2863
1083
3678
4179
4381
2734
