3175
3691
4080
2484
1577
1849
1537
3926
3941
3462
3445
3924
4686
794
4895
2299
4370
1595
3679
1107
3399
4007
3694
4614
3058
3848
1855
2806
1567
4162
4873
2555
1960
4268
4196
4241
2781
4846
3111
3816
4036
3535
3541
4036
4639
800
2598
1897
1621
2578
2947
4871
2884
4177
3214
3863
4737
3083
4256
1611
3703
2797
4856
2737
3003
4853
4803
4580
3919
4157
4868
2963
3777
2030
1937
3548
2879
4193
3972
4729
3139
4336
4464
3303
4905
4395
2206
3128
4267
4845
3309
2475
1046
4722
4609
3351
2193
939
4611
2055
4119
4730
4324
4656
3309
2584
1883
2435
4336
1399
2833
4171
1518
3170
3681
3721
3392
3909
3165
4553
1303
2656
2215
2232
2780
1001
4803
4124
2784
1900
3547
4650
4600
4601
4893
4060
3463
4673
4236
3118
4215
2846
4432
3939
2208
3350
4830
3836
4508
1232
2492
3665
3351
2696
2359
1492
3903
3436
3253
882
2952
3411
3501
1423
1420
2591
4031
4429
4473
2556
1905
3369
1857
4775
3636
3702
2334
2811
4783
1892
2222
1485
3750
4715
1187
4204
3894
3332
2529
4734
2746
1060
4645
4354
4683
3567
744
1047
3969
2199
4319
1687
4676
3134
3314
2208
3583
2555
2104
4329
4023
3303
3875
3908
3301
3598
3552
2184
2537
4551
3151
2852
4483
4330
3368
2731
3652
4624
4534
4331
2367
2724
4670
4317
4795
3811
1297
3085
2078
2582
1427
3848
4234
3218
1886
3751
4287
2257
948
4809
3832
4527
2060
4844
2111
2646
2821
3126
2922
1697
1856
2375
4268
4573
4456
1884
2712
1613
1951
4106
3960
1937
3045
4114
1502
1202
3758
4545
4685
1451
2109
2142
3758
3807
1903
721
3034
4530
3723
2189
4666
2304
4206
2328
4818
1911
1211
4716
4319
2545
3866
248
2913
455
4904
3875
3938
3950
1244
3781
3693
4647
2637
146
4559
3550
3031
1774
144
4286
2753
4882
4545
4131
4120
3518
3670
2017
3896
2426
3931
1917
2542
2567
2788
2808
3869
2935
4672
4642
3240
2396
4806
4592
2394
3744
989
1465
4451
3265
3900
4136
4880
827
2957
2558
4122
4806
2811
4895
2562
3644
4471
4441
2609
3624
3463
4284
668
3501
3474
3260
2993
4678
3705
2886
3278
3421
2706
4897
4476
4909
4836
2678
3354
4021
4617
1597
4908
1759
4194
2636
2507
4288
1440
3033
4578
3034
4201
2500
2544
4107
3201
4277
2662
243
3905
1955
4215
3668
2905
3224
969
3294
3013
4451
2068
4597
4832
4640
2271
3710
2645
4506
3333
2054
2056
3394
4564
4139
4773
4834
4558
2833
4891
2715
3210
3245
4084
4815
3564
4801
3013
4281
4588
4845
4828
4541
4824
1434
1832
3474
4597
4552
3138
2215
4435
4828
3377
3648
4268
4774
2242
3957
4093
2266
3776
2861
2868
3720
4209
4638
1913
3769
1428
4867
3619
3681
4655
3202
1687
3696
2917
4686
3056
2442
4687
3962
3786
3803
4599
4766
4646
2553
1989
2738
3247
3864
3087
3724
4599
4870
887
1799
4112
4335
3212
2682
4809
3167
1249
4045
3646
4539
4622
4475
2624
4772
2470
4837
4284
2947
1879
4699
3663
4274
1058
1480
3399
4477
3018
2288
4544
4891
3471
2334
3023
3794
3511
3996
2080
4784
4441
4085
1375
1108
2948
3708
3779
1467
1101
2707
4450
4261
4420
4744
4154
4278
3225
4415
4907
3357
3632
1515
3092
784
4483
1579
3421
2053
4033
4158
751
1166
4548
4110
4674
4691
2535
4474
2636
4093
628
3543
4056
3794
1368
1818
4827
4812
1129
2682
3141
3126
4031
3736
4662
2790
4387
1340
4855
2211
2664
4183
4093
4324
4504
2446
4894
3452
2459
4260
4319
4122
3331
4166
711
3633
3034
3008
688
3025
4825
3973
2978
3804
2772
4031
3106
4751
4684
1780
3009
4737
4152
2943
4663
2122
3964
3280
4710
3614
2794
4187
4399
690
4295
4313
2969
3971
3321
4425
635
3128
3416
3083
4406
902
3834
3321
4726
2817
4479
3120
4572
4858
3878
1931
3155
4612
2710
4241
2931
3027
4003
4276
4056
4106
3989
4389
4031
3021
1463
4495
2683
3898
2561
2727
1003
1382
4491
3759
2948
4824
834
3944
2643
2136
4624
3009
4906
4031
4244
2410
3275
3991
4895
4192
3266
3985
4649
2069
2484
3856
4051
4556
4623
4363
4686
4533
2660
4689
3535
2589
2008
3393
4156
3935
2646
1061
897
3460
1454
3593
2633
3404
4244
2319
1531
3754
2872
4513
3054
3669
3324
289
3765
3853
3423
3340
3476
2297
2796
3823
1863
3775
4352
2760
1262
3379
4709
3588
2533
4172
3878
3395
3639
2788
2007
4390
4113
3338
4061
2531
4030
4661
3265
2574
4599
1875
3815
1412
3708
293
1391
2643
2328
455
4667
3577
1928
3014
3445
4376
4396
4476
2544
4615
3240
2673
4656
4895
4638
4483
2796
3309
4832
4307
4701
2671
880
772
3954
3179
2156
3154
1020
1451
3339
3983
4640
2202
3772
2801
833
3320
4641
2064
1015
3995
2594
3838
871
1718
3205
1753
2318
4854
2473
3036
4498
1239
4051
4343
2217
4608
4820
2998
2426
3474
1937
2596
4143
1732
3366
2743
3375
4354
2675
4821
2676
4833
1063
1566
4251
3504
1676
3247
3786
946
3578
1892
2578
3487
4307
1967
1353
3337
3993
1726
3216
2749
4190
2724
3754
1887
1746
4222
2962
1621
3740
4557
4431
4705
4092
3679
4807
3132
4832
2751
2789
3954
4886
3735
3969
3401
3100
3328
2441
4143
4586
3327
2997
2359
1994
3031
4694
1199
2545
3799
3716
4097
4584
2724
4714
4187
1578
3484
3632
3282
4694
4288
2832
1277
2386
4688
3564
1857
4615
2528
2864
4669
3402
3310
4517
2487
2110
1514
3029
3854
3083
3947
4765
3968
4326
1514
2017
4035
420
3890
3949
4385
3095
895
4652
577
3789
785
4702
4256
1882
2155
4644
4873
3941
4094
4698
3139
2353
3049
3021
4366
3986
4742
3389
2166
2991
3579
4874
3322
3476
2752
4436
4803
3767
680
4457
1180
3002
4613
3585
2849
3180
4223
2578
392
3363
3926
665
4611
3487
4307
4706
2107
3488
2955
4533
1133
4704
3455
3159
1960
2394
4225
205
2256
2398
1142
2268
3803
1129
4830
1085
4152
2534
4758
4218
1818
1631
4732
1993
1105
4646
2956
4907
3655
4301
4838
4318
4502
3473
3043
1987
1511
4721
4813
56
2085
831
2876
4643
2271
4495
3777
1295
4359
2116
2428
2202
4658
1910
4589
1544
1931
2735
3750
2469
1655
4046
2444
2556
3399
3709
3193
3587
4306
2671
4749
3654
2254
4111
2629
3355
2078
2786
3198
1628
2286
3019
2987
3500
4857
3420
4656
4649
2989
4412
3388
4168
3831
2894
3682
3601
4317
3340
509
4330
2025
2900
2069
3369
1801
3717
2887
4585
1401
2529
2637
4648
4430
4601
4631
424
3851
3809
1778
4688
1341
2022
1840
3707
3672
3834
706
2871
4629
1135
3134
3501
1780
4695
4494
3974
2008
1723
4660
4613
4106
4240
3162
443
4879
3290
4538
4651
3017
445
3793
1553
4219
4403
3548
4741
4563
4368
3731
4057
4886
3747
4046
4321
1426
4719
3435
4089
3500
4554
4688
989
2704
2249
2831
3659
4601
2857
4476
3006
2930
4114
4138
4893
1237
4101
2700
3452
2086
3443
4826
3236
1549
2189
2714
4568
3017
4741
2952
1076
3524
4482
2674
4303
4508
1743
2996
3930
3448
1506
3146
808
2027
683
2507
4497
4882
3309
3727
3881
4093
3764
4601
4552
2980
4737
4048
3086
2392
3218
3899
4811
4661
1441
2713
3984
3949
4884
4396
2637
3163
2782
3874
4519
2586
4754
3908
2116
4219
2393
3499
2993
2016
2275
4062
1823
2753
3745
4098
1656
3570
607
2904
2429
2532
4335
3656
4042
2373
3394
4012
4070
4853
3062
4626
4238
3248
4596
3720
4527
3659
3642
1261
3549
2964
2679
1547
1884
4393
2070
2108
4688
2885
4805
4483
4559
3188
2585
1856
3732
3888
779
1935
4311
3155
4816
4169
4451
4676
1417
4220
4153
2552
3513
3332
1151
4401
4683
3913
4036
1503
3971
4291
2382
1124
2170
3860
3581
4094
4641
1525
2424
1472
2994
1817
2950
3708
3175
4001
1053
3153
4535
3446
1626
4359
4610
3787
4316
4235
3929
3694
4874
4743
3052
4743
3059
4691
1988
2728
2736
4185
1863
4569
422
3218
2168
4570
2300
1414
2820
1673
4882
3999
4177
4880
1770
4855
4891
4833
2895
765
1156
4684
4640
1795
4126
1254
4595
2891
4681
4860
3059
1202
4591
3081
1611
3057
4438
4333
2155
2110
4821
3026
3563
4648
3839
4616
2494
4606
3754
2425
2458
4890
3555
3320
3267
3620
4523
2578
4748
3631
3575
1455
2008
3095
3841
3229
3970
4843
4231
3512
3270
2624
1908
2262
3100
3584
4104
3207
605
3559
1907
3721
4259
3962
4911
3599
4718
2795
2152
690
3929
2181
773
2711
1570
4835
2223
4350
4708
2200
3033
461
4125
2915
2944
4160
3091
4657
2634
4762
2159
2961
4035
3180
1385
1765
2569
4320
2803
3678
1949
2122
1235
601
3088
1150
3383
4618
3224
3445
2388
2934
4482
1361
4126
2400
2569
4838
2767
4703
3198
3679
4246
4210
2591
2159
703
2461
4256
3597
3807
2157
3189
720
971
4519
3828
3419
4152
3082
3944
3305
2461
1393
1552
4517
3544
1772
1237
1914
3742
1843
1598
4182
3468
1389
4202
2750
4287
3208
4735
2061
3981
765
3990
1491
3747
2609
3884
2067
3231
3039
3988
3230
4882
4254
2065
4500
4721
2353
3847
4202
784
3237
2364
4789
1216
4699
2744
2950
3276
4446
4768
4129
1751
3171
3552
3870
4205
4316
2296
2338
1502
3142
2683
1197
3339
1858
4301
2449
4334
2730
3900
4297
2335
3835
3629
3893
1884
349
4357
3497
4761
4069
4523
3941
1054
956
3498
3172
1306
4647
4055
2639
4438
4353
4775
1341
483
3150
4768
4535
2844
3384
2078
3271
4265
531
4817
2655
4633
4487
4268
4225
4230
1665
3142
3021
4176
2404
4767
3143
3253
4610
4244
4200
4243
4629
3351
4231
4837
4687
3800
2241
1929
1302
4407
4031
4583
1676
3888
3234
4864
4847
3256
4291
4759
4709
1154
4902
3131
3907
2838
2289
3045
4264
3332
4202
2039
3086
877
4178
612
4682
4366
4463
1026
1458
2329
2853
4662
3737
3764
2621
2005
1288
3868
4274
3739
2442
1980
2516
778
4800
4499
1009
3520
4214
4643
4633
2812
622
4846
4860
2285
4177
4614
4771
2957
2559
2989
4366
3560
2999
4733
3856
2444
341
2022
4853
1937
4365
4405
2874
3743
4729
2261
4570
4708
2730
3757
2738
1611
4657
2633
4537
2746
3369
4631
2026
2384
4347
4433
1734
4735
4567
3458
1276
4840
3785
1564
4858
3412
4386
2274
2642
1857
2605
3429
3727
3451
2107
4671
2270
4542
898
3896
3453
1552
836
1362
3225
1006
2111
2579
1066
4290
4842
657
2793
3254
2426
2648
1251
4765
2808
3036
3132
2863
1990
2497
2411
385
1898
3282
3179
2559
4114
4508
2267
4075
3217
839
3838
1094
3789
3774
4690
4741
2435
4541
1127
3661
4614
647
1769
2913
2450
2035
4343
4459
4227
4038
3700
3494
3664
3939
2618
4422
4055
2929
2412
4910
1451
4370
4276
2078
1520
3936
2610
3368
1195
2872
3089
3467
3766
4635
4445
1520
4201
3034
3501
4795
3815
4108
1689
4633
4897
4199
2767
4613
2577
3293
4795
732
4850
4475
3827
4016
4628
3798
3728
3649
2535
4587
875
3756
3701
1449
1683
3581
3339
3336
2904
4456
1817
3426
3424
1772
3601
3930
4907
2981
1330
4146
3708
3603
2317
4791
4544
4015
4389
1933
2779
4644
1456
4427
2844
3546
4409
976
3319
2375
2484
3300
3658
3998
4712
1419
3783
2791
4777
3516
3328
3929
4454
3017
4134
4289
708
2339
4702
1835
3668
1066
2858
953
3523
3524
373
2741
2577
2109
620
2143
2407
3488
3631
1179
2709
4778
4464
1739
4573
1169
3953
3127
2960
4577
745
2970
4307
3004
2805
2408
4000
440
3269
3508
4772
4197
1016
4632
3049
1325
3134
3526
2155
2663
3525
4187
2445
3767
4409
3940
1488
3366
3127
3074
2443
4258
3050
2948
4210
216
4842
4242
1628
4484
4549
1434
2054
4442
4168
4690
4881
1989
2613
3090
4796
3860
2744
4233
3306
2945
4789
3901
2846
3986
932
3929
3066
3948
4856
4295
4316
2200
2809
2488
3437
4441
3143
944
3382
4264
1879
1481
2753
3650
3969
984
484
3117
3156
4150
4443
2126
1979
4359
2509
4624
1013
2309
4178
2980
3654
4731
2948
405
2163
3330
3438
3405
4436
2706
3900
2225
2391
3964
1189
4237
920
4833
319
3730
1572
4670
3831
4464
2736
4405
4723
917
3736
3154
3801
4351
1971
313
4342
1196
3911
2346
3942
4069
2608
4617
2197
3309
4680
3936
1839
1715
1134
3358
4241
2907
3744
4319
4545
1403
3354
1206
4064
3426
4038
4030
1559
4491
2450
4048
4049
3725
3502
4057
4653
3958
4124
4408
1903
3746
3002
2719
3956
4235
4233
3664
2610
4274
2843
3131
1824
3608
2153
4151
2360
3318
4383
4158
2133
3549
4892
1474
1467
4654
4546
4112
2764
4021
4716
1544
4606
4356
4523
3913
3421
3567
2755
4527
4003
4210
4069
4077
3155
4374
2694
3046
3790
3494
4771
2648
2007
2897
3804
4823
2220
4148
4908
3141
3386
4669
1251
4561
3773
3317
4768
4780
3852
2365
3679
2976
3856
1810
1326
2421
4023
3182
4193
3388
2478
4759
3687
3503
4716
511
3855
2040
4823
2945
3617
4833
3789
2537
2949
3347
2366
4343
2413
4383
85
4274
4664
3213
2688
3746
4367
3129
1730
1743
4687
3232
4385
2487
4332
2064
4260
3597
4463
3660
3526
2280
1758
4005
1441
4539
3528
4290
1009
4458
2411
2485
4411
3218
4911
3264
4460
4521
4770
2545
4546
3610
4027
3599
3904
3475
3453
3899
3507
4442
2869
648
3182
4403
4269
3200
3190
4314
3557
2024
3810
4362
535
1996
2746
2925
770
4193
2534
4194
3061
4841
1982
3446
1840
4840
962
4080
3285
4462
3165
2701
2313
3165
74
3833
4755
3332
2984
4212
4372
2312
4763
3392
3850
4208
2047
1048
2063
3986
3850
4345
4740
4198
2523
3132
3200
4906
3678
1474
4852
3968
2541
4730
4547
3438
3580
3597
3958
1319
3811
4787
3635
3776
1917
3041
4323
4022
3654
4591
2418
1083
3797
2556
4242
3378
691
1759
3255
4302
4684
4306
3616
2974
4495
1653
4096
3487
2275
1369
3038
4574
4618
1568
1805
3423
3553
3548
2863
2328
2950
2402
4409
3077
3940
4751
4385
3847
1955
2611
1819
3149
3496
1730
2558
3452
3019
4046
3961
4150
4707
4763
2449
2589
2588
3963
3066
3406
2464
2913
3755
2706
2764
2178
4497
2531
4362
4303
2908
4288
2265
2687
4214
3799
3759
4555
2894
2803
3834
2038
3601
4067
4427
4816
4017
3227
4471
4158
3146
4874
2258
2217
2474
3099
4548
4113
3593
3300
4654
3085
3900
2830
4856
1821
2355
3866
1430
4703
1829
4750
4125
4286
1075
3765
4896
4319
2252
2003
3579
3517
4020
4880
4321
3269
2412
3344
4218
4748
3217
3528
1831
4546
3279
4596
4497
2983
1897
4387
4243
3314
3375
3686
4373
1623
2216
4419
2808
2632
3816
2800
2206
3571
3062
4132
4806
3541
4890
1832
2742
3303
1276
3564
3497
3378
3479
128
2835
3546
2681
4624
3786
1674
3318
1511
4694
2751
1419
1843
3093
2330
2605
2422
2869
4609
3397
2425
3277
2878
3842
425
3444
3344
4299
2374
4134
4065
1360
3787
1613
3453
3872
3184
3687
1276
3323
2570
4211
3762
4615
1660
1974
4183
2007
3160
2858
1594
3175
4322
2802
913
888
3707
3366
4743
3692
4882
4862
4478
2647
4843
2461
3659
2471
1461
4058
3006
4192
3725
2831
2543
2409
3829
3147
3461
4383
2890
4358
2613
2701
3701
3955
4499
3524
3852
4280
4479
4095
3294
1981
4108
3228
1021
4418
1449
3666
3975
3577
4192
2758
3030
244
1728
4872
1648
463
4693
2365
2641
4596
3025
4558
2203
245
4257
1064
4086
3105
4879
4856
3949
2883
987
3670
4834
4854
4769
4038
4605
4594
4763
4067
2774
2507
4291
1366
4907
4500
4414
2075
4430
2277
4725
4786
2911
4674
1950
4328
2492
4402
1122
2142
1596
1750
4568
2920
4329
1580
3016
4747
2426
2295
4832
4386
4325
3938
3801
2398
4175
3235
3818
3325
4689
4529
2868
3941
4453
3559
3352
4039
4457
2738
3953
4483
3006
3613
4609
4847
3338
636
2577
3668
4656
1183
3883
3817
4590
4014
2331
3501
3501
1399
2862
2543
3875
2636
4773
3819
3426
4345
1773
2816
4813
4047
3409
3316
1099
1420
1073
3118
2338
4607
2128
2996
3099
4513
2487
4343
3095
2215
4356
2450
3259
1284
4060
4274
3882
3631
3437
1874
3970
4682
4479
4082
2240
2808
2596
4897
3243
4854
3994
3839
3220
3817
2185
4384
4447
3139
2867
3777
1667
653
619
3003
4666
3206
4172
821
1702
4568
1261
1123
2255
2563
2462
4199
4228
3744
2322
3778
1441
4810
467
2389
4031
2455
4403
4084
3618
4238
2427
1572
2101
2440
4315
4235
4581
3013
3920
3672
1461
3978
3898
4368
3021
1938
4854
3411
4466
4484
1931
4853
4851
3628
2308
4224
2523
4411
4107
4196
2562
2116
4507
4529
3873
3043
4495
4425
3775
4318
2788
3445
2692
2157
4601
4121
3151
1754
1298
1655
3898
2389
4214
2275
4575
3057
3338
3874
4488
4558
4210
2886
1325
992
3409
4212
4833
2736
3509
2527
3129
3327
4879
1027
4030
4351
1899
4584
4533
2772
2032
2725
1172
3323
3852
2990
4585
2126
2753
3269
3430
3536
4754
2589
3557
4621
1641
3090
1506
1041
3060
4767
3838
3045
3436
2486
2390
4402
3598
2223
4402
2339
1722
4543
4532
3126
4329
1489
2711
1785
3878
2106
4297
2882
2032
2985
2576
3146
4314
4624
3465
2267
1927
3472
3307
4716
4424
4521
2813
2336
4334
4672
4659
4537
4604
4224
1987
3691
3723
3797
3984
4289
4478
1054
3401
2381
3837
3186
3070
4667
2403
3051
1249
3608
3889
2658
891
4656
3994
2621
3780
3695
2008
4773
3607
4164
3660
4219
1710
1829
3303
4447
3033
1842
3533
1652
1170
3267
2085
1578
1008
3625
3702
1742
1930
3974
3795
4771
4848
3195
2824
4514
2918
2304
3191
3761
3727
2901
2483
4418
4319
2887
2666
4420
901
1769
3521
1980
1483
2551
4344
3896
4464
4324
3529
2304
1777
4043
3886
4389
4908
2591
4367
3028
1487
2768
4464
4835
2594
4390
3606
3720
4895
4315
4127
3267
4310
4264
2093
1223
3441
2723
1346
3234
1307
3593
4151
3447
2361
4295
4402
3829
3118
3377
2174
4763
2644
3516
4598
1136
1074
2253
1401
2031
4403
2001
3027
2672
1292
2369
2048
4686
635
4088
767
3993
3563
4325
3464
4200
3661
4530
4550
3573
2169
3363
4476
3716
3377
1678
4113
2704
4353
3904
4513
4065
3287
4558
4809
4495
4011
4378
2817
4353
4306
3578
4745
171
4905
3653
4899
3916
2802
829
4794
3873
1881
2383
4668
4388
4168
790
4443
4111
3037
3113
4283
4469
4607
4911
4722
4396
2009
4881
2792
3201
3547
3982
2361
1557
4350
1445
4255
3113
2568
4720
1984
3345
4310
3806
1540
4125
3676
3871
3612
3680
3844
4101
1751
3995
2766
1665
3848
3669
4393
3643
4891
1479
3683
2519
1228
4289
4499
4865
4565
2292
3251
4725
4413
4675
292
2668
4603
4761
4687
3461
4257
3633
3286
3941
2833
1555
4167
4641
4859
740
1891
4447
1538
3206
2368
2952
2295
4686
4401
2619
4864
4305
4739
4489
2481
2834
1879
3645
2706
3749
3424
4870
1007
2292
2727
2897
4211
3208
4400
1884
4363
2668
3920
998
2285
4025
2479
1358
2841
3371
4431
2785
3702
664
2923
1603
4732
4461
4083
4538
4528
2987
2497
3650
4725
4001
2075
2406
1725
1598
1133
1965
3406
4354
4161
2742
4626
1004
1201
3481
2104
4700
3107
2674
3381
4461
4688
3147
4600
2952
3979
2441
4688
1287
307
4494
1574
1467
1398
4564
2935
4888
1634
3825
4667
3432
2415
4425
4461
3229
4202
4094
4895
3844
4692
1990
4261
3221
905
4564
4538
3844
4258
3309
3811
2932
3238
1779
4771
2840
4774
3860
2857
4714
3940
2345
2142
2425
4277
2024
2321
3803
4574
4449
1934
1181
2898
4790
2483
4125
3338
1094
3078
1830
2431
1517
1457
2013
3552
3418
3879
3546
4542
2249
3104
1402
2794
3038
4611
2580
4581
4342
2679
2704
4469
3239
3175
3419
3676
3730
3970
3331
4758
1475
3822
4318
4759
2634
3842
3983
1672
3610
3882
4050
3781
3979
2608
2753
2373
4349
4539
4842
4135
3255
4745
4180
527
4558
4643
2288
2761
1524
3252
4873
4868
3006
2815
3532
2621
4553
1933
4298
4328
4309
4006
1915
2717
4845
3172
1592
201
2185
4064
3519
3419
3751
3274
3255
2908
2157
2614
4582
3836
2641
2156
4446
3117
1860
3835
4214
1428
1334
2793
4414
4156
3773
3580
4357
3733
3490
2314
3890
4226
1152
1405
1983
4268
2795
4706
4834
2804
405
4500
4032
4297
4804
3326
2397
3818
2836
4747
3562
4229
4506
3332
2394
3200
3829
3371
3798
984
2312
4275
4569
4758
4233
2813
2149
1352
4283
4475
3931
2364
2914
4043
3575
3355
3206
1991
1966
2548
2297
2614
4645
4423
1027
2906
4683
4729
1636
2662
2752
4401
3882
1821
2620
953
4197
2794
4267
4172
3731
3506
4677
3024
1572
2861
2456
3711
4269
4854
4717
2871
2006
2040
4748
4672
3350
4002
2150
4410
4851
4540
3169
4885
1010
2251
2975
4334
1114
4007
4823
3229
3532
4210
4578
2706
779
1241
2742
2094
3814
3896
1295
3599
4176
3459
4306
2465
4288
4324
3395
3574
2961
1459
1447
4260
3641
1758
2472
4648
4624
3406
4127
4104
2015
2225
3650
1393
4574
2115
3731
4171
1592
3760
1992
1802
2747
3155
907
2525
4047
3826
973
3822
3904
4553
2022
3858
2324
4362
3223
4797
3745
4491
1080
3876
4359
2693
4502
4433
4681
3314
4536
4395
3060
3800
4035
4479
4429
2814
4542
3262
1572
4498
4855
4378
3619
4725
2469
4035
3108
4686
3092
3725
3794
2746
4622
2923
4374
3814
2877
3414
3079
2750
1737
2038
2188
1701
4183
4380
3522
4484
2338
1261
1408
2434
3417
4029
4010
4753
3006
4768
4561
2061
534
3347
4514
3354
3828
2905
3216
4596
2419
2253
3238
3863
3493
2572
2009
299
1057
3025
1437
4577
4782
4648
4259
4181
3834
4583
1908
2948
2843
1834
3189
3617
2503
1232
4718
3871
3727
4024
1701
3978
4859
2605
3718
3984
4809
3683
3161
2637
4494
4502
2970
3653
3839
4413
3068
4552
3960
1005
3772
4537
3281
2106
4289
2627
1373
3569
2978
3281
3575
3705
4161
4358
3651
3270
2063
4768
3161
1116
4231
3043
2432
1131
3325
4347
3777
3689
4142
3274
4238
3170
4332
2321
3044
3173
3080
2655
4172
4869
2297
3886
3806
1637
4392
4549
3564
4860
3101
2256
4126
1975
3989
2082
3519
4307
4530
4357
3881
4829
4491
4331
2845
2156
2661
4230
3763
4556
165
3135
3056
2880
849
1778
2329
2514
4534
2199
1664
3380
2877
4778
4555
2713
2431
2031
3680
1019
4634
4265
4662
4805
1804
2491
1014
3487
2437
1781
799
4514
4389
1401
3388
4163
2973
4150
3804
4594
243
2049
3519
4505
2822
3528
3742
4763
4521
592
2789
4761
948
3898
1773
4728
4472
4155
4383
1625
3929
1458
4389
4139
2428
4408
2603
1646
3198
4107
4822
2842
3614
3249
4874
4465
2461
3866
4096
4740
1046
2138
4685
2447
4216
4702
3987
2244
1745
2297
3289
3700
4268
2386
2710
3328
2580
1503
2659
3963
4027
1593
4163
4791
2620
907
3034
4170
4394
2960
4377
4889
2916
1761
4103
3005
2152
4059
2677
4088
4313
3228
4545
1468
3701
4794
4645
4853
2845
2858
4811
3363
4138
4284
1288
3810
1427
3018
4652
3011
3619
2756
2150
3122
2050
2477
4893
4456
3110
4593
4821
3136
4271
4314
3559
2602
4910
2806
4294
3233
4206
4167
3392
2651
3414
4684
4644
3599
2281
3584
4785
3587
1416
4697
3192
431
4713
4150
4668
3447
4731
4259
4224
3784
4730
3879
4151
3901
4825
2911
3164
4662
4472
1486
1531
4586
1273
3647
4882
4131
3463
4895
2742
3858
1261
3631
2491
3160
2889
4516
2475
2719
4830
3731
3645
4750
3540
1630
3909
4589
2089
4368
3541
4498
3014
1396
3931
2434
3930
740
1719
1615
2387
4841
3397
3762
4885
1254
1011
3161
2339
4131
2237
3597
3920
3696
4633
4119
1896
2963
2008
1599
2640
4132
3909
3556
2734
4786
2621
4634
3334
3075
4891
2147
4856
3625
3721
4488
3477
3674
4052
4913
3191
2093
852
4767
4494
4555
3285
1946
3990
3325
1339
4179
1191
1970
2542
4716
2571
1606
2206
1917
4704
1487
4391
4694
3091
3918
3620
3222
2433
4493
4426
4062
4113
3391
1913
3393
3927
4506
3809
2725
4389
1095
3356
3729
4712
3083
2806
1743
1706
3567
3417
2814
3521
4102
3285
1420
2803
2906
3583
4146
4187
4409
4375
4597
3968
3087
3883
1881
4087
4556
3438
2977
2759
3678
2228
4415
4176
4274
1964
4734
4875
3616
2506
3013
2177
3075
2243
2176
4645
4114
3875
1813
4481
4339
4187
3748
2635
4198
4412
3965
2724
4642
2565
2714
905
3108
3866
1509
524
4117
4421
4654
4273
4605
2871
4088
2902
2915
3278
3710
4567
4853
4571
3574
3963
839
3645
3261
2807
1764
3939
3854
4080
3589
4803
3634
4052
3121
4804
4736
618
4125
3919
793
1299
4103
1543
2615
2732
2721
1596
1979
3624
1887
3723
2283
3656
926
2842
3418
4831
4817
3264
2505
3407
3116
3598
3623
4013
3904
2410
4450
3355
3863
4665
4844
3005
2490
4428
1745
3946
2241
1689
4536
477
3552
736
3224
500
3933
4444
4139
3840
4239
4428
4431
4292
4339
4512
4204
3635
3678
4465
3694
4690
4732
4079
3508
2786
3732
2514
3159
4624
2992
2971
4184
1013
3550
4659
4369
1125
1558
4079
1516
4177
2565
3328
2365
3370
3879
3962
4875
2728
1627
4369
4784
1924
2695
3833
3381
1723
2875
4288
4320
553
2348
1957
4547
3655
3592
4057
2106
3515
3715
3216
4148
4585
3963
3881
2595
2624
2777
3273
2988
3325
4705
1788
4674
3254
4841
3770
1834
2223
4359
3310
2347
3773
2612
3242
1496
4810
3832
2306
4831
1871
2978
4443
1796
1339
3830
2448
3197
4495
4677
4199
1223
4506
3580
2883
1156
2759
4843
3854
3429
2793
3701
2965
2586
4348
1266
4519
2789
4911
2899
922
3821
4500
3899
4859
3524
3045
3834
1806
2574
3994
1334
2471
3099
4202
4547
439
4272
4199
2568
2426
2387
1618
1914
3010
3513
3629
2621
3776
1523
2878
4609
1401
4013
3864
1401
4324
4394
2924
3312
3696
688
4362
3122
4824
4085
2160
3906
3861
1622
3538
1791
2950
1142
3972
3533
4014
2693
310
2032
3459
4872
2355
4592
4366
3042
4018
4855
2974
3729
1737
2068
1245
3033
3619
4171
2246
2467
4526
3466
4699
1362
4676
4908
4465
4123
783
2232
4575
4152
2030
3325
2102
2139
4910
3183
4548
3681
3113
4750
1104
3393
4101
3978
3255
2186
3505
2362
2959
3974
3703
4609
4203
2610
4822
4219
2820
3770
1838
3125
2274
4809
2870
1247
4565
2685
1909
2688
1697
4102
4854
4533
4896
271
4185
2283
1899
3838
2950
2587
4718
4063
949
3473
1793
1668
4491
1820
4443
4626
2904
4348
1951
3697
3322
2252
3766
2402
2360
3886
3696
3557
4664
3524
3599
268
3502
1380
1552
1084
4431
1092
4043
4632
3448
3066
3649
3639
2020
3191
4300
3926
3793
3634
4478
1423
2372
4406
1234
3378
4180
1340
2821
2899
3209
3620
2747
4822
2122
3592
4608
2950
1732
3069
56
2962
2626
1347
2201
4714
4554
1267
3195
1925
4488
844
3240
2064
2522
3941
4674
3695
4856
3302
4876
2436
2267
4012
3490
4635
3750
3872
1381
3598
3966
2017
2930
1172
1705
2268
2295
4431
3962
1150
3775
2387
1434
3726
3665
3980
3100
2323
4709
4349
311
718
2430
2291
2431
1846
3045
3896
3717
1496
3344
2794
4763
3321
2405
4339
4438
1883
2171
3550
4473
4478
1842
1684
4588
4478
3003
2652
3739
4297
3158
2921
1578
2861
4837
2707
4653
3585
4448
3889
2047
3629
4488
4047
2824
3560
2497
4096
4604
3532
2632
655
4184
4909
4539
2825
4180
2475
1049
2846
4763
1955
3278
4161
2533
2234
4534
2971
3526
2751
4784
1321
4435
3457
2343
3586
4325
991
3572
4677
3516
708
1452
2479
4129
3767
4508
4037
4291
2209
3579
2480
4497
4652
1668
1205
3941
4840
4316
3661
489
1413
1871
953
1970
3804
4103
3269
3428
866
3540
3397
3908
3529
2732
3808
3919
2879
4184
3528
3817
2214
3932
4864
4074
3250
1969
3981
3658
3773
3456
4558
3211
3604
4860
3756
3249
136
4469
4463
3150
4026
4708
4220
3320
2655
4637
3158
2333
3735
2891
2255
4843
2919
1369
3027
4771
3513
2117
1019
3978
2525
4534
4150
3694
2041
4364
4769
2475
4563
4309
1786
3358
1109
2560
2741
4114
3702
3601
3888
4833
3101
1416
2347
3307
3875
4427
3283
4369
2185
4841
4469
4230
2157
1777
2376
2968
4272
2224
2006
2319
3619
2602
1469
4340
1233
2870
2012
3634
4457
4765
2703
4669
4852
3424
3272
2873
1742
2922
4584
336
1240
4163
4654
3960
1973
2976
4689
2470
4567
4505
3202
3281
1328
1877
3014
4119
2606
2759
4732
3286
1258
4271
1724
2936
4667
3452
3551
4440
1571
3101
4348
4117
4377
3746
4832
860
2888
4310
4428
3651
4171
4430
4780
3777
4894
1361
1953
3181
3753
4051
1381
3078
3025
3532
3600
3031
4756
3430
3676
3286
3517
2816
3149
3194
4726
3644
2321
2804
2451
3921
861
3528
2425
1208
3391
1234
3158
4800
2736
4107
3823
2903
1865
3201
1590
3654
4629
4415
4882
3443
3771
1511
3754
2117
4329
4055
1991
3679
3042
3380
4082
3617
3783
4129
2998
2533
4802
2736
1665
4534
4577
2592
3356
2602
2785
3384
4321
3357
2381
3231
3500
4417
3740
2442
4892
4239
4351
2515
4547
3068
2469
4402
3930
4540
773
463
2562
731
1844
3864
1405
3879
4095
3859
3033
3605
4528
2137
2240
3609
4709
3786
4837
1746
4767
2930
3066
2372
2969
4651
2998
4664
4051
2819
3613
4176
3391
2925
1980
2743
2010
3641
4112
4109
4034
2852
2827
4886
4360
2766
4335
2795
1095
3467
4517
4623
3870
1846
3852
2717
3096
4686
2536
1186
4855
4364
2067
1082
1176
3323
4899
2694
1025
2641
3269
4909
2795
2513
808
4569
3647
4209
3096
1439
3263
4403
3340
3532
3184
1087
4196
340
4412
3724
3294
2040
3992
4825
3924
3417
4301
2557
3446
4819
1837
3104
3632
3090
2824
1815
3799
4640
3777
1345
1874
973
4844
3180
2954
1802
3678
3529
1748
1590
4058
3535
3444
4238
2426
4851
708
993
2749
4847
1480
4770
2842
3795
1899
4758
2041
1899
1610
2065
4732
699
2941
4763
4692
3001
2987
4827
1980
4656
4665
3034
3958
3674
2020
2020
2638
2641
2481
2914
4600
4246
3885
1516
552
4163
4293
4556
4554
3393
4343
3530
1530
4761
4644
3220
3512
2248
3971
2278
3746
4703
4018
3426
3515
1227
4168
4541
2462
1127
3902
3197
3701
4333
2697
2544
2570
3494
4913
4342
2733
2492
1018
4276
4482
1647
4203
3776
489
2831
2827
3348
1111
2598
4004
4476
3994
3334
3364
3516
2539
3127
3295
2959
3043
2927
4439
2054
2951
3148
3200
3060
3868
4343
4763
2091
2450
3008
3799
1308
4862
2484
1573
1382
4510
1882
4720
3509
3875
3841
3665
1560
4493
1456
4099
3886
3669
3168
4328
3417
3799
4840
3929
2518
4289
4214
2468
4446
4642
2893
4757
4550
2752
4005
4660
3557
4279
4096
3583
4127
4266
2445
3369
1907
3030
4843
3825
2789
3103
1947
4753
4676
4194
2722
3350
4481
4761
1647
1332
3601
3236
4291
2083
1048
4299
4017
2682
4866
1996
3303
3336
4451
2042
2527
4705
3439
4689
3201
4569
2532
1681
4594
3488
4182
821
816
4166
3904
3833
944
4185
3298
4088
3891
4578
3401
4717
2468
3172
3323
2331
4834
3667
4650
1150
3855
2206
2290
4616
3264
597
3755
3004
4150
4822
4855
3996
4164
3204
4293
3756
2371
500
3112
3746
1968
4872
4181
3381
4015
4631
1826
3632
1292
4682
4777
4501
4623
3758
4012
2834
1917
1812
4421
4051
2585
1509
3216
1046
1653
1948
3030
3841
2623
843
2979
1872
4768
1050
3112
4122
4724
4110
1725
1445
4713
2098
2455
3236
2569
4683
4240
1806
4272
816
1173
3730
3985
4072
3232
1886
1306
1592
657
4679
3083
4631
3252
4843
3713
583
3939
2373
4273
3846
4276
3864
2753
3711
2822
4570
3524
4577
4371
4663
1737
3693
4082
4622
2311
1149
4646
3966
3149
4397
3607
3389
3809
3908
1683
3343
2906
4334
1298
3429
3129
3589
4867
3906
4291
1791
1748
2268
3593
4886
2254
3548
4633
4092
2386
2405
4740
4209
2359
2893
4732
4567
1986
4819
3325
4518
4856
2020
4826
3821
1272
3893
3573
2881
818
3886
3541
1239
2255
2300
1942
4613
4041
2020
2125
3848
4675
1455
4398
1070
4471
4514
2805
4154
4545
3970
2905
3838
3536
4238
2956
4206
1257
4061
873
4637
1092
884
4011
3122
2672
2975
3623
3124
3201
4777
1071
4679
4492
2469
4146
2213
4386
4602
3118
3542
3550
2651
3012
3483
2232
4035
2429
4897
3302
3658
2070
2717
2599
2135
4898
3777
1745
4540
726
2415
3660
4129
4134
3879
4185
2589
3596
4785
4039
4325
2194
2937
4286
3829
3567
513
4352
300
2236
3021
4584
533
1361
3370
3999
2132
4435
3982
1426
4465
3782
3892
4758
3581
4891
4139
422
2897
1064
4476
2589
1931
2632
2917
3519
2993
4380
2650
2724
2190
2824
2175
3521
3479
4202
1529
3122
4518
2990
3463
4348
4102
3572
2531
2121
3447
4866
3641
3885
4501
2376
2170
2421
2170
1789
4449
2482
3306
4046
4003
3866
1880
2221
4827
2905
4101
4017
2177
4763
2318
803
4777
175
3733
3051
4491
4183
3732
3795
3768
1653
4742
4312
3339
4603
3605
4569
413
1882
3909
4340
4165
1969
4003
1933
4330
4075
3794
4125
1750
4154
1933
4519
4130
2865
4511
3556
1586
3818
4704
4186
1600
3494
4137
4412
4555
3953
3175
1209
1605
4549
3584
3049
4739
3550
4068
3970
4705
2702
4382
1613
1395
2982
4652
4734
4277
2199
3273
2178
3779
2583
4166
2836
4259
3826
4895
2879
3253
2405
3141
4070
4587
4361
4229
3555
2576
3398
1804
3169
4386
4237
2538
3738
4462
1391
3383
4068
3550
4107
4062
1704
3604
4079
4845
4027
3382
2016
4136
3829
3864
1953
4137
1602
3887
3385
2804
4099
2524
4631
3758
3164
1640
2739
3333
2484
3822
4787
3645
4428
4466
4595
3286
3046
2788
4776
2280
2526
3089
1466
4346
4274
552
4580
1988
3998
3742
3614
1982
3937
3323
1337
4057
3948
1273
4783
4731
4691
3728
1424
3080
3817
3960
2404
3985
3760
4503
908
3090
3767
3091
2926
3540
3024
2971
506
4014
1832
3162
2160
3393
2431
1647
1497
988
4586
3000
4901
4175
4078
2237
4173
3506
2184
4720
1186
3903
3268
4246
1717
3177
4707
3455
2606
4235
2818
702
1387
2315
810
3749
3583
3495
4737
1951
2826
3838
1401
3385
1096
4594
1541
858
4363
2391
3853
2858
2106
4148
4388
2213
2352
3469
2624
2741
3142
1870
860
3398
4096
3938
3575
3346
3660
4068
3888
4147
3108
3482
4546
4597
4900
3713
4768
4793
4759
4169
2901
2152
610
3163
2873
1400
3190
2690
3787
4767
4124
1952
1286
4822
4270
4327
4806
2677
3026
2568
4756
2620
3220
4777
4851
4190
3560
3934
1654
1265
3462
2137
1927
4353
1879
2113
1898
3489
3030
4712
1797
3335
3406
4218
2978
2156
3232
3415
3418
1526
3203
4079
4751
3753
4141
3717
2484
400
4591
2990
4215
2570
2522
2497
3527
4832
2641
1595
2885
1494
4376
4103
3384
4689
4884
2848
4272
178
2866
3661
1269
3536
4755
695
4614
2564
3508
2346
3770
3714
778
2492
2239
438
3010
1712
3860
3622
4561
4701
3143
3056
4215
4208
1022
4472
2156
2258
4639
4469
685
2289
2983
3842
2933
4131
2687
4209
4235
4277
1219
2186
4313
3617
4667
2915
2400
2740
3392
4068
4378
3457
1618
2286
4348
3797
3140
1606
2620
1923
4881
4289
4121
3141
3846
2689
3050
4473
3380
2110
2561
4244
3297
2430
4602
3065
4860
4399
4902
3316
1749
3645
1346
4792
3477
3353
4257
1773
3843
4880
1590
4717
3141
3845
3611
3868
3468
3438
3552
3879
3781
3078
2086
4480
1081
3496
4710
3333
4663
2059
3349
1102
1947
4393
4074
3814
3889
3336
2888
1508
4830
4714
759
4073
3510
4122
3129
3925
3528
2739
1833
3755
3262
3794
3483
3341
4109
3339
1639
3485
4258
2619
3854
895
3026
4508
4766
3455
2727
4328
1775
4852
3447
3442
3379
2357
4488
3972
2847
4361
3315
1348
4844
3369
1957
4706
1055
3266
795
4042
2437
4450
3104
939
4757
3832
4104
2457
3899
3585
3794
4086
2648
2922
3615
4659
2421
2023
886
4327
3903
3506
4033
3010
3316
1763
2630
2071
4177
4553
4210
2622
4898
4641
4801
4120
4159
1958
2867
3566
945
900
3079
3263
2259
1717
1976
4391
3927
1958
3048
3878
1117
3841
2198
3745
3990
4149
3595
1331
3302
3407
3188
3130
4888
4353
2896
3786
2467
1032
4179
4195
3048
4780
3740
2153
4883
4053
3325
2009
4184
1295
2375
3983
4746
1947
2821
2154
3484
3249
2500
2498
1441
4119
3732
4829
2637
1023
3442
2102
783
4902
1873
4219
4462
1018
2917
3940
4143
4278
3468
4384
4256
2430
4325
2585
3266
4731
2947
4701
2243
3258
4064
453
4346
916
2288
4852
3179
1367
1459
3854
2741
3452
3996
1926
4454
4149
3183
1860
2107
1445
4218
1412
4394
4384
4098
4200
4830
4326
3238
4552
3876
4528
4639
2503
3855
4680
2986
2462
1808
2247
3462
2489
1756
3996
3104
2332
4726
3662
3513
1583
3434
2129
586
1157
2796
4576
3061
4204
4249
1354
4740
3656
4407
451
4797
2441
4858
4138
2851
4355
3135
2693
4628
3152
4440
4693
2629
832
2474
4352
4098
1586
2011
736
4145
4107
2322
4883
3467
1390
1535
4438
2465
4357
4475
1633
4323
3819
4403
4423
4603
4785
3306
3334
2892
4675
2712
3537
4642
1964
3754
4363
4207
3948
2566
4167
3521
3447
3509
2783
3586
4487
4012
3814
2612
3786
1771
1882
1582
2121
1969
1362
2999
3661
2343
4742
4343
3616
834
4908
4111
1236
4838
3033
2207
4597
3945
4176
3240
3722
4337
4697
4001
1066
2987
4332
1216
4371
4199
2875
1716
4385
3706
4855
4699
2682
3213
4214
3169
4206
3928
2659
574
455
4583
911
2371
1662
3750
2844
4724
3664
2595
3432
3451
3563
3817
3349
4721
3423
2827
3120
3006
3440
4178
2948
635
3421
2691
4332
3441
4823
4710
4365
1355
3704
4722
2498
3220
4733
3621
1395
2908
4281
3600
3881
1448
4713
4403
3287
3664
1445
3853
2758
4184
2354
2501
3982
3707
2294
1865
3832
4449
2585
4573
4288
2893
4793
4756
1231
4795
2486
4906
3921
4389
3150
1486
3683
1371
4362
3980
3866
4275
2072
3413
471
2537
3027
4589
3814
4356
3590
2966
4873
2820
3972
4118
4669
4639
3103
2875
3120
3330
4108
4082
3943
1906
3587
2106
4502
3587
4697
4388
3075
2413
4417
3866
4005
2916
3463
1807
2498
1747
4142
3102
3169
3921
1441
4199
1404
3098
3094
4190
3998
3967
1120
2887
2212
4303
4503
4582
1254
1483
2531
1679
2639
3770
4170
1605
4091
3055
1805
3990
3135
2719
4217
3210
4504
2564
1834
4394
1473
4784
1769
2104
2234
3368
2831
3944
2235
4657
3158
3150
3165
3577
3878
3583
4672
4515
1394
4530
3679
4702
4477
4754
4008
3512
4266
3839
4393
771
4772
3907
4358
4601
3775
4609
3934
1640
3258
2655
4211
2283
1490
4487
4740
4422
2430
4681
3527
2918
4623
4698
2065
4270
4023
463
4776
4804
4547
1932
1706
4593
4364
4626
2779
3578
2304
4643
2693
1103
4403
1455
3751
1052
1911
2851
4502
1672
2705
3802
2419
3434
4796
2561
4717
4502
4859
3784
4150
1709
634
4491
2486
3416
2216
4607
3766
4761
4897
4668
4795
1223
3757
2955
3685
3522
3930
4529
3188
1933
4522
3446
4411
2687
1768
2811
3897
4376
4819
1177
4614
2898
2018
4324
1691
4204
1683
816
3834
1618
4714
4415
4039
2135
3175
4228
4756
4421
4748
4087
4786
2678
4682
3694
3657
4803
3811
2302
2329
1504
1963
1997
3494
3425
3542
4295
2838
2540
1949
4608
2998
2800
2847
1282
4784
2939
964
3774
778
3343
4044
4848
4897
1973
2061
763
3645
4266
3178
4768
4043
4533
1914
3754
3306
2861
2299
3579
3847
1577
2660
3866
3689
4225
2590
1935
1933
4072
4098
1174
3955
4860
4362
1615
2962
3636
2961
3559
4184
4092
4217
4203
3991
2746
4116
4677
3966
3951
3692
3507
2693
4084
4111
2136
4601
3399
2289
2779
3040
251
1525
2555
2163
4686
421
902
2803
1642
3254
4690
2051
4263
3190
1302
2729
2657
2706
2127
777
3004
3733
3601
2662
4306
4230
2424
2046
4124
1096
4686
3837
3717
4652
1716
4804
4668
4868
3152
4317
2108
1800
2878
3015
2051
2254
3439
779
2602
4725
1279
3298
2982
4652
2690
2095
2964
3671
3354
3614
4095
3643
4204
3549
2287
4579
2670
2645
1047
2198
713
4731
1767
4522
1856
4471
2740
3974
1978
2092
4050
3293
3479
4125
2568
4574
2913
1813
4870
4574
4370
4218
4188
3215
2571
3450
2510
4882
4402
2221
3170
1279
2693
952
3890
2970
3390
2245
4777
3432
4695
3780
2490
2763
4049
3030
3324
1700
4192
4515
1090
4481
4466
3677
2321
4339
3954
4891
2517
758
3681
1290
1247
669
4090
4068
2934
4046
3844
3672
1571
1861
2903
3908
2360
4080
4201
910
2741
4836
3763
427
4836
3833
4238
635
2293
577
3829
4826
3450
2756
1501
4501
1214
4752
2783
4409
3467
2959
4360
4311
3695
4297
4746
4699
2507
3128
4461
4047
4388
3590
2387
3731
3717
1828
3704
4198
1561
4488
1704
2232
1659
4022
220
4079
971
3828
1350
1384
4872
3977
4298
1900
4069
2742
2986
2218
2954
2782
4275
3010
3439
2876
4441
2956
4504
3626
3263
3619
1908
4710
2841
4338
1839
4484
4829
844
3104
2564
1777
4602
4752
3172
4100
3925
4439
3387
4305
3903
3188
2906
1259
3329
2330
1350
3974
4344
3828
3619
2494
4077
2530
3871
4311
1216
2268
3472
4368
4408
1864
3588
2939
4534
4483
4347
3217
3322
3419
3774
1675
3865
2488
3021
1675
4788
889
3453
3451
3634
2816
2678
4047
4322
4016
2827
3622
2611
2302
2581
4389
3588
1539
4099
1670
1429
2435
4772
3215
1212
3231
3574
4096
4512
1339
2704
3996
2336
1293
4038
1754
3346
3926
2615
3234
4188
2070
2831
1703
3229
4799
3822
4104
3868
4743
3738
1948
2942
2632
3961
3723
2984
3559
2292
1439
4737
4502
2664
4744
2782
2274
4233
2371
3923
3338
4491
3520
2196
554
3858
4660
2082
3486
522
4378
4386
3738
3713
4287
4594
3520
3313
1365
781
4548
4202
3141
3299
835
3173
4379
3613
4769
3932
2720
3302
4691
3593
3610
2201
1315
3078
2993
1173
4307
3145
1557
4208
4743
3013
2319
4653
3857
2206
3986
3161
3055
3627
3094
1592
1168
3985
1690
1646
3864
4807
3474
3972
4685
4682
1744
2437
4911
4592
3024
3116
3546
3042
4762
4115
2872
4281
2216
3524
2002
3877
4212
1512
3429
4446
2852
1478
4504
1649
1478
2307
2875
2356
4634
3334
4044
1646
4512
3610
713
4867
3436
4770
3827
3401
4218
4281
3995
3486
4118
2638
4350
4667
2868
4444
3441
4900
4545
4418
1380
4657
1003
3758
4551
1752
4525
2234
2710
2683
4187
4181
4886
4676
4672
2129
4108
3393
4853
4860
2967
4640
4445
2949
4463
3809
1309
3803
3082
3726
1573
4430
4809
4431
3215
1920
2969
2061
3190
1553
2069
1463
1895
2712
3062
3875
2705
4330
2628
1637
3598
2955
4111
2036
3802
1081
4637
3576
4345
4505
1688
3683
4120
3456
2120
4206
2264
4836
3489
4516
4258
2360
3842
2187
4218
4652
3891
4904
2421
4484
4567
3818
3094
4871
2557
1961
3267
4220
4662
4692
3550
4366
3595
4843
2153
3776
2517
3320
3925
4900
3210
4863
4438
1385
2438
3327
1487
3709
4115
4402
4845
4809
3549
4124
3421
4054
1499
4206
4081
2176
1313
4760
3330
4590
4647
3894
3900
4611
3206
2124
3959
4185
4488
4512
782
4807
4802
1398
1201
4033
3104
1846
3560
4909
1921
2982
4119
4658
3056
2802
2516
3622
4691
3113
2042
4072
1416
3995
4074
4893
4490
4745
3785
4765
3525
3510
4464
1432
3084
1987
3014
3933
1381
2524
4349
3603
2287
2317
4376
4086
3870
3480
3681
1558
4651
1459
3895
2852
3502
2980
4818
3406
282
3681
1422
3667
4043
1704
3804
3540
1535
3180
3931
2557
2123
4371
2571
2758
4339
3121
4574
2050
3924
3672
3726
1740
4828
3229
3255
4647
3532
3031
4754
3750
3667
4113
4024
4554
4482
3368
3243
4533
4530
3288
4738
4528
3884
4532
4778
1678
3962
2006
4427
2810
2656
2729
3210
4676
4435
4657
4398
837
806
1624
4022
1421
4628
4493
4278
3390
4166
4835
4157
4470
3252
4026
4720
1139
1195
4299
4662
2488
3026
3867
3906
3766
4300
2487
4271
2755
2343
2743
4192
4051
4444
3013
4302
3919
3448
1995
2851
3523
3914
894
4475
3032
1249
3201
3474
3107
3537
4084
2196
2742
3737
3380
4691
4111
4467
2418
4479
2482
4222
579
4207
3965
4648
1115
3510
1682
4223
3717
4429
3738
3854
4440
2897
4201
1166
2500
3729
3617
615
1355
4899
4637
2251
3014
2426
4576
4092
4597
2973
3547
3713
4255
4201
4402
2327
4732
3364
4048
3783
2245
2014
1400
3854
1614
3843
2576
3753
3561
2160
4705
2162
3655
2994
4902
2422
2513
3913
2796
1554
2270
1680
4397
3734
4891
1895
3962
4364
4846
3817
4842
4888
3723
2256
4648
1868
4690
3359
3163
4259
1475
2120
878
3053
3271
4817
3876
730
3799
4199
4126
2408
2976
2606
4523
2247
1356
1766
2123
2519
4772
3518
1898
2353
3724
4750
2124
4729
4388
2672
3943
3810
2329
2467
2001
4815
4446
3636
4587
4640
4513
2555
3865
4346
1251
2744
944
3657
2137
4533
1868
2832
4602
4890
4347
4148
4775
2373
3032
3331
3772
1456
992
4227
890
4026
4385
4228
4360
1843
4749
1264
3900
1994
3675
4085
2662
1420
181
1831
2615
4617
2334
3505
2221
1946
4431
4003
4322
4729
1735
1408
4874
1616
3687
1284
633
4426
2456
2299
3233
4798
4305
3693
2514
4865
4543
4387
4760
822
3929
4220
1802
4025
3500
3120
2949
3596
2296
3946
3287
4024
3823
4890
2614
3052
3080
2362
4198
4386
4486
2859
2655
4612
4743
4734
3762
1050
3382
4398
2113
3373
1458
4697
4125
4738
1594
4070
1875
2804
3063
1780
3561
4857
2881
3602
4319
4522
4902
4813
4574
4858
4269
4556
3072
4775
1731
768
1683
3770
4414
4084
3206
4579
4480
2289
3200
2785
3369
1584
4410
3584
3453
3719
4359
4730
4723
1663
3036
798
1928
3274
3375
2589
2611
1036
918
3083
2918
2571
557
4813
2371
2587
4477
1725
3955
2019
3766
2015
3707
4657
4789
4331
3830
2563
4847
3854
2120
3392
2267
1140
3995
1997
2531
4787
4396
2067
3143
4260
3457
4788
757
982
2666
4028
2173
3036
4302
4866
4211
2933
841
3027
666
4657
3058
4572
2327
4164
3738
3772
2336
3412
1654
2907
4885
1543
1276
4833
4718
849
4178
2142
3152
3552
4865
4468
4843
4661
4409
3909
3751
3621
4367
1893
4265
3653
4664
4715
3549
2704
4257
3620
2518
4696
4472
3081
4661
3980
4615
4674
3717
2437
3076
3379
4841
3319
3813
3342
476
1845
2584
4643
3331
2062
2999
2584
1733
3041
1980
3405
3544
1337
4835
2291
2142
4853
3409
3341
247
3984
2807
3307
3183
4016
2945
2718
4729
4670
4138
4375
4705
4202
2065
3921
4300
511
1616
2290
2977
3217
2071
4038
4312
2173
3464
2717
2976
2410
2924
4059
2868
1186
4599
1654
3667
4114
4517
144
4284
4819
3932
2197
1555
3898
2952
3330
4698
4436
4080
3675
4670
2800
3311
1355
1146
3894
3875
3744
3673
3397
4369
2814
968
3446
2475
3879
1974
1855
3227
4429
4636
4853
4612
3459
986
2373
4169
4651
2551
1718
2458
3719
3352
4478
3373
2560
4604
1600
2844
2525
4771
4750
1588
3779
2911
4904
2519
2955
1887
4490
2440
2550
3871
907
3256
4016
3113
2742
4345
2757
2140
2493
4078
4888
4726
4252
2073
4607
4425
2615
4281
2469
4853
4370
2206
397
2277
1897
3706
4244
2701
3799
3255
4911
2775
4896
4623
4465
3519
2926
4457
3861
4257
911
4775
3365
2966
3036
4332
4338
2990
4577
3399
3899
4757
3677
2899
3823
4655
2360
3517
3443
1850
2766
2765
3151
2855
1993
3765
3225
4075
2227
1646
3813
4903
4371
4322
2207
2492
4216
1307
3427
4089
4228
1826
1419
2163
1585
4286
3484
4669
3011
1967
2351
3698
1240
1312
3168
4807
1882
4412
4654
4149
4208
4201
3036
4908
1642
2699
2952
1144
4703
4466
3905
4703
3666
4175
4255
4104
3280
851
4455
4743
2125
2895
4355
1846
4239
4614
1584
4749
3220
4421
2300
1267
2622
1546
3435
3255
673
2533
1778
2943
4144
2277
4911
1568
1136
4791
407
4753
4043
4616
4889
1260
4721
2095
4912
1438
2455
4742
3879
1364
4218
4515
4761
2735
2110
318
4284
3612
544
4708
4378
4796
3813
2597
4170
4682
1810
2035
4458
4690
4900
4130
3735
3862
4549
3862
4679
1686
2953
4542
4749
3712
3441
4188
728
3782
1034
4740
4292
3614
3224
2931
4601
3738
3858
3607
4462
3702
4056
2588
4178
4032
3294
4420
3896
704
4471
4837
4061
1992
3586
4356
4744
4880
4800
2926
2074
3782
3091
3906
3770
1387
1887
3315
3522
3892
3867
2784
4146
3755
3893
4104
1687
4372
3727
3898
3706
3337
4482
4064
4820
1892
3934
3440
1623
985
3758
2520
4360
3266
4052
4547
4499
387
1000
4559
4669
2848
3651
4101
3395
3618
4771
2911
3172
3852
293
3894
3533
4353
3830
894
3272
3403
3440
4074
2465
3964
2076
4623
4297
4810
2447
2153
4023
4339
4267
1728
3645
4814
3521
3141
1088
4250
4726
3136
4702
1590
4204
4601
4230
4410
3342
807
3699
1773
4140
4840
3162
3540
3625
4271
4205
4419
2791
4502
1556
3938
2952
2127
4410
4304
3945
3864
2864
4585
4555
4326
4078
1646
4062
4405
4241
2423
3370
3070
941
2600
4149
3143
3723
4643
4726
3132
4152
4243
1472
1659
3999
693
4721
4474
4567
3308
4066
4838
2557
2126
3909
2415
3081
1642
2059
2377
3895
250
4320
1839
1965
4364
3691
3621
3072
4243
2224
4709
4122
2411
4633
3523
4257
2410
2970
3822
2457
1374
4790
1951
1547
2394
3805
3436
4759
4606
2836
4880
4753
3192
3191
3758
2883
4826
1898
2647
4194
2534
1528
3565
4169
4444
4279
4606
2422
4306
2793
1222
2125
939
3334
3066
1928
2710
2815
3134
3298
2283
2953
1881
4198
4354
4473
3347
3123
4482
3682
3449
3839
2661
3801
4466
4289
2540
3706
4133
3642
3928
313
3517
2830
4668
4196
2651
2439
3605
4520
4599
2721
1225
3712
4466
4040
4240
3773
2083
3744
3081
3920
4134
4217
1040
4788
3133
4460
2917
1957
3648
3748
4907
2921
2856
4069
1702
3383
4717
3107
2485
3616
3402
3547
3146
1652
4317
1274
3721
4806
3402
4260
3041
4458
340
2662
2336
1676
4666
3453
3586
3904
2235
3273
1436
2324
3367
1463
3357
1068
947
4677
2613
3049
4727
2374
4759
2618
3175
2953
4380
3462
3304
4631
4458
4736
4573
3954
2756
3861
1862
1892
4653
2595
4527
4526
4008
4798
4714
368
1506
4452
3388
4289
982
3969
3284
4320
4311
2289
4261
2999
2866
4656
2405
3533
3423
3963
4734
3061
4338
714
4415
1953
3758
4509
4449
2672
1367
3694
2027
3619
2852
4444
4372
3820
2234
2116
3986
4732
3621
1826
4700
3742
2718
4522
2166
2088
2057
4290
4786
3967
3971
3912
836
755
3183
4495
2241
4451
2306
2975
1858
2386
2434
4684
3158
2186
3144
4647
3563
2780
2561
2153
3884
1856
3628
4091
4629
4157
2771
466
1303
2526
3678
3190
4415
2593
2233
2586
2846
3823
2090
3776
3375
3583
3476
3258
4472
1818
2510
3226
4065
1338
3234
4199
4596
4784
4209
1738
2702
1735
4488
2231
2681
4712
2108
685
4426
2718
4313
2815
2945
3457
3517
3259
4781
4286
4125
3690
1472
4588
4557
2382
4381
3050
4407
4653
324
2391
1774
352
3344
2219
2415
4009
2968
2779
4199
3609
2185
2531
4001
871
4265
3287
3297
3913
3599
1238
2428
1967
4420
3506
733
4552
2117
3240
3890
4575
2989
3421
3083
4830
1548
194
2618
3769
4709
4756
2766
2971
4470
2678
3138
4007
4750
4581
4095
3270
4383
3677
4272
3656
3573
3898
4114
3088
3005
4788
4309
4176
3318
3371
1079
2207
1210
4593
1994
1272
3916
1229
2125
2249
2964
4882
4509
4079
3193
4787
438
1535
1737
4355
2327
2754
4234
4409
2969
2678
2547
726
339
2986
4212
1814
2440
2190
2253
3450
4458
1991
4607
3649
486
4058
3689
757
2581
4194
2143
4651
2377
3042
1956
3337
3900
827
4785
4313
4139
4300
4042
4860
4635
3800
4152
2735
2454
3979
2670
4424
3467
2778
976
1408
3146
3617
4362
3877
1515
3828
4897
1276
1027
1427
4806
4479
1572
3272
3471
3463
3831
1530
3227
2857
4903
2111
1598
4218
4595
3469
1995
3145
3017
2312
4118
4020
4877
4078
4400
1571
4598
2861
4488
4843
3332
4373
4578
2852
4871
2176
3980
4329
3149
3781
3353
4699
2216
3968
4460
4730
3714
2993
3799
2985
2387
2220
4418
2791
1789
1731
3103
3597
4053
3772
2058
3457
4245
2668
3583
2574
4700
3987
2678
1450
3584
1794
2367
3724
4658
1430
4126
4524
4866
2894
3951
3784
2651
3993
3294
1833
4118
4683
4362
3618
2032
4458
3180
3131
4316
1369
3323
1269
3970
3240
3223
4660
4683
3135
4545
4110
4893
4901
4449
4198
2000
4834
4493
2059
314
559
2130
2109
4387
3116
2089
3882
4682
1926
4889
3266
4156
2936
4727
4850
1929
4271
3255
1243
2679
4417
1117
1720
4358
4579
1701
3598
1224
3388
4087
4679
2824
2657
1984
4410
4148
3180
3907
4819
4070
1712
2131
3071
4229
2713
4293
4379
4202
540
4335
4696
3405
3670
512
4575
2432
3381
577
2278
4205
1979
4196
807
3246
4117
2506
4461
3061
969
2099
3530
2852
3614
3814
4456
3769
1299
3549
4887
3894
3254
4049
4596
1731
844
4204
2365
4219
1783
4160
1817
1617
3632
4628
3860
1939
4884
4163
3249
3157
95
2919
2826
1368
2403
3906
213
2974
4345
3037
2150
3756
4349
4078
4598
1965
4017
4629
4474
4098
2567
4613
4280
3756
2918
3974
4553
3629
1538
3649
4688
971
1623
2429
3829
4665
4753
1818
1469
2285
3853
3397
2966
1653
3291
3361
3547
3784
3327
4756
4072
4376
565
4573
4447
2078
912
3816
1484
3269
4770
4757
4676
3600
1118
3733
2081
1756
2162
2487
4561
4535
3854
1555
4869
3550
2321
1165
2586
2815
4088
4820
4798
3486
3185
2958
1993
4811
4856
3069
3370
3387
1868
3859
3130
1380
2490
4289
1664
2942
3799
3243
2731
3114
3425
3104
3628
4472
3936
4168
3528
3985
1507
4681
4168
3364
4048
503
2605
4331
4530
3767
4796
2551
865
3508
4243
1633
1509
3771
1128
4782
910
2185
2757
3491
3542
3708
4796
3116
2507
4637
4780
4827
2714
3032
4486
1217
4328
4708
3729
4411
1542
4347
4476
4163
3653
4511
2642
1716
3850
4859
2799
2198
3666
1863
2333
2740
1609
4016
3589
4549
2333
3346
4666
2575
4424
4413
4392
3226
1016
3251
4200
3663
3383
2268
2871
3711
4777
2630
4874
3964
2273
2831
2612
4134
3678
3658
1746
4478
1511
4199
2788
3945
949
4862
2806
4541
3618
4655
3504
2730
3879
2591
3262
4771
3597
4842
976
3686
4014
862
3731
4346
2409
4552
3748
4795
4411
1703
3936
4657
4228
4588
4624
3023
3367
3676
3025
3982
1994
2716
4822
3644
3127
2964
4458
4697
2830
2891
2197
4282
2464
1706
4807
4622
2752
2592
4693
3854
2902
4848
3303
3184
3515
4204
1962
2024
2605
2045
2043
3955
4839
4501
3898
3134
4061
4456
2883
4505
4486
2895
1375
2930
3570
4782
1473
1794
3819
3790
3613
4513
4403
2120
2737
844
2515
1435
1673
3375
1392
4123
4517
4299
4608
1635
1488
3714
862
2745
4620
3582
4268
3617
774
2691
527
4494
3813
796
4245
4506
4581
2755
4739
4213
4845
4831
625
3515
1226
4148
3689
4566
1879
3253
3258
2263
2027
3638
356
3854
2164
1635
3479
2316
1063
3132
3995
1872
3542
3671
3879
1049
773
1743
4717
4677
3528
4014
570
4847
3810
4232
3717
4628
2347
2253
3907
2012
1507
4066
4291
4351
3490
4053
3246
3713
4883
4583
3632
3259
2194
4394
4568
3995
3697
2072
1999
3679
3694
3900
4894
4637
4803
3372
3158
4126
4328
2314
3884
2179
3294
3598
2966
2777
3374
2502
3493
2170
3346
2190
3249
4011
3163
4500
4238
4574
2696
2703
235
1206
4491
3160
3392
2962
2690
3806
3517
4687
3910
4778
4091
3519
2096
3061
4451
4384
4608
4322
4725
4770
2253
3022
2075
4480
1711
3947
4292
3465
2076
4851
1428
2628
3985
4663
3288
3179
3666
4911
2078
4404
2788
1106
3843
3368
4765
862
3147
4395
4571
3538
4245
3522
4706
4583
4581
4413
3989
4124
997
3691
3390
3576
2082
3643
4473
4722
3618
4644
2972
1140
2244
3652
4913
2653
4132
859
1933
4545
4031
2206
4536
1943
1311
4504
3713
3549
2760
770
2898
4141
3110
2276
4631
4292
3047
3209
1296
3911
1799
3244
4066
2637
4039
1633
3704
4857
1851
4353
1921
4570
4168
2776
2684
2396
2410
2634
1739
4734
3745
2872
3656
2393
1349
3099
3980
2506
4005
1377
3005
3675
1728
4487
4281
3871
2160
795
2106
3155
1232
1389
3205
3409
4241
4168
4157
4712
1621
4384
3775
1836
4777
3088
4792
4343
4545
2941
3152
3119
775
2663
3691
1946
4191
3005
1646
4806
3959
3726
3501
2841
3999
4019
1744
1770
4501
2390
4429
4704
2786
4737
2555
4356
4583
2583
3736
4912
4571
4676
2972
1107
2141
4455
962
2295
3188
3074
4012
4514
4025
3174
3779
3779
2789
3561
2187
3952
4513
4896
1396
2222
3860
4649
2874
1889
3176
3448
3965
4787
3375
3603
4690
2856
3892
4820
4296
4280
4283
2689
2375
4173
2275
1611
4218
3662
4003
3659
3562
1276
3286
3145
3974
4802
4425
2179
3042
4038
4034
3508
3476
4839
1201
3557
4229
3107
2368
3425
3489
4422
2750
4109
4020
3939
1412
3120
4695
2539
3504
2999
2774
4353
1069
4026
4573
4294
1684
4105
4892
2931
677
3289
2088
1747
2068
199
4689
2810
2558
4295
1639
3067
4877
3249
2343
4226
3537
3789
4053
4131
1951
3467
4701
3626
2136
4050
3742
4785
2223
4860
4734
3018
2637
3432
2917
4293
4890
2808
3071
4715
2087
1283
3772
4530
2270
4202
3555
1771
4341
3444
3917
4800
3782
3390
4389
4672
2488
2384
2802
3437
1869
2461
3869
4577
2240
4104
2587
1150
983
2732
4160
2536
3640
3742
2632
4844
2401
3849
4668
4382
3507
3422
3397
4519
4255
4501
4102
3894
3085
3202
1277
3145
3970
2339
2645
284
4863
2470
4052
4598
4698
2953
3427
3008
4364
1603
4602
2974
2047
3209
2938
3974
2358
3393
4828
3918
2771
4570
1529
3173
2912
3864
4662
4385
2955
1319
1002
1774
2420
2580
3815
4871
1255
2172
4451
2303
4548
3154
3517
2257
4332
2524
4668
2055
2670
4032
3022
4192
4691
4320
2484
2307
1799
2319
3492
3442
2738
4011
2858
3167
3572
3050
4394
4785
4782
2655
2376
4401
4282
3820
4001
4660
3343
4605
3517
2821
436
3303
3981
4480
4389
4181
3302
3734
1875
4234
2169
2045
3480
4640
3409
3906
3492
2747
2731
4210
3273
3480
1407
4840
4280
2224
4576
2473
4689
475
4447
4167
3953
2392
2678
504
3862
3496
1806
2162
4170
4588
1339
2353
3773
3077
971
1654
2768
3464
3698
3784
3119
3674
1122
4441
843
4824
4141
4351
3947
2469
2288
4886
4720
3609
4351
2760
4803
1699
2037
2886
2779
4913
4729
4126
2325
1446
4146
1472
2766
3438
1510
4451
2799
4797
4546
712
3419
3802
2150
4492
3520
4583
4347
2191
3296
4788
997
2411
4556
739
4502
3109
4393
4181
1139
4751
4877
2054
3779
3427
1935
4895
3999
2142
1721
3567
3990
2608
4886
1749
2777
3356
4808
3684
3204
3414
4874
2925
4877
4798
2095
2288
1751
3269
2727
4333
4112
3455
2897
914
2416
3214
2564
1826
4235
4491
4731
2902
2277
4382
4155
3014
2342
4128
2122
4135
2717
3935
3454
4340
1702
4454
3225
1391
4259
2188
4735
4225
4064
2574
4068
4759
1465
1764
4702
3782
443
850
3284
3185
1134
4076
1739
3705
4906
4701
2421
4801
3698
2811
1992
4000
2414
2271
4577
4159
4887
3131
3598
1670
4591
423
3178
3587
3136
4820
1650
4198
1407
4031
4727
4818
4086
1434
3062
4251
4841
4760
2710
64
3393
2001
3256
4889
2493
4374
1870
1991
2636
1967
1173
4266
617
2255
2566
3931
2535
1888
3498
2861
1325
3341
2826
2852
2085
4798
3051
3678
2564
2917
2621
3311
3199
4331
3366
4073
2992
4595
2261
3535
2249
3727
2896
1402
3440
3565
4560
4890
2330
3838
3507
3384
3639
1878
2423
4630
2395
1595
3488
2763
2030
3759
1765
3679
4624
4066
4072
2013
3687
3611
4856
3832
3481
4132
4669
4191
4377
4455
2283
4733
3107
1044
3705
3109
2310
2567
3874
1130
3197
4717
957
3784
4688
3990
4042
3717
4393
4225
2334
1598
1794
2137
2559
3304
4349
2663
4753
3246
4097
4553
3796
1188
3605
1485
4906
866
2183
4881
3478
2844
3324
3848
4820
2869
1703
4609
2019
1625
1953
3445
2837
1068
4338
3921
2798
2731
4117
4396
2980
4140
4556
4848
4313
1001
3642
2902
3143
4076
2465
4272
3128
4350
4417
1874
4470
2993
4557
4688
1520
4291
3576
4293
2663
2452
1137
3905
4587
3668
3694
4551
4405
2627
2040
4283
4740
3233
4161
3787
2082
3445
3590
2024
4727
3094
4399
3259
3763
3254
4063
4081
2573
3117
3938
4794
3949
2950
2837
4002
4395
3117
2514
4385
2319
3458
2575
2933
4700
4477
1218
4871
3388
1003
4091
3689
3638
3188
4140
4101
4325
3522
3959
2059
3415
3366
4319
4817
3186
4365
2746
3140
3108
2697
4403
4399
2252
3688
3948
2388
4284
4827
1780
3376
1253
3413
1796
1840
523
3938
1955
4869
4012
3630
1157
4357
4769
3704
3188
2787
4529
4128
2127
4702
3611
2497
4134
3593
3260
4394
950
2796
4445
2240
3974
4134
2361
1274
4635
2455
2106
4222
3503
3291
994
3449
2434
4130
1622
3127
1914
4439
2689
2143
4841
3429
4584
1339
2767
4772
4285
1196
3452
4909
1875
3748
1478
3765
2039
4253
3357
1202
4463
3288
4473
2125
3118
2893
4681
3483
4665
4053
1667
3752
4183
4866
4181
1195
3072
3580
4242
4075
2722
3702
3438
4419
4847
4252
2134
2011
2319
4596
708
4767
3213
3806
4424
4880
2843
3042
1961
2603
2167
3086
3893
4628
1104
4463
2711
4719
2050
2483
3781
3389
2840
4615
3659
4356
3869
3269
3081
1793
2767
1874
4429
4550
3003
2031
4455
4665
3091
4730
1945
3594
3912
2315
1092
2055
3783
1227
4530
4631
2121
1323
2968
3950
4759
1473
4134
4109
1432
4330
4737
4475
1839
1372
3911
4084
1927
3344
4456
4292
1722
3707
4424
2159
4594
3061
894
3139
3586
3387
4779
3404
4480
4807
4853
2944
4227
4836
4329
4213
4697
4603
3468
3742
4896
4252
3530
3029
3887
3549
4647
4840
2458
4203
2091
4128
3444
4411
1037
4402
4284
3780
1995
3175
3183
4805
1777
4896
2714
1028
3564
4761
4256
2713
3707
2852
4841
3999
3032
937
3727
644
2474
3190
4850
4625
2433
4904
3840
3338
3807
1222
2464
3412
1169
2952
1560
4684
2035
3995
4657
2576
4483
3507
2181
4484
3931
1110
4846
4148
2934
730
2358
4670
3965
3911
4062
2810
2369
3658
910
3700
4446
3255
2416
4521
1006
4281
1100
242
3282
560
2701
4580
2357
4007
4815
2248
1220
2659
2072
2060
3756
4802
4735
1293
4689
3270
3398
1821
3024
4867
933
2690
4815
3533
4316
4566
4556
1081
3442
2349
4716
4394
1283
2719
4827
733
4138
873
2615
3046
3302
1869
3076
3664
2134
4308
1381
4361
3577
1014
3358
1141
2896
4659
4040
2730
2190
4533
3328
3407
430
4204
4368
1269
4478
4177
2560
4688
4050
2549
3287
2527
4592
3779
3954
2354
3517
3977
3704
564
3703
3649
3949
3736
4055
2489
1939
2785
4587
2212
3450
4349
4547
3984
786
1367
2231
4614
1143
1486
776
3763
1501
3369
4781
3367
1658
4830
3901
1761
4172
3752
3675
3889
4261
1225
1881
1225
3741
3599
1326
1673
2004
2329
4282
2856
3046
2783
2135
750
3712
2606
4841
2160
4232
3522
3998
4268
4035
3389
4293
2636
2799
2137
4806
4897
2670
3864
3128
4449
4196
4415
4584
3787
3662
3698
4078
4816
2228
2878
4728
4788
3359
1398
1655
4819
3065
3729
1655
3282
4756
2988
1323
2470
4601
3082
1372
1100
4727
4774
2834
3687
436
1873
2615
3427
3712
3467
1104
4502
4780
4134
4551
3046
760
4495
2859
3985
3587
4659
3717
4331
1323
2226
2712
3734
4814
3485
3220
2749
4255
3315
1998
1468
2361
2327
3921
2732
4048
4811
4697
4150
2922
4615
4331
1551
1925
3885
3774
4601
3228
3295
4868
4329
1030
3263
3142
3153
4423
4697
978
3931
2444
3693
1339
4014
3137
3941
1835
4629
2731
2473
3585
3979
3933
4891
2820
4142
1681
2584
2677
4515
2064
1809
1926
2712
3982
4508
3823
2634
4478
4810
3196
4547
1604
2765
3053
1487
2122
4446
4560
4854
745
3797
2354
3672
3249
4434
1642
1763
361
3810
1850
3882
916
3453
4907
4487
4114
4552
2951
3219
3604
3670
3518
4605
2026
1984
3956
3474
4896
4697
2641
4646
4452
3144
4751
3869
1810
3920
2784
4198
4746
4363
3986
3976
4326
2614
1302
4314
3975
2582
4098
2953
3927
4723
3721
287
4118
3085
2280
4352
4067
94
1814
3508
4908
4687
3151
3540
2277
1803
4577
1542
3557
3680
3255
4714
2597
3775
4258
2695
4586
1602
2316
4152
3715
3909
1159
1921
2334
2045
3496
3597
4466
2417
3707
3480
3650
4710
1574
4793
2280
3071
4751
3069
4535
831
2831
1472
3856
4284
3150
4646
3373
629
4205
3138
4361
2387
3739
2731
3475
4482
3643
929
2738
4198
3178
2317
802
3611
1420
3077
3346
2640
2152
3518
1569
3109
4511
4643
3905
4637
4625
2628
3890
3981
3738
1412
3083
4430
4883
4264
3860
3777
2515
2961
2826
4621
4210
1016
2067
2204
2129
4679
4356
597
1343
4633
3929
2227
788
3555
4514
2279
4726
3503
4671
4169
4794
4596
3762
4716
2924
4723
3421
4153
4203
3811
4362
4612
1625
3135
3541
4798
2131
3434
4437
3076
1479
1562
4384
3607
317
3240
4352
3725
3190
1913
4095
1468
3081
3374
3071
2753
3298
4139
3764
3760
2712
4582
1272
2027
3009
3501
4759
4461
926
4615
3275
3359
3550
1942
1350
1940
2142
4296
3587
3722
4835
1340
3756
3647
3296
4102
4841
4701
1331
4644
4408
1438
2620
1122
4555
2597
3963
3687
3538
2708
1310
626
3794
3733
4319
3461
913
3968
3609
4780
4014
1405
4410
4613
2530
4769
2230
4550
3666
4553
1401
1371
1258
4343
4681
4445
972
4103
4414
4387
4133
4582
4103
1234
2811
4238
4879
1426
4872
4078
3599
1537
4478
4649
4798
3222
4124
3166
4493
3140
2728
4371
2476
1997
3210
2591
2977
4393
2014
4533
4500
4685
4882
3916
1236
3069
4561
1128
2070
3195
2760
4649
632
2217
4765
1831
4857
3519
2306
4191
1679
4022
4309
4487
4227
3019
2637
1957
3425
2903
1662
4771
1734
2576
4289
3451
2499
3027
3520
3945
3090
2464
1157
4617
3960
4041
3280
4328
3758
3783
4081
2031
3948
3568
635
3861
3276
4847
4244
2666
4803
4692
2591
4291
3510
3973
3462
4656
2552
2780
3110
1763
2938
3724
4540
2452
4119
3877
3840
3473
1451
3366
1534
1386
1421
2496
3683
2130
2939
2894
3842
2518
3565
4033
3304
4502
4324
1322
4003
3987
3237
1550
4542
3341
4883
1640
4590
3405
3505
1246
4454
811
3099
4478
3732
4114
3467
3254
3474
3266
4440
3910
2439
4243
3047
2063
4902
4579
3232
3102
4827
2563
1954
4587
2750
3462
2106
4759
3612
2817
3058
3783
1233
1951
1164
4201
2221
4345
4336
2576
2049
2894
3614
2513
2939
2093
1951
3183
2948
4771
957
790
2806
4361
3046
2484
3475
3867
3710
3154
4390
2927
3654
3494
4231
4336
3325
4757
1062
1813
1240
3504
2698
1853
2951
4805
4340
3196
2991
2406
3989
4809
3134
3642
4316
4748
3765
4471
4848
1174
3466
4821
2523
3589
311
3243
4610
3721
4545
3287
1276
3841
2714
2103
2547
4231
4410
4568
4393
1931
646
4258
4359
3859
2055
4051
3524
2360
4069
313
4283
775
4831
3325
4362
2347
4416
2562
1270
4302
4046
2161
3932
2468
3079
2030
607
4240
2551
3907
3284
1761
3096
2772
3834
4170
3718
4679
2959
2532
1544
4229
613
3262
2169
4635
3904
4486
1727
3922
1372
4218
3513
3011
4621
2839
1037
2643
4035
4287
1898
1591
2284
3910
3904
3730
2618
2473
3879
3508
1196
3610
4112
4029
3414
4789
3939
4850
4671
3913
993
4607
3822
3123
3059
1179
1439
4850
3918
4691
2024
3985
1366
2717
3335
3728
3991
2559
4837
502
502
4586
4475
3791
2430
4140
4687
2512
772
4813
4466
2711
3239
2489
2998
2702
4319
683
2710
4700
1748
4646
1382
896
4065
4863
4257
4033
2478
1985
4477
4376
2487
4146
4399
4647
1572
4696
919
2333
4416
778
3391
3018
4366
4657
3292
3883
2869
4494
3941
1560
1514
4843
4843
3764
2652
2481
4297
3961
4878
2916
1737
3595
4104
394
4700
1481
4545
4527
3766
1352
1893
3835
3076
2255
953
4823
4468
4136
1537
3860
1830
3268
1469
3623
3395
2310
2869
2218
1847
4088
3766
3940
2057
2659
2993
4888
3967
4009
3874
1458
1235
3022
3364
4149
1741
2385
4547
2195
836
4618
3771
1258
839
3467
2354
2779
2483
4292
4454
3160
3856
1521
4150
4431
3141
3272
3576
3034
3068
4673
3922
4253
4839
1901
2763
969
2314
1560
1815
4069
3725
3475
2994
4110
4192
2194
2019
4632
2345
3179
4435
1491
2929
1592
2561
2696
4057
4050
2526
1529
3940
3325
1442
300
4737
3056
4217
3314
1337
2836
2744
2171
4583
4134
3923
4423
3666
4228
3278
2979
1292
4837
1308
4102
3973
3198
4353
4484
4825
1862
4615
3569
