1985
631
2171
2419
960
305
704
116
3707
1766
2661
2223
1439
20
988
2070
1003
882
3380
943
334
1376
475
177
2903
2333
1227
2048
1369
301
2127
2056
1949
1744
2631
2821
2624
1046
1500
3068
2872
2900
785
2284
2749
51
167
1206
70
144
704
2152
659
2870
1705
3160
1286
1756
2437
1097
1765
2753
1605
2243
797
4447
4567
3155
636
3902
117
937
1735
1498
462
1857
1817
740
3671
1804
233
109
3646
2993
2031
1367
1444
1395
986
4043
1748
461
1032
3987
1041
1336
322
293
3940
225
2916
2111
341
1322
551
919
89
1124
3599
989
1041
2458
463
123
3193
2537
1743
2569
501
596
163
246
2123
1234
424
253
497
2659
2138
1734
2662
3916
2143
1909
273
713
3284
551
3925
1095
29
2120
3922
402
450
1796
1744
1438
1728
245
1692
1456
1215
1674
1657
701
726
1094
2474
333
1208
1240
232
795
545
1166
946
1564
3464
2012
354
2628
1520
2932
1714
1620
454
2643
1909
1431
1806
975
1068
1060
786
4142
2545
2465
1055
1341
1312
896
475
2639
814
350
534
498
2591
396
4185
299
4510
2747
1708
1825
3191
608
728
3778
3552
3228
2772
818
1490
1367
2079
1692
183
16
751
1475
2410
1223
1473
66
3291
338
1205
2856
1643
728
4168
3684
4790
1330
25
1975
2071
2324
965
1374
3057
2138
1469
3713
1971
1495
212
428
873
498
1438
1164
1123
1245
917
324
977
1151
1327
844
1453
1923
2116
1454
1257
816
1606
405
2054
324
0
3512
758
421
2086
3529
2751
489
1624
1330
1799
3537
101
13
863
1604
525
917
1541
605
4091
348
514
979
130
2119
3489
2527
3770
135
183
41
3446
2197
860
575
412
2344
2683
341
2421
19
3824
1173
1052
550
58
1084
2026
930
2663
2024
2125
3465
1377
1175
1380
576
3331
559
1341
1616
2558
2273
32
2497
1260
3559
2432
1511
174
3733
1220
3419
108
1429
994
947
358
1446
2936
209
1141
1409
805
2630
1868
4011
2225
2661
1321
487
707
527
997
4118
340
945
2497
2278
1316
293
1517
679
1846
692
2700
1367
1254
3592
294
163
1007
3356
20
1045
1447
550
781
1267
1467
731
1171
962
513
1655
2983
330
658
408
202
62
1540
241
1295
72
3511
2994
2443
34
99
48
2780
2649
1676
2861
2056
3194
1599
635
2472
332
1825
824
1007
3001
2927
1863
2422
2211
2749
1007
3655
1425
315
816
2450
3087
535
3104
2085
1836
4343
1097
3564
3791
3278
286
1704
1089
1798
1435
1593
1441
1500
2287
955
3299
2115
3719
309
3250
2650
1217
2058
2392
1406
2399
3435
3877
1722
1511
798
12
3304
2828
4563
1343
1521
1486
1111
252
1987
1041
3971
282
3444
2818
3457
453
2723
1524
707
1965
655
1848
3048
2345
2167
4835
501
1283
2248
1024
3186
835
245
732
1022
3019
3092
1410
3871
1482
1561
4570
1090
2093
2053
1580
392
2103
3400
4026
308
335
1450
3337
2820
437
603
4612
167
1047
1886
2827
3203
3407
310
2925
2691
812
915
224
1979
61
2480
725
808
1108
4116
3495
2556
4655
2611
2625
1225
1873
2645
1575
3220
667
1363
647
1567
1224
1707
1760
3568
2426
291
463
1812
2574
2089
2502
1158
3135
1921
516
82
887
3695
1294
182
431
2043
2054
76
2075
1216
1082
3780
1466
406
2783
1911
1090
4221
109
283
3641
3553
2467
3726
1296
2916
2480
2274
1612
1770
1095
2222
719
83
3589
2683
777
464
1275
3067
1676
1807
2881
330
2087
1121
3522
3603
1593
1391
2091
1108
677
5
278
418
611
59
585
2001
3810
2002
239
4117
686
929
687
612
3663
525
921
1935
1093
1159
255
1331
15
3060
1956
576
254
1247
1177
1378
1793
2840
4385
138
3714
1257
2285
1639
1977
2346
717
666
4177
977
2372
1170
138
1487
2767
1357
1031
158
834
263
1881
2635
1765
64
3087
2277
1800
3546
1696
3279
471
2602
878
2667
2801
4717
2462
464
1995
650
448
1736
2129
812
1031
2712
1681
130
502
876
2141
1241
95
1953
3007
2055
1114
2621
731
411
536
984
1919
1830
3265
731
709
419
2801
1364
4045
820
366
2170
205
187
2827
800
1747
2703
2085
1310
2711
1084
209
1761
796
420
1574
2003
748
1643
3383
1582
3318
2201
820
1974
933
2580
245
2898
802
826
2712
3256
1860
4047
1536
138
1110
3671
118
1050
872
591
265
2369
1975
1427
1109
2822
3686
1620
2059
2446
2634
2968
2325
1170
748
1203
3021
2695
1956
3254
526
2252
2467
776
64
2971
588
800
384
775
1435
3139
627
2780
1542
1333
784
692
448
3617
1896
170
3318
716
295
676
369
2450
73
1379
1299
1962
2322
2908
36
3650
2777
1095
3932
1128
862
2297
2358
1402
79
3630
390
771
2352
531
4177
435
3691
2146
2834
8
587
3129
2066
621
2592
3300
422
2488
358
895
2603
1534
946
616
2842
3446
6
2306
2048
860
773
2358
1844
388
1190
2924
478
2565
2733
1386
705
2215
1511
3967
132
851
2286
2584
706
1943
927
2564
1374
1667
2347
345
1052
733
2879
2700
722
708
1002
1117
1041
1404
3603
818
3646
705
1785
3884
4028
1167
761
1098
526
106
3217
977
1143
997
2976
167
1242
2419
161
2364
4357
2190
713
3031
720
955
838
10
2350
2895
3176
4585
2966
3575
428
379
3212
364
106
1352
3127
2504
710
1532
544
3073
14
295
1206
1183
922
124
301
2877
544
2254
117
824
1768
2476
359
3443
1934
1615
184
366
1326
1345
2084
163
2443
2159
1567
2143
589
1081
324
2501
4357
1267
1447
2970
61
1098
223
1504
414
121
2274
2505
2351
3037
28
196
1661
2859
903
3787
1614
2384
1514
206
2426
0
1250
141
1016
1908
2822
1105
4294
729
3189
1405
590
3799
1084
1312
2585
1089
873
1207
2144
3543
1391
2258
444
2410
430
669
23
825
1095
3898
2106
55
1349
724
1264
1795
517
3788
834
1279
340
1497
1840
999
2683
582
1997
316
1
1452
1130
78
929
3984
944
1985
947
1464
347
3338
1188
1315
2647
950
363
434
2131
1445
841
1480
289
783
1526
1350
2671
1830
4771
2377
4047
3490
1201
1594
2896
1076
218
1491
2464
2896
3056
1880
373
615
549
124
1442
1779
1372
3709
2506
870
383
242
2193
715
3549
4088
4063
0
1107
2011
1561
687
889
1338
1308
1032
1634
130
53
64
3415
284
2949
1961
1717
2672
2307
1320
631
1337
1915
2266
2411
1051
1535
80
2002
311
2275
2373
1382
344
861
1020
3265
511
652
3736
3595
3632
2316
1440
3752
2750
971
2883
1301
3078
51
1445
1088
1613
2775
85
1291
1185
1242
1420
1200
2793
3118
2510
1102
312
2432
1024
1047
3164
1831
1393
891
1085
1607
2179
722
1506
924
1784
545
823
650
371
3297
3168
2239
3
2969
946
308
2205
141
679
1708
431
720
623
1578
2513
2846
3062
1268
1188
802
2370
2996
1810
2819
4158
1579
1300
770
1720
2597
2880
1036
859
350
2880
3018
1133
3966
1795
1311
1389
910
1943
317
2144
3020
2007
4
1527
1840
2504
1797
1041
43
1260
2490
1324
493
856
1774
142
100
1464
1797
2673
2164
737
771
749
1190
2292
3176
3018
1788
3510
2915
4592
382
536
3646
2635
595
3333
1466
777
1389
424
3996
1988
404
1683
327
4657
1554
283
38
1376
1607
3237
1793
345
1010
665
1062
290
3458
2799
763
288
3300
561
2404
2312
3140
178
1021
224
1009
2528
668
2472
3524
493
811
1896
3809
3176
4087
777
1487
2296
1352
321
1381
925
1640
2125
2265
317
1588
1029
490
300
2062
1425
1145
529
1776
29
2901
3420
246
2437
67
2910
3833
205
1096
562
104
238
4171
408
383
1872
3112
545
1155
722
1560
2727
3879
2583
2141
1418
3859
3104
3884
2379
625
448
4447
1624
572
2879
422
1542
99
3179
3729
1739
1000
3476
1251
298
2368
3933
932
44
507
3412
241
612
4068
2856
3967
1156
1723
3727
1607
2212
1075
1333
2164
390
1166
2172
1145
753
2835
1297
1214
1104
17
321
1375
3765
1142
1577
503
3104
1939
211
1402
1786
2569
2249
858
458
3053
434
2852
2852
2312
1808
1659
354
900
1894
624
1492
1144
637
1980
1269
1673
275
1184
3813
369
2062
279
385
1547
2291
2212
1245
1528
1911
3958
663
1156
2548
1261
28
870
1657
3157
2360
1858
417
591
133
285
1088
788
3167
3695
443
2005
1321
1834
880
618
3207
1641
32
4053
979
292
1213
2851
213
3205
2422
113
299
1751
539
1240
2897
888
1287
108
34
3506
3345
605
562
2803
2786
2027
1556
853
1041
1791
2164
841
321
183
154
656
1405
3456
1377
974
2880
1211
2689
2257
4076
912
699
126
1804
383
966
1299
1
252
1840
1434
1235
3186
1030
3590
179
308
737
277
2033
1621
767
1793
1414
2544
1089
1740
66
2273
986
1458
4234
465
1288
1219
378
3768
1226
484
1006
1634
1070
2469
2539
193
1807
373
2484
1671
6
113
1091
555
1211
426
1343
3133
197
41
3604
882
2688
3974
1176
412
313
307
736
2621
188
1719
2415
2154
3371
4166
1139
343
347
488
2037
2769
1862
3223
1170
1733
1427
126
3918
745
2511
291
4051
3149
3328
1023
1922
2049
3844
1178
3443
436
2970
1904
3531
1425
3171
2861
2639
1653
1411
2826
1318
2226
781
1245
3583
526
70
623
3636
720
4346
2199
2659
3181
2489
4677
962
2096
830
630
529
1294
1969
3748
3258
4065
1647
128
18
552
209
1161
4201
234
251
662
618
2365
1790
199
3126
246
615
579
1056
3676
428
2066
727
827
693
3052
2785
11
1273
1464
3633
2369
2754
20
3599
53
858
305
2082
1285
1309
1819
1721
879
932
1825
1624
1386
419
287
207
4244
662
378
2435
2595
2962
1402
669
2686
200
2330
259
2548
383
2757
399
4110
322
2039
276
103
733
2753
1276
479
3225
285
1327
687
1002
1669
1103
216
3262
1470
1119
2402
1601
2411
1026
1346
1595
440
2060
693
3968
330
2689
1307
297
47
1148
2311
523
894
437
219
2628
4423
261
1409
1585
1621
1880
1020
1472
1581
2301
1130
1846
1259
1294
1464
231
701
2785
1547
1795
2591
23
476
3110
468
606
2207
731
3263
2206
4274
1052
842
698
487
882
3362
349
108
285
2138
176
1250
83
2656
3867
674
2168
1329
2998
880
135
3414
2353
372
4390
867
3321
2577
2060
596
3794
1738
1874
747
550
734
2274
3675
1656
1560
666
3141
2571
1940
4084
2524
399
44
4041
3326
609
608
4151
1531
1975
2038
491
1500
395
3559
1977
1590
918
635
3593
1225
707
255
1133
3331
259
1060
1824
3225
1055
1046
3564
819
3165
198
925
231
366
88
2169
1264
1038
617
2676
409
162
538
1901
402
1476
103
3263
1036
3361
1533
1208
2157
729
1461
266
412
1433
344
348
1321
1338
2107
470
152
2474
904
2004
2536
454
2931
310
564
1859
3659
1233
3411
142
774
515
2561
1143
368
980
1103
374
533
409
1353
1976
2065
143
1159
3116
1316
583
2463
25
1627
2627
2789
3126
449
2011
1304
2049
1321
1958
3467
30
1030
2527
420
4026
60
605
2946
755
1035
520
2116
75
2438
2642
1635
2452
4364
3301
421
137
2982
1859
435
3539
571
2687
690
106
1715
4238
291
3652
3426
233
679
3088
692
2693
3410
961
175
2011
4371
1855
2297
109
3052
2422
3773
2087
127
336
844
80
64
1912
1901
2268
394
2020
1081
2228
2550
964
1246
883
1922
570
174
41
2321
2761
2341
686
439
2660
2135
2966
771
607
145
1184
536
2739
862
1032
3254
1227
1693
4073
798
205
1634
56
2753
2219
1838
1435
2812
1004
2004
2212
387
1906
533
1311
133
2749
1144
264
74
2662
1630
1332
4126
496
531
1775
952
3469
1500
128
3107
1080
1349
1500
3101
537
1215
402
642
747
694
360
1668
703
938
2266
252
2424
2197
1780
480
139
783
1100
3437
746
3349
3530
199
2399
1101
2694
152
2587
1230
3913
3502
2886
2375
2197
1343
513
2959
998
160
2858
1791
3512
910
2938
1909
1575
1256
3149
1810
2357
1190
2720
982
3336
874
2997
2894
437
476
2141
1342
1034
1509
904
1953
1537
2270
1880
2675
430
2386
2238
1909
262
182
897
2528
2281
739
1854
1472
1552
837
1008
2595
1122
1116
1501
1847
2684
631
3939
2589
1770
2485
873
893
2463
3471
1236
3457
4770
1301
466
1784
1444
1679
1316
835
743
1826
1696
3927
3225
949
2304
197
1538
2707
412
2117
923
4323
887
2700
1752
2883
2026
2588
2333
516
2231
2326
2205
30
1299
4209
976
181
828
1741
2411
810
1671
1907
2330
3068
1793
3540
371
3862
1417
3140
3552
2285
860
1345
3836
866
3546
2648
1107
6
3053
2370
2180
333
1766
349
1080
927
2103
590
1253
710
1447
306
1653
798
22
2268
2033
2411
1966
2756
389
1021
3801
2031
1718
2404
122
2566
1433
1180
2878
452
1338
2599
1912
687
1624
632
2762
2507
642
254
1739
393
3535
296
742
455
1324
696
371
879
2643
43
37
1279
154
775
1517
807
1364
555
2352
2055
1308
1457
437
130
2293
113
3348
1432
3889
85
2190
2307
39
3666
1079
2504
815
351
4444
2262
1017
1678
3167
1187
1283
3326
3648
255
740
1417
584
3402
1443
2322
1437
1453
869
2543
2047
1341
324
414
9
1753
1950
3945
3206
2718
573
1765
878
908
1776
290
1105
2528
909
1303
1189
796
2689
1980
80
1966
988
1939
1922
2692
953
1089
3467
3690
2565
768
1739
210
1699
521
246
1110
3269
1061
2891
1127
1936
2099
1480
1716
1685
1802
214
1540
301
1068
2770
383
386
535
524
3083
245
4208
473
1554
3942
1508
2284
3085
55
1777
196
2395
2367
297
967
2885
3923
1124
1135
3061
2904
3742
4154
2035
3838
1119
221
2149
2784
1119
215
7
893
3526
328
666
727
2765
1362
2051
2052
1237
1611
1763
2606
654
3215
875
3313
868
1640
1493
344
1755
1542
3924
4062
3638
358
61
1900
392
501
1463
1630
292
1106
1160
559
3352
965
718
33
3455
1039
432
2764
2406
1512
1143
4197
1242
1022
84
376
772
968
1402
1089
790
1516
202
323
117
2501
1250
1393
2896
894
2435
79
1028
2227
107
319
2285
457
1106
530
1687
1504
1272
164
1678
1959
1762
1295
2511
1089
648
869
1912
1883
2789
395
1904
32
3803
1138
740
3179
787
1557
789
236
817
1899
2280
683
3057
1603
892
1949
1985
161
1714
2520
627
2948
1348
1029
978
1790
1413
882
761
1845
2427
1608
735
782
1471
454
51
4707
2349
1112
2372
115
2331
1942
3930
3096
2060
550
2106
1452
2086
2191
1393
1607
1834
443
2018
533
2757
3085
91
3500
3905
1785
2954
2425
1192
3177
2992
723
275
978
3207
3680
1430
120
2270
2371
147
1223
3689
1170
427
1243
663
1132
2597
670
3436
884
242
737
425
1904
2692
2718
4307
3722
2604
719
1946
4354
1172
4698
2632
3250
2005
3878
578
1128
422
2043
414
3115
3649
1617
1713
539
1132
3264
228
641
186
1327
3659
2004
2587
101
1083
1094
1405
863
1207
4084
527
1685
1054
1261
289
3451
2215
199
3080
3056
231
110
499
2935
2418
3356
1651
250
424
2142
3339
1679
2885
3483
449
2848
2221
1598
2037
201
1340
3017
421
1828
3098
4294
196
796
1263
1425
733
669
1515
54
211
2059
2316
1606
1230
844
1125
995
1713
96
786
2893
3658
64
2463
1096
1392
980
2382
1008
3430
1166
1052
693
2006
893
1942
2011
1966
3090
601
989
1003
533
2165
2681
422
1821
935
3909
2444
357
3240
705
648
2040
4607
1539
1569
3363
1926
2382
1437
424
1146
1237
2709
722
174
728
205
408
249
1325
3085
1735
105
1323
3269
261
527
892
2148
1622
258
3870
2114
541
2551
391
2542
216
788
289
1980
3645
1754
591
1236
1136
241
1163
1091
2247
3730
202
541
274
891
758
620
770
2860
1961
269
2598
3120
2085
2341
1873
3650
3471
799
412
1377
691
3753
3733
1127
698
890
4331
1310
2029
1320
347
3198
2811
449
296
539
674
364
4113
3689
353
453
1293
66
3680
1926
3426
447
4199
2941
184
2480
2454
1908
3861
1052
521
239
2847
1122
4005
400
2494
1120
1908
986
1830
615
1895
627
1233
496
1887
207
1008
1533
1062
838
2043
15
1561
409
1346
3014
1797
1525
2895
1361
708
3434
177
2640
736
659
1915
644
2670
2500
1600
1154
224
917
2936
1692
542
540
1452
1123
2102
975
4265
793
118
11
81
535
2891
2085
1887
523
1315
2564
3254
20
1595
2076
1502
2176
2411
2192
2544
1471
181
248
1303
517
495
3158
4224
859
1495
2299
3688
1269
815
3138
4382
825
2615
222
3369
183
940
3803
1791
2717
262
571
1128
966
803
2868
1763
2106
2301
1578
1865
3131
1005
1729
137
1317
1451
1272
1017
89
152
819
481
119
333
2889
1393
772
43
978
733
200
1707
749
300
2393
3801
2810
1222
271
1309
1024
1250
1906
1949
495
2033
3861
986
1468
2400
801
184
792
2919
296
903
1073
2754
2865
4287
2724
1652
2235
757
2152
1741
4105
3058
761
224
1027
1421
1509
410
2126
1445
3504
1845
610
4103
1548
2800
2523
3864
143
1357
980
699
902
366
302
881
902
332
458
477
3933
954
3411
1475
169
1328
2345
761
1756
4561
862
383
1164
861
994
1609
1010
891
79
987
2252
963
3254
408
883
559
2681
482
3404
2990
1430
76
3667
64
3436
2047
863
3371
1629
662
1325
2162
1682
1281
3440
77
3374
2551
2489
517
3281
3636
2177
1865
3345
236
2865
2713
31
489
1142
4102
1839
2046
404
1653
1651
946
1697
4621
1884
1707
590
2647
1174
2634
256
2352
2705
2274
2430
2853
1468
1062
1980
331
2741
1821
1914
733
1309
576
562
1787
97
378
2440
520
2999
3916
1938
446
4010
2437
732
3402
1442
1122
3331
146
1656
2547
1617
2361
1140
3518
1009
3506
457
668
1669
68
2835
4491
4691
1019
909
1138
1612
1116
2307
5
658
111
817
4549
2405
1820
122
2885
3663
1844
814
368
1130
4311
539
694
339
889
2750
2001
75
1069
4152
1814
478
1358
2973
710
2631
1190
1746
730
1429
1881
3530
643
3265
653
1195
1546
968
2763
1364
901
1770
1523
2129
24
3
39
1790
618
497
1090
1982
4378
1557
1674
431
710
1147
3455
241
183
3125
4080
1533
1214
2914
752
1383
1756
1039
609
335
426
128
1703
558
3537
373
2380
170
808
2459
2095
604
1126
94
0
2358
1494
2527
2888
1558
242
46
94
457
7
2410
181
1305
1045
827
786
1813
1100
3478
1345
328
396
3738
465
407
737
2257
231
536
2181
793
865
1855
848
648
445
3577
1301
1186
1021
1393
1841
92
2221
1072
4102
495
71
1687
2975
1897
2048
1456
1043
201
980
802
1442
2638
1654
230
1955
4114
418
3441
2035
492
1889
283
1660
936
1071
707
546
896
1346
1617
3298
2023
2879
872
1888
1626
3507
1403
2651
123
1196
2207
2162
677
730
3029
2919
859
684
3282
4233
1160
1691
111
2106
2117
1459
3553
966
3158
2955
3916
2579
2093
964
1680
591
1887
2896
355
1581
2539
824
739
512
408
4361
1462
1628
1309
264
2798
724
2385
1824
466
516
1051
923
136
2000
2396
3288
1296
740
4338
1715
950
160
616
3702
348
288
1671
3200
2809
467
777
1234
3224
2274
351
1099
3304
2782
21
2072
3743
794
653
924
4237
3841
1019
816
2429
2950
1526
378
3566
357
86
1322
460
2144
2155
2225
1342
2069
365
3358
1512
926
2440
2567
1634
1309
368
366
1785
2553
882
2046
1515
2598
278
1913
1291
166
1159
3330
3074
3378
1968
2316
1323
1129
2572
3766
1486
1346
935
1887
2774
2286
395
1860
1247
1628
1293
2489
3140
3161
264
1700
3778
2180
1255
2456
1310
1342
1248
137
520
260
321
207
1549
3396
490
440
3757
1021
739
115
1008
380
2346
2881
2374
2210
305
78
426
2416
2910
338
1303
3
951
1111
1178
2144
924
243
2821
3060
570
1521
2052
1379
1434
2639
3622
705
754
292
2316
1652
1104
1633
843
2653
3136
3083
871
2456
35
3259
2369
1291
26
40
1213
4
3478
666
1535
4263
795
831
1004
1368
1110
1139
2112
415
2665
1510
1923
2770
353
1864
1270
1097
924
1184
621
1413
1402
659
63
1567
2976
2033
1748
3235
1477
2470
341
2395
2089
195
791
3432
2569
1313
1201
3602
4046
140
2433
3861
1170
197
2930
3266
4423
273
2028
1209
639
2378
934
416
388
3622
950
1089
2438
1013
898
74
1745
22
4149
1484
3171
918
2627
3142
810
1201
1445
1210
1261
95
4094
2339
691
1950
1923
780
1344
1884
2528
1684
2694
1826
1196
231
2798
51
121
3278
1354
3157
333
2050
800
1493
1113
2149
3027
3846
1122
193
136
276
89
1052
876
1233
3718
3621
791
487
514
4436
607
1419
1220
500
2996
2466
713
61
2384
1278
1014
2318
1565
2376
4275
27
1104
3842
567
2182
2881
2386
1085
989
2210
2394
1082
328
2810
309
192
23
1567
3710
2096
1031
1563
1153
1369
3166
2581
649
3143
1492
3308
3136
308
1130
764
4642
2612
240
1815
1952
916
14
1769
1464
2259
473
4069
1593
1044
809
1324
675
550
2237
1589
2168
318
1846
471
492
2450
1525
2477
1806
2627
1809
2740
1825
2461
407
273
86
1979
280
343
458
2609
3101
2647
1559
1358
2052
2272
2113
2344
464
72
1207
2616
705
648
1606
627
322
1129
86
1012
2785
2555
3834
1075
967
1304
1794
1872
787
722
618
3086
403
1125
1824
730
3473
2015
204
61
4261
122
1256
1645
3861
1764
265
736
182
67
1288
3052
1446
1683
1370
3220
765
4416
99
1206
159
760
1138
83
2330
4183
4094
770
1209
3811
558
1241
946
1122
2380
565
1569
1877
1100
1965
2537
2167
640
777
1757
1070
2461
3217
3627
834
1049
1011
1300
1179
2794
2229
642
1352
1030
2106
868
3061
1487
376
732
1918
78
14
3442
1581
1359
1363
1778
161
766
1356
596
1020
2161
2311
3649
1682
297
1531
2516
212
665
1081
4004
482
3049
4377
1169
3203
3846
3988
3632
1775
2331
1286
2381
2610
1951
653
2572
389
430
2753
835
1622
274
1513
423
101
1977
162
2816
2856
2366
3034
2242
2068
3819
2591
550
2636
898
888
1859
1424
1279
1038
64
91
2364
2265
3448
630
210
24
1943
882
3611
463
24
952
814
3895
2886
3374
3417
2037
948
1088
836
1682
2837
2299
1838
14
857
105
602
760
1377
844
1623
4727
791
1861
2589
406
3550
352
58
1771
2966
2396
1821
1905
1363
4225
1049
17
1122
1834
34
1062
440
944
3655
237
3311
2635
775
2854
2328
3436
422
1584
875
1899
3113
380
1947
4060
1174
271
726
2214
2269
180
3263
2050
1142
3522
462
755
135
1633
303
2423
3126
524
3353
332
4715
4
2199
561
2137
3695
465
1288
2714
3543
882
1216
25
3537
3406
3015
1071
707
2298
1051
809
300
1869
2774
2910
706
688
342
1757
1468
2583
1669
722
1944
1540
1266
1422
4308
3011
1665
567
579
256
917
3983
3857
1304
2966
947
931
792
827
3749
80
1907
1707
629
340
3541
1711
2909
1533
1203
449
2376
1184
2554
723
499
2240
1357
45
2684
2235
3288
1566
3831
1165
237
2550
2792
66
368
2622
4318
1126
986
1708
1280
2015
3785
2378
28
1844
2772
622
2100
755
1511
2130
1456
1099
1779
2364
3383
992
571
4149
1685
2411
1206
341
1866
3271
3233
1952
3554
1314
135
626
2534
3675
641
340
3055
174
707
1026
1875
2113
2478
1088
50
1767
2674
924
4707
4397
1065
2805
743
518
1205
1269
600
3120
1051
3788
1376
3721
1723
4040
1315
741
3982
322
1557
1603
661
221
58
258
1167
1055
403
1441
213
3138
1547
1211
687
3505
559
696
1199
1360
4626
295
287
1470
1006
1987
3369
1575
339
656
2692
3161
2784
4661
1750
206
2195
2946
571
3502
461
1490
1126
44
3474
75
2197
451
3544
116
447
2604
2749
1800
3160
3030
127
1537
1713
3306
621
3639
1854
1429
1906
2214
2522
2267
2258
790
3038
935
2711
293
3416
349
2036
978
149
595
703
1796
1245
863
2464
47
959
3157
596
2379
282
2315
454
2387
3669
1121
1488
312
2500
157
2031
3458
2218
329
293
319
918
1344
3212
1358
759
19
606
2035
2923
4479
1320
444
150
210
2443
1625
964
945
458
1557
4273
747
66
1934
825
1409
830
1101
1597
2175
1881
1755
457
554
615
1104
2495
226
1735
4337
1089
0
3626
1346
867
3925
2476
973
938
4394
1247
220
546
1490
4771
3030
1503
856
2997
2207
2092
3549
458
2159
1542
2274
2818
879
3385
2154
2776
1046
1749
2703
2545
846
336
2615
415
732
1609
2278
2771
61
3856
603
1692
1072
423
1038
1240
2568
2529
3588
1352
3751
1521
148
3608
495
1536
2324
1149
2856
2209
2724
1175
2897
366
1290
35
4810
1899
414
1046
38
1439
2298
798
1212
40
2327
2304
853
1731
39
1935
1952
3874
2282
2962
801
112
2102
4405
1393
375
1082
855
989
1934
485
1858
802
2421
166
218
2298
154
1476
4753
430
3204
240
1076
1701
192
1877
2860
1786
860
3139
1300
1084
2488
482
2127
140
2744
711
64
2583
965
1723
1778
292
1763
1702
4392
2299
2559
1358
1151
2069
446
1645
96
102
1570
184
1041
3021
608
1759
2571
889
1948
3980
1871
3530
169
1691
834
1020
1346
729
1042
2958
2804
455
1376
1423
186
2951
897
544
2335
280
1695
1105
2807
1567
1725
1987
1534
2119
3795
2006
714
3687
2309
2859
142
2508
1324
1437
968
3382
294
1983
2642
1044
2904
1706
1908
615
2580
1987
283
2558
211
660
473
2072
185
337
3202
1741
559
1650
1535
2714
2451
1553
1164
1040
3038
834
1679
1286
156
15
1051
1185
1246
1345
3200
2479
698
2952
657
1948
31
944
304
646
264
1304
2543
2924
2649
851
1555
1612
3089
3051
2743
2777
2923
102
1323
626
932
2378
779
1074
2120
1310
383
2020
901
3332
610
875
894
1936
373
914
314
3164
1452
102
74
782
321
1792
725
1681
1996
3696
544
588
1111
4251
1577
516
3216
458
1810
1505
3287
2038
1987
690
580
2019
3859
274
1563
900
75
2142
363
1454
1842
3501
820
146
682
4318
1620
595
1415
462
397
1777
3113
1934
1561
3564
2683
1810
38
482
31
939
1817
2158
2387
418
508
2984
828
3064
3021
2203
1903
2300
1638
2611
2163
1102
1225
16
2500
154
705
3343
68
3003
4105
641
442
1145
796
3250
3751
4163
2093
2832
106
245
907
3362
409
1361
559
2511
1494
1800
2482
179
291
578
152
933
3098
2803
15
2841
798
3230
3035
3750
3329
1404
2934
3730
1851
2702
240
2075
298
26
1002
2776
1371
1941
2317
2115
2347
560
3702
299
3299
3732
1151
2871
110
1741
914
441
808
1167
3325
2676
1945
3947
603
1486
1145
2803
274
3815
736
149
2953
1851
1410
1158
136
3207
251
2142
2259
453
1189
2063
3257
957
2625
3649
118
1687
435
437
679
3937
533
154
640
3670
521
152
1380
105
1530
871
1490
405
2175
2249
719
715
1135
886
1043
426
2407
498
913
477
412
1206
1115
1333
69
2373
1863
1793
1140
3926
1459
2193
2723
2599
1459
3
948
1837
3571
195
1200
756
4401
2901
423
1266
6
1831
4507
1052
1500
3008
793
116
1735
444
1519
1972
4400
444
61
2483
736
2832
4433
2390
148
2649
834
1389
3774
2339
2552
142
2713
182
2178
2644
864
47
3085
2624
3714
3631
4866
177
1484
2215
2084
2633
332
144
2815
1149
345
2872
2304
2995
1231
2205
3337
1598
2087
919
3641
3276
649
2606
2330
2869
365
1636
1295
537
1855
296
2769
4522
557
865
1815
2483
950
2468
988
1213
3693
4109
938
3246
3303
1206
398
835
1577
2822
1840
1029
1181
2523
3452
1422
3675
1181
246
920
201
2554
1317
88
1958
895
2039
529
718
1649
1127
1388
1119
3211
655
2551
2270
1642
2933
2096
3108
2177
4486
430
505
2759
284
3699
46
293
1985
543
1633
2936
85
1925
3375
2751
842
3489
1890
420
722
2691
2717
828
3207
1571
3370
553
2407
2048
394
2038
1405
2350
2481
449
305
660
3346
761
893
832
1818
2790
3637
303
1200
1846
2573
4202
1498
1503
3929
1104
518
2735
2792
2641
2170
847
3230
1947
2574
1163
911
628
3215
3970
1901
882
114
2734
2438
616
584
2231
2180
1722
2339
1005
234
3198
2083
2804
884
1427
3072
765
1831
323
1862
839
926
91
988
3512
537
990
1378
3472
3001
1842
2896
1013
389
3427
951
1166
2385
1859
763
154
2454
1773
3683
601
1526
860
394
3042
2079
214
2032
3518
1443
922
3365
3094
1971
3373
1883
2412
157
208
1988
2318
1450
3049
1074
1506
298
4340
829
1563
1127
1157
3888
64
1093
2683
4103
2444
2162
4565
1355
3898
4621
307
286
2569
397
216
2066
2383
2449
1249
964
349
1469
1261
259
3569
302
1581
1517
1182
3998
760
1335
4428
1056
235
2783
1802
281
1803
1894
4548
876
1646
2009
1048
1108
2140
1332
102
3091
109
2175
3458
426
1574
2491
294
2984
533
843
1207
256
2675
2859
1332
3762
2611
83
1036
1194
1519
246
128
3126
3136
1149
2436
2105
2905
700
877
1309
1612
2669
2
2366
1047
2790
992
1789
1951
1624
1380
1294
784
1844
2275
3580
1266
747
1510
676
748
4243
1564
762
2391
2340
970
1919
1337
1654
360
2566
23
3516
813
2597
59
2216
1974
1756
2118
2342
776
1941
1969
964
1193
1426
1212
1743
1136
2604
1195
3742
981
3448
3875
1853
398
2360
1227
100
3990
1906
2000
2007
1352
759
667
1582
1444
100
2107
3475
1621
545
937
766
3328
169
311
3059
2884
1369
152
1228
120
108
4077
1447
2416
1837
1742
2781
2629
1586
1892
86
1957
1764
2812
449
184
3621
3636
1395
402
2014
2631
55
1087
3122
241
4092
1666
104
1304
635
354
903
2767
492
3747
350
1239
1879
2341
294
1034
1257
3789
2095
4408
756
133
1833
1530
2157
140
57
1432
208
1569
3733
1808
1406
3524
3422
45
3442
542
3892
4287
3322
1861
2582
878
1377
1187
1142
2027
1740
1633
387
2145
444
914
463
1301
1200
1499
583
1096
90
2128
223
2845
426
2798
188
5
222
1437
1069
1044
410
2468
3869
1961
468
4231
241
511
975
1252
1531
2335
1391
588
407
526
1085
2270
2974
1408
3224
181
571
739
2236
1958
799
1931
2096
982
554
125
4213
1626
1858
2972
4136
1668
1103
121
1215
2191
1040
3723
2162
1471
1773
543
2315
3338
1290
21
1739
1527
814
572
197
616
484
2106
392
2650
444
1657
2248
839
3572
2187
2737
495
2388
1825
854
2414
2299
93
1907
1939
1595
885
4606
58
4405
1303
138
929
2783
866
3054
3570
2411
66
1457
1596
612
2094
501
291
1257
2394
1892
781
1166
2553
695
2214
801
136
3037
1103
2704
2175
945
722
1740
169
3677
2656
583
39
1690
201
4539
698
300
2648
2770
929
1179
498
1043
6
2570
375
67
447
1755
373
427
4189
607
32
158
1192
1004
411
1034
1819
1305
2114
4287
648
2592
717
1586
900
1530
3857
1290
1707
3559
122
815
2152
248
722
3385
2695
27
2977
2
719
677
686
1043
2120
2984
2791
19
3726
85
185
951
2393
355
612
2323
1021
1842
2301
1374
670
2121
3536
1269
1790
1963
866
278
76
642
698
915
2054
1119
1369
69
2382
1285
3883
2299
1097
122
2488
1635
1783
1177
4019
589
3045
1040
1417
3237
440
2297
88
599
1237
1747
1179
1060
2677
3550
1545
1161
927
625
654
940
2222
617
2133
492
3148
1672
829
330
1636
2164
3812
1655
1900
48
562
2268
139
1344
1821
235
2718
2275
67
1772
956
2986
3433
1301
2029
1383
1535
324
61
2425
1424
1101
61
2282
1085
2722
2462
3331
3836
1409
3904
1265
4418
1259
1771
2698
515
152
1180
3204
3668
384
518
953
1067
1778
1561
263
677
563
1465
24
906
1195
366
2762
1882
4655
1715
803
5
410
2482
2182
2508
1370
2056
884
1341
2863
1768
3586
898
51
2249
3528
2012
1093
973
400
2529
735
2868
2276
3348
549
2344
1340
1697
2249
2035
768
2636
2229
211
431
2797
2423
3539
183
1607
810
2211
4801
2455
209
1683
2437
387
1817
1606
1103
13
2601
1602
1800
2552
2052
2597
1876
1689
1037
884
1384
1542
3121
2850
2384
527
1715
2551
2036
2498
2444
4486
765
122
1753
470
2450
4075
481
3409
146
678
1322
659
1950
1426
719
251
1635
3323
760
2001
2118
8
398
502
1379
368
2974
186
2646
1256
1751
81
1627
2237
3073
2748
1694
1525
910
62
2687
296
950
116
2786
2268
472
202
899
3974
1672
3399
1886
1394
2211
1976
73
660
4361
755
2560
2865
3699
1408
3051
2018
1152
1461
4042
1565
234
1122
1428
314
2695
44
2117
328
895
700
2778
1134
897
852
617
284
695
598
1372
3645
596
1412
2885
343
428
673
2882
394
649
245
1048
766
334
3081
1939
3191
3239
2183
410
1486
3144
176
114
2657
872
3634
380
3892
1843
3025
3263
1822
171
376
1670
647
390
1413
1222
943
1495
1071
437
1224
4374
4012
3620
2597
298
501
1649
3949
340
2639
2635
2032
3107
406
3837
290
277
1150
804
1477
842
1355
3
1552
675
2906
200
527
184
3181
632
2583
957
2946
493
3091
1311
892
3291
3624
2711
1747
2492
1330
150
361
0
3072
336
2238
746
358
248
1318
1524
1282
1095
2847
3638
711
3622
1308
2575
1747
136
2391
2090
1244
2172
4454
517
4602
1426
2965
1604
2828
1206
595
1832
133
294
1025
1015
994
124
3230
102
1418
1904
1122
2635
606
2044
1304
874
1168
3878
85
2028
2287
3534
542
318
1746
1298
316
287
568
837
3344
691
453
1348
1039
1328
1841
966
60
1422
170
79
2090
2795
2811
71
152
1427
3361
835
2062
986
3446
964
2527
596
1883
610
2146
736
2063
1175
1417
1413
3722
1810
3935
102
1625
3562
1050
3326
889
717
185
1489
384
1828
154
1294
2235
1790
606
3133
2846
195
3387
3639
2850
1894
1883
4358
823
3185
1585
2637
3677
1235
334
1062
369
1982
2639
916
2947
652
2430
66
4256
4143
419
1363
1978
680
242
3864
2738
907
665
1726
3033
2282
1023
1874
450
991
611
794
279
781
1841
457
859
3730
631
2169
1653
4094
281
674
2190
90
2113
1470
1004
1211
1950
1547
1920
296
1033
1029
1198
2543
1050
971
652
751
1838
3224
2343
483
3534
3230
2957
1396
3889
46
2256
484
1413
326
946
4318
1877
1107
799
2687
3371
2025
2847
1510
1365
138
830
129
3001
3828
514
132
3807
1381
849
2143
1707
441
2368
2882
221
579
1726
2254
2170
1038
603
586
3481
1156
1003
1822
868
555
477
148
3080
3475
3028
365
32
2706
2934
2816
1191
2040
2232
2127
1152
759
3985
1235
579
41
3572
1273
3075
1700
665
1189
1593
1160
395
3707
2556
860
2511
386
839
2292
1678
1171
322
950
3153
1275
226
840
2496
1031
147
3810
1177
3827
1853
176
1616
468
3326
4243
1433
3372
4242
1552
1052
2568
1442
1881
1126
4086
1497
2827
2357
378
2948
769
347
1469
1037
1261
1453
3027
907
3207
2672
237
2336
4060
1386
1593
652
1213
569
1377
2753
126
1001
4180
2494
4092
2968
4298
278
2245
3074
55
932
3572
1161
2029
981
1849
2181
1096
165
2437
2519
1855
657
1175
201
5
672
843
206
895
83
4343
1114
2195
327
178
193
295
1427
432
3783
1655
3047
2784
2072
4078
1878
1949
3860
2696
414
1916
1258
752
157
2905
1273
1256
731
477
1272
1627
954
818
274
421
1337
1513
2043
3012
2525
953
3953
1860
270
316
1703
3680
690
1204
157
1651
2334
1509
3460
566
2455
1982
136
3239
2050
3607
536
2172
1525
55
2119
2460
2325
1877
2146
3100
509
1495
539
184
17
1334
855
1317
1774
2760
1175
224
118
533
2498
541
1343
2298
1422
3509
2385
2682
1929
1554
3327
453
689
1010
426
459
566
1232
3388
1203
693
2670
62
732
3116
1507
210
1144
600
723
1629
2041
438
350
2670
724
2325
666
3677
314
125
2316
2056
2181
2747
3025
3624
391
3729
1113
435
898
161
2621
306
1535
62
1967
908
4155
1019
206
3850
750
1317
2488
1
535
427
3403
131
1218
1210
940
2955
2380
241
4444
3242
1728
1647
551
508
284
2543
943
1702
1676
1494
1714
1692
1083
3179
396
785
552
2716
353
1420
727
3201
1094
2521
674
2130
2809
77
1456
644
3844
1073
3005
2898
548
44
94
942
2770
4458
1662
517
1399
1044
299
2252
3609
3164
3945
3695
1286
167
2156
3139
126
2876
63
151
46
1802
1645
1478
2131
2905
2972
872
3938
1235
619
809
2010
1715
499
85
3474
2171
3043
2863
227
2491
517
2060
522
90
1163
1424
1007
2833
857
1878
3356
2612
265
1166
1291
1231
1015
3539
1253
94
3036
2813
176
2268
2399
591
1014
1033
1525
2010
624
1692
954
247
157
329
871
345
1690
3174
1053
1525
342
53
1095
1572
232
2367
3170
909
769
4463
2747
3277
181
4029
2884
2109
837
624
4088
734
650
1907
18
1610
1810
2806
3053
171
27
1810
254
75
1274
3535
389
3786
728
4177
395
2073
1267
232
1053
807
2888
129
373
4172
242
801
1275
1543
2133
337
2527
1324
1603
3431
786
459
3453
72
698
581
1096
1923
3280
1597
1931
1348
2064
2712
315
1530
1075
2763
1724
3424
707
992
173
1381
86
879
1799
2802
2455
571
3946
1722
1877
588
2884
790
2579
572
3540
15
3127
1820
1390
2717
3683
559
709
328
1393
145
3849
913
334
300
257
3893
1415
3559
1106
639
2147
927
2160
3094
1836
1271
843
2616
2382
377
2766
3223
2694
897
582
3008
406
2044
2203
2030
1589
1362
1145
243
1470
1902
480
3325
655
712
545
1308
2129
707
689
1079
2682
955
227
1527
644
2493
3813
4467
4190
626
440
288
2164
7
3080
2672
409
3307
767
242
2501
2026
935
1869
2306
1504
1347
1035
104
1431
882
1570
45
2953
2437
896
3837
496
306
1330
2942
1358
253
3017
2010
128
643
2721
225
822
4075
4514
759
1245
2960
2988
2626
301
1490
1930
4150
256
553
2459
1741
78
839
2106
82
2323
101
288
1241
1523
2504
1727
940
639
174
571
267
166
1996
790
379
2439
319
1754
1193
3923
4108
1890
1711
919
145
2508
1015
2413
4067
1139
3416
208
4296
742
1729
771
4
1624
2937
1298
1822
1319
443
446
3060
1004
2828
2107
4491
1248
307
1569
2271
1651
2129
250
1975
2012
509
1627
3003
740
1622
277
904
534
3239
655
1250
617
4455
539
1123
1960
161
3262
716
984
737
2432
1777
1319
1068
3295
2965
628
543
136
1239
417
1493
61
510
1207
992
415
822
1715
707
2846
1428
681
504
1515
2643
1314
2622
1334
1087
1266
401
3128
1580
2757
2181
907
3647
3675
1748
1322
2343
1309
1419
2319
628
1357
578
617
105
2015
475
1647
3695
2841
3490
967
950
1778
25
1098
3973
691
444
2498
1576
2924
340
2268
1186
3513
502
547
295
10
2502
542
797
810
2304
1043
798
1345
4394
3004
2256
3799
1074
2408
4220
3604
643
956
2727
2661
3862
1419
2425
808
1312
2298
1222
1064
528
643
4043
479
2228
1313
2508
71
2149
569
2151
1342
869
470
3708
1545
42
1626
1912
651
1149
1700
617
1761
1980
1159
2223
1857
1517
1782
2181
1060
1097
930
4385
1748
1134
1265
35
3109
268
162
2453
1598
232
3649
1458
1003
2441
542
2567
676
3779
2304
245
729
2911
750
782
1153
474
1685
945
958
3775
331
2450
2623
757
241
3425
612
3028
1450
3147
2125
1718
4236
2794
965
1625
938
2505
808
3426
2187
1387
1092
4580
244
2853
1987
1812
880
1816
810
2411
1322
2137
3572
231
1131
605
1792
2178
251
1585
543
824
1226
768
855
1030
1651
2789
829
1999
142
317
2765
1099
328
869
1677
2997
168
1508
2469
3400
1403
2559
47
2068
666
1154
1070
3611
1653
2575
1609
1043
1818
962
3415
435
1732
1000
999
4091
1258
2579
1804
1921
214
1697
891
1932
331
251
2024
1857
270
2239
4389
445
231
347
2262
864
2141
3076
4104
2905
3021
3179
1078
728
1056
201
1033
718
488
2477
813
3070
3526
392
521
1335
2359
1954
40
51
794
1151
657
429
474
1558
409
593
4280
872
1221
1662
2341
927
3467
3023
2371
2200
1907
1568
983
1305
444
654
1158
1935
168
301
3075
1689
903
638
1509
392
142
1260
2016
31
176
301
2431
1891
1068
420
1643
2362
3058
1115
1928
1301
1775
523
1538
1492
1172
1236
1246
2280
792
3110
666
975
3453
1948
335
1828
574
4258
85
217
740
1881
721
690
2190
1577
1733
2393
1567
4078
1088
3405
4296
1708
216
800
325
2364
3931
650
618
232
1097
650
250
1836
1107
9
1373
1297
1102
967
3384
1263
2368
357
3051
1146
3048
2833
854
2225
1633
3302
955
2604
3563
3744
429
1273
2601
1560
2249
331
2012
235
1842
2593
579
1193
721
2454
1218
45
2554
1466
366
139
2931
274
2379
3478
1646
1562
1674
2905
2547
2332
2104
334
1189
3944
2223
222
3868
773
2989
780
77
3140
2246
929
135
1697
393
1224
2382
222
97
1291
3011
573
2554
2459
3130
1603
2775
551
157
1428
865
94
3889
4487
471
4366
4008
922
144
2644
834
2441
2182
1495
2363
680
492
139
3322
3097
1344
409
1292
576
1039
4394
1367
4392
1312
295
2830
243
1485
703
1302
194
1349
3196
608
4750
4724
744
166
3971
157
873
3435
939
507
622
3949
3482
207
884
2162
1417
4617
2854
258
2064
920
762
4052
1339
4197
1936
2346
784
899
957
3619
17
2847
1822
1575
3500
907
1078
3018
480
134
1556
1845
856
847
1549
1940
947
1005
1444
3170
1800
3345
1511
506
1319
187
2669
319
99
3975
743
2036
1124
665
2067
3457
1494
1336
3306
180
2612
1621
717
3563
231
3664
3390
747
60
3955
3078
413
1567
2745
1774
3221
2940
2248
3410
3364
372
247
2220
1593
1165
2721
1864
2782
2136
3785
1730
1520
1099
1199
760
1999
1809
2335
599
1560
1401
489
1066
2643
394
338
284
3897
671
862
1292
2787
3123
523
4097
1284
1390
272
3675
2260
985
897
517
1872
2208
1021
1135
3359
3269
2705
91
608
364
473
130
1515
3990
772
874
2670
3601
2951
1427
1873
1057
123
139
2075
96
1081
2641
1156
2543
2600
461
2070
2405
1170
2680
4615
1656
3440
904
289
101
1115
191
2227
1194
2038
696
3078
1513
1900
1641
729
2505
1884
1503
1448
3970
1032
1242
1944
402
306
1337
582
4179
438
1774
1101
4429
3821
3374
362
3157
157
2786
2031
3807
1270
4577
361
1023
160
1840
1659
628
3267
1398
3148
1479
1197
1501
1959
3988
805
922
1995
2430
1835
1799
1616
2694
494
116
447
2003
2811
4832
482
1312
2622
3416
3689
989
1500
225
576
1044
1573
2046
2923
2272
1419
377
1769
306
332
1899
610
3129
23
1350
1793
1741
1988
1761
954
1750
61
1237
1682
592
1054
1118
2208
996
1133
2435
4563
1725
2043
2642
2588
2055
2987
533
2227
1670
3142
553
1367
885
1082
2730
2236
2481
2156
130
2592
4
753
1863
3137
291
2783
2195
2280
3086
1581
3996
2067
53
659
846
633
366
2444
757
3006
2965
98
3002
1214
2168
1181
988
155
2488
2651
1866
1033
40
100
2602
4430
2103
2773
1136
134
1601
1676
2873
1569
926
871
4082
92
2793
1194
404
4329
1223
1043
879
2823
3724
3038
2392
3660
1581
386
77
401
765
1158
715
3151
2377
1834
1814
2821
30
905
1867
2599
1915
2206
964
1907
2991
1772
1812
2410
1171
175
1625
3880
4076
2916
2014
125
2485
3713
1255
155
513
2309
1143
2982
724
2031
331
2243
817
1244
1439
746
626
877
3800
2470
4567
4264
1394
246
3134
554
2058
4259
1646
453
1125
3469
3607
2673
521
4169
146
986
2525
1508
2862
1130
2164
3244
1595
3321
1914
4679
1549
894
2541
5
446
1740
1716
676
2178
565
321
1589
570
1675
178
1735
834
917
3669
885
1879
894
3025
649
785
299
4120
709
3209
1481
1035
2903
928
3063
459
581
772
705
2271
4045
12
27
2105
3194
369
2799
526
374
1933
3035
1389
2327
808
2628
439
1349
395
1468
269
2383
603
2467
1319
1442
3099
3631
2118
2754
1395
1661
845
811
192
1538
4380
832
390
2025
3122
2392
1575
2941
4493
1299
4071
333
2814
2052
4060
334
658
2744
3374
3476
2096
1113
4080
1895
806
3069
2306
2909
1284
697
4453
4041
3475
1543
2626
285
2447
951
2933
1997
282
49
1761
2015
2807
1479
2808
2309
1605
874
634
3083
3379
991
4109
411
228
145
1021
2414
112
401
2065
1151
942
3043
2751
947
3817
1856
827
2218
1226
1045
1296
3735
2544
431
914
1489
2837
2653
702
851
42
1212
3211
2290
568
1949
1602
1908
204
10
2851
1462
450
1826
1861
70
3477
71
3063
1978
618
3029
54
762
4295
2501
3458
3544
3920
2173
2891
748
126
1125
331
2469
2008
784
1312
2361
804
2893
934
2886
1645
655
847
2546
1702
1034
1676
3309
930
2031
1720
1566
2071
1160
1003
985
854
3537
2836
2012
2212
612
2719
1268
1230
2550
1222
3229
1395
603
505
520
571
1273
2105
1309
1015
400
1492
1716
1558
2194
2595
31
579
2388
111
1914
3358
2592
1859
3800
4202
1981
348
436
1604
3514
133
105
1793
1280
702
167
156
3332
1720
2521
1749
1054
3791
3515
2354
454
2754
1888
3753
213
2681
2795
2680
837
3893
293
1393
1232
3064
3488
3407
2411
107
391
934
1122
544
849
255
2627
204
2775
1223
1412
2871
2714
3820
894
646
185
2575
747
100
836
1950
138
1105
1244
100
2354
708
195
888
406
2476
2020
3835
2589
83
2035
1237
622
1210
2273
2328
744
1535
4576
3296
3985
3293
298
4822
939
1276
1698
603
4430
4197
925
2377
479
4091
524
816
2807
179
193
390
1777
1353
1681
278
1328
2876
372
3978
2940
2263
1383
705
2266
1102
1994
3026
300
1798
1381
2762
1165
797
317
1224
824
3156
316
3280
3195
2737
4723
928
3968
291
594
398
1948
2012
704
138
1518
675
367
103
1391
67
4113
2041
326
4310
603
4062
1132
1354
2853
3069
405
559
2301
733
3670
78
920
3711
0
955
858
204
1115
4506
1959
3240
624
2904
640
2
589
850
2663
2108
2388
2747
2675
318
2660
182
2667
3683
227
2353
2002
2922
515
3985
738
388
1263
920
224
1480
2183
4340
4474
2775
751
2589
1072
3610
1104
337
2917
866
1705
1843
2117
3212
1008
292
168
3653
249
3148
1365
2055
195
733
938
3114
563
2133
1469
740
2581
2596
1166
63
2591
46
3438
702
3469
2668
2976
81
580
1277
2625
1606
2741
121
2783
3227
1824
1331
17
3144
29
857
299
2318
2654
489
2887
1784
3358
3519
1361
2189
1897
3363
2041
1276
2129
1023
38
901
1333
1672
893
62
3129
561
713
1884
3082
2265
406
545
192
555
3991
397
1787
728
1881
1622
1999
541
891
3235
746
3403
748
2682
1078
292
473
1565
660
899
4204
2656
1343
1458
812
645
4304
1221
805
496
419
664
3321
1310
1505
652
103
916
1557
383
2795
4022
21
120
2846
2605
378
1650
3234
407
3295
4224
2113
2662
2072
873
10
345
141
323
2953
555
1062
2349
2481
97
2481
1342
612
1144
1438
2290
242
2025
2063
4475
4052
1812
873
1013
4230
247
1848
1251
59
1183
408
211
1455
517
1912
824
2585
1304
142
1338
2482
2435
1322
2660
128
915
1395
1295
2435
470
550
2674
3496
3992
3128
4205
1323
3072
2232
1213
1951
439
2676
625
278
2233
2203
1857
2738
635
211
871
3322
193
704
421
2095
3027
506
3021
98
1827
1311
817
2530
759
618
2117
2773
936
193
2624
1163
3187
3244
853
125
389
4384
3096
2602
376
2310
2782
3676
2744
63
1787
3228
891
1011
2539
2595
806
1984
1889
3742
2547
204
2679
1645
2331
2745
861
76
602
2600
743
2565
560
3509
878
1871
2981
601
1367
1173
2587
1918
2255
2158
1249
2720
214
2632
397
631
1933
1875
1636
1451
1100
1611
752
1148
796
1426
574
115
130
4264
1459
2359
3546
1016
1772
891
910
2025
3914
1694
1820
326
2071
4632
3256
3105
2164
1758
418
42
3009
1228
3503
3044
1093
1992
3596
102
612
3826
3020
2048
43
2314
1121
2078
664
651
3180
2287
1918
2138
1036
586
1599
77
660
1093
2868
211
179
1000
1548
322
282
643
257
810
578
462
929
1150
86
2899
209
745
1267
2689
2228
1292
1559
3111
1002
2680
1081
515
1548
938
4710
364
719
2461
444
81
1926
681
747
848
444
1011
471
2159
1129
3879
1796
976
1592
2257
2580
2248
1408
1307
2957
1643
2582
3645
4547
1793
996
229
320
1387
3222
1778
783
541
417
1697
2105
3533
243
1990
1442
1853
2634
1675
849
845
1240
396
594
612
711
2336
795
394
3631
659
1664
714
3338
1450
2298
1554
416
651
2722
121
1627
1268
1879
2033
2338
560
3761
1696
2912
2399
451
2076
2016
612
4232
518
3728
1602
133
579
1094
141
1643
2020
799
984
2920
2094
3097
220
1805
1728
2007
599
1635
2985
1036
3560
1436
1205
1891
542
557
2332
615
2080
564
1539
200
2
97
72
2731
1281
736
147
122
2791
4423
1575
2211
1676
4094
331
1370
196
2624
4517
2182
2109
3229
1805
576
266
3440
3720
761
2992
2773
4533
163
1073
2730
1760
112
1539
914
1142
856
31
3229
420
946
1134
565
2145
3776
2863
2452
1585
389
1021
1616
3279
1376
1300
280
4213
1119
1204
877
445
109
891
2754
1233
2129
1846
544
584
1695
1679
4221
1425
386
3454
2299
78
1332
637
1446
1141
316
1950
151
2733
423
434
110
1724
4047
374
3461
4146
4173
1871
3382
1808
1347
2850
1699
737
819
2421
481
152
2713
2940
217
3473
429
3198
2222
822
832
414
441
509
1362
319
1949
1722
2459
914
2050
2290
3124
1736
1567
235
1762
692
1285
498
2720
2279
1288
492
4727
348
4099
626
1017
1635
692
4814
504
1828
4534
1136
526
1530
415
2627
356
7
786
1248
1372
3148
482
2500
435
1886
1197
1543
245
924
3383
1101
1291
1220
292
3428
589
987
1428
1141
3335
1740
1393
493
702
3064
1036
1116
2805
1755
313
2763
2637
979
3918
4309
2504
1805
2337
257
2577
2778
1266
1112
1691
3990
3078
1809
75
3608
291
2225
3536
124
3256
923
2279
3138
321
60
3964
1554
1722
3884
2459
939
1511
3498
582
3310
1306
892
144
300
1377
482
2156
2302
2000
2618
1737
685
3838
972
2415
556
2317
2000
522
3214
2027
1085
1481
1583
96
868
4253
3022
1144
1
1015
922
4068
1265
625
1385
1296
1461
74
1512
3713
1004
3257
1289
430
337
4184
2368
2304
900
3868
86
496
1199
1811
914
175
2394
559
1206
164
2104
1877
604
4052
476
2038
271
1280
323
1447
725
517
1535
1357
1220
2992
8
580
1064
1380
2574
493
199
2517
4085
990
480
2094
652
52
1476
3041
1079
1275
2057
1461
965
779
3980
1272
588
3080
54
2216
902
896
2113
736
37
298
141
1505
1114
365
1701
3292
3521
34
2700
3988
359
927
1749
2290
1870
1488
751
3464
3776
1250
607
2435
4110
347
604
2354
1382
2887
2894
1503
284
2133
2556
1002
1839
80
507
1072
68
818
57
613
2708
4352
27
3599
2324
1913
525
1820
99
410
4240
1490
4066
2731
609
2329
714
953
331
1518
1923
3856
620
247
4592
1860
1787
751
1074
1611
1846
1093
1413
1325
969
885
827
2985
2156
1712
781
2238
442
407
481
287
1293
2529
614
188
1786
3028
1104
1513
2663
910
3223
3032
1552
3174
1124
822
94
837
3717
1339
326
9
1170
1285
202
2542
2449
2221
230
2365
2488
517
1460
2663
772
4755
421
594
592
911
2406
1951
3681
463
1882
716
372
2038
2293
2187
801
338
1287
2425
3196
2210
867
2548
870
2247
1807
1425
376
7
2941
4620
1467
874
657
1100
829
2407
1193
3486
1311
1695
1567
2962
804
1363
3419
3902
732
1042
757
3179
2356
54
2217
1071
1481
1313
4622
2300
200
3257
2020
52
638
4066
2413
34
1331
1856
410
4177
2492
666
554
3688
1067
799
1724
1420
2314
2218
3691
609
899
1841
2770
4396
228
555
2517
176
3667
4211
183
1577
2280
2683
4085
130
2814
1425
3633
4171
4065
1203
241
652
1624
2105
1476
2332
587
559
2011
1804
562
1104
1349
1295
599
2458
423
591
4179
3881
103
1129
4618
2950
1970
767
311
1745
3297
1322
321
1775
1582
1813
1302
649
2745
1147
3497
809
325
2217
645
906
4104
768
1260
2327
275
3916
860
1028
702
1943
861
2780
3393
1314
2003
318
967
1153
1372
3185
289
1129
1704
2118
1818
815
1168
1612
683
2117
1024
1392
1644
910
82
944
426
2232
148
461
3431
2372
1545
158
604
240
1188
2005
344
1211
214
3560
2063
2468
489
651
3243
1264
938
2087
69
250
1290
677
235
2144
689
683
2079
422
1468
555
174
36
678
1427
1860
1371
2750
3924
173
4695
2958
3644
2782
1122
929
102
352
1583
522
433
459
3038
2495
2508
2800
2379
4733
444
2399
1050
85
1228
661
3631
1255
1054
1689
241
2733
3684
2034
4279
4519
3199
2668
1848
944
809
2258
1438
653
2218
944
2104
1131
225
463
821
2472
1382
2918
195
273
4056
2651
835
2442
2351
126
637
1747
707
327
445
2441
617
3248
1912
3411
2492
3269
3221
1115
1833
3467
3510
2997
314
173
2483
115
2555
1819
17
484
1944
1237
1859
1201
252
802
1386
724
3502
2415
1356
3350
1036
521
605
1850
1062
2908
2554
2737
507
2470
2367
992
399
810
1
766
3059
3504
2363
1993
3078
123
657
1211
2420
1718
2442
2878
3975
3470
619
2677
44
276
941
4827
674
458
352
963
2033
598
1715
2615
1680
254
4166
2048
1242
408
301
2315
1935
65
184
2036
767
1047
2586
974
640
484
682
1469
1728
1473
24
908
4463
1261
410
758
4032
78
401
2212
367
1205
1056
692
3392
874
1972
1891
1618
802
144
2138
719
3451
910
1861
3424
1495
4224
175
2741
184
453
1349
1506
1152
825
2429
2216
4134
3267
3638
1223
9
1735
1888
482
4400
425
1896
1331
4456
1763
2588
378
722
339
2560
1862
4126
2872
1378
1586
2660
2622
3370
1698
2025
1735
583
325
2350
2268
2622
2820
2543
621
2496
1556
1813
437
3547
1355
1969
570
1317
56
1142
994
316
2112
2713
2811
779
1986
3530
2030
3585
3706
1480
2354
1526
2763
3975
3590
350
1492
2867
1500
604
651
2690
1833
2686
1324
1271
1304
3733
2549
2234
1014
1183
701
37
302
1887
1581
1455
1376
2783
2313
755
1769
3256
788
940
618
3415
1651
3591
1578
1726
3973
584
2160
1662
2397
347
1695
3322
360
733
1911
1491
457
2380
2165
2110
3042
98
2288
4021
811
524
891
644
1190
46
3482
1436
1316
630
1368
1540
1055
125
1859
608
772
932
120
3282
1182
1770
3776
729
2805
4434
370
1316
2929
1088
644
2010
1469
1584
145
1931
1473
300
2360
1011
145
669
3031
2257
2278
2261
2003
1237
891
835
378
2143
2665
2050
605
3111
3899
1520
3026
2407
911
478
2707
673
2869
1687
3329
431
2433
2341
237
1205
1958
1843
1092
26
1063
819
1377
952
924
752
1
1153
2260
3257
2339
160
12
1623
2984
1388
112
516
673
1260
1358
3512
2114
3945
541
2169
2378
416
792
1653
1412
1108
56
2485
1370
1082
933
785
1679
126
2178
1874
996
3581
52
2033
1171
1387
1273
1468
2309
1204
1437
2280
2076
1069
1328
2478
1824
2578
1621
1253
609
596
1445
1252
1911
1898
2558
139
881
3681
564
3152
224
385
1584
3628
1961
3267
876
2108
8
1901
168
1948
1653
313
1546
1789
805
1989
1396
2426
3973
2527
3086
974
2332
561
4199
3532
1771
2202
240
1216
2662
3683
3427
498
537
2224
1108
415
2159
2314
1058
3669
2528
546
1827
101
3832
1347
1782
15
2630
2054
182
1140
1581
432
3469
615
2081
824
3637
2874
2078
1910
1574
1336
28
3294
3228
3127
442
766
300
3316
1818
200
1322
1500
542
255
1024
2263
1522
741
756
2525
130
3026
401
570
1325
832
2526
216
1613
3688
2229
3743
1942
1712
3174
1203
2365
4181
1664
1565
197
1887
1043
1083
562
1470
2443
2276
1114
2042
1029
1611
271
1098
1376
2456
4116
1740
444
1872
977
1724
850
1872
3478
1501
1857
2307
3576
953
2328
191
182
1490
1503
2242
44
998
516
1930
118
3095
2511
1122
1702
3721
514
325
478
2894
2042
2304
985
289
3144
1808
1173
1883
130
3517
2143
409
457
250
458
445
1404
1842
3193
3278
1580
203
413
535
120
550
711
1710
3211
2614
2455
2000
3612
1682
1053
783
4010
1153
836
1951
2934
1877
774
842
701
1658
1241
1784
336
3097
2053
2543
2389
694
1872
406
620
1533
1227
65
173
1560
2835
484
2956
1588
3656
1556
3451
1168
347
3665
55
1110
3597
1246
1453
2828
1129
4655
1142
963
595
470
345
2417
1601
3113
951
1052
2426
1271
3297
4463
2782
3943
612
92
1056
2138
61
1311
25
43
66
2469
3308
1610
1852
385
202
593
1468
956
3830
118
1457
379
1106
2392
1583
2706
2309
1318
1931
967
1320
914
1877
2773
866
1711
52
1736
3125
2223
2002
469
829
924
2091
83
1022
2061
375
2559
836
3436
3255
3333
120
257
3538
551
549
2890
620
2348
3178
959
1213
1277
546
1061
536
145
1067
1858
2534
779
532
2172
3144
4566
1980
856
1641
3585
925
2460
490
659
898
433
95
2215
3015
153
1719
941
627
2643
1412
932
1269
2229
289
1078
3025
4332
2794
183
121
1122
513
2550
1828
843
1919
3433
3189
1128
3979
1588
234
196
982
3704
790
1697
455
3008
2644
864
1661
2905
1374
821
3716
1068
1382
1923
2695
2352
917
3816
2399
632
1683
375
2424
1006
2805
2783
1689
998
74
301
2836
1739
2019
91
1012
860
2216
2264
160
2200
334
3985
1843
702
441
472
3411
1575
533
814
2045
1254
1424
2613
4519
1080
1934
1596
3916
3991
2911
2583
215
889
837
459
1587
1082
2185
4249
1294
2025
17
3295
1627
1263
1958
3401
4636
1819
73
480
2702
2121
1830
560
709
504
1040
2092
458
2678
1101
11
3965
1092
659
2076
1075
1216
1080
3037
125
2940
2620
3581
1548
219
2556
3453
3784
1671
1362
2664
1485
2747
2311
3962
1376
1768
204
1744
345
3165
2252
267
3157
943
843
1286
1036
518
1168
706
858
3109
299
718
2304
1267
1511
2867
451
4509
3028
738
2339
1733
891
2389
2517
1934
2483
136
400
1973
2044
2578
2216
1634
346
4553
129
1880
2822
2201
2403
779
2223
1761
3882
745
1367
1070
2024
187
351
3102
688
3607
856
2135
248
1653
995
235
400
929
2123
1096
3028
1159
15
2014
192
735
2946
2498
1351
688
2779
412
1941
3806
3222
1059
3692
1136
2027
661
1182
2168
2244
387
2618
1212
174
3257
3848
2331
3452
1801
1738
465
3425
475
2295
1672
1333
1429
613
240
581
780
1921
1494
167
2093
1431
834
3126
1118
3871
1461
1654
1703
2151
924
3939
2836
2210
831
807
79
1221
1573
515
2439
2852
986
1413
3407
3523
3052
1154
260
2273
990
2284
1081
1453
816
631
1906
1005
684
1095
2938
1473
999
781
3855
2894
418
211
404
1725
987
591
3195
3062
1599
145
3717
2694
466
1028
1129
1314
1149
1968
735
3072
1091
478
4199
121
873
1734
4410
572
738
2154
3322
2688
139
4522
2400
1519
1581
2804
597
664
957
2798
4326
2289
2184
743
1520
1597
2372
1655
980
58
3119
3718
564
839
3129
2304
802
4221
1187
609
1362
4320
3124
1845
2966
1587
505
1948
1703
239
544
160
2160
921
4059
1850
2286
457
1880
431
1929
1104
952
2798
349
2944
1327
1188
574
2154
1152
415
2849
379
880
2892
107
506
1687
1567
2802
132
429
1632
619
740
4
1149
1254
1973
174
914
2757
2363
486
467
348
2241
351
220
138
358
2574
21
615
3550
819
1814
976
2130
688
339
779
354
4337
1104
3521
734
2513
1438
2910
430
362
759
162
1662
3386
1040
274
586
2195
1917
4554
4216
145
2265
1246
414
3698
17
983
1112
837
1164
96
1167
844
3983
341
2898
3302
248
2310
729
2593
1887
1130
1332
1306
3341
3212
1212
264
3892
4086
1104
4348
2344
944
999
3692
444
2700
1225
3273
5
1513
113
2613
646
2083
24
2462
3185
463
346
2692
1138
93
229
1691
1511
1523
1339
4173
3104
68
1142
103
1217
788
1426
557
2739
135
2875
4426
2710
317
3659
1762
693
3600
1018
1496
3209
396
1221
1221
932
3157
3522
1206
285
515
2061
1261
2328
916
2700
1652
377
199
1036
76
1339
3148
2650
2500
712
1661
2451
1408
2401
12
2097
2731
2363
1310
2978
2967
1870
190
1005
2238
129
574
3
3148
2359
316
1610
2061
3669
3069
977
444
2692
2802
623
715
1229
3346
1096
1174
1967
1523
2211
854
435
4134
4166
327
3279
396
1839
1917
2637
202
2448
504
3792
3190
2558
1309
2255
265
2728
894
3182
1941
3286
1230
649
1258
1583
129
3582
1631
3187
511
2525
2392
998
366
1191
1946
925
2752
1286
2897
4476
1211
1452
2267
1325
2818
1503
1689
3004
1271
3498
2762
3006
3251
251
182
853
998
1234
2908
2547
521
3309
67
956
273
1513
1232
3703
33
3907
2487
231
623
297
808
3882
99
2719
172
1206
1721
3946
340
604
1578
1232
1123
1195
3250
410
3890
4654
2050
2223
1155
1667
2323
1206
1945
1358
4250
3503
346
3150
563
3485
3074
3373
516
968
86
2762
1485
1367
423
3145
970
3697
408
2437
2848
692
2804
2559
172
3909
861
712
2123
1358
710
982
1326
3080
2915
941
2709
2778
1426
948
259
1173
3390
2885
2402
1352
142
1712
327
2659
3487
2131
1069
2009
3837
3875
1937
73
316
2244
1132
298
1892
83
313
3002
2785
3105
1668
3444
578
738
3800
169
3529
112
332
468
1875
3202
2099
2024
2851
672
2293
1265
2186
2620
4
1868
197
1628
1787
1458
3281
1457
699
1439
2721
4058
432
2441
1038
1529
3951
754
1482
427
1663
1207
2003
3774
2993
967
3097
345
3479
2341
2976
526
2258
2379
1923
1907
1806
472
2663
1963
131
1280
614
3099
304
1022
1168
653
767
2169
687
2979
338
763
2103
48
1178
29
1367
3760
765
667
2481
3163
2432
840
1007
2929
54
1874
1231
3016
4138
151
1160
1411
1691
1781
1005
215
737
1578
3906
279
461
2911
1297
1881
4007
3319
1493
2867
4789
2395
3591
4572
156
1973
762
2504
3956
1575
21
3809
80
2092
2450
406
1549
2354
468
1673
123
867
4350
1198
8
2319
3960
3676
2843
1909
2470
82
235
64
382
2003
2153
1428
1482
2378
1081
783
872
1699
2886
149
3406
2361
640
598
923
1381
2965
923
808
1636
1547
3094
3130
1809
1113
1046
2287
658
1221
1996
2144
2224
533
2101
1865
126
1278
259
3971
324
674
2747
23
1162
132
89
3413
2970
2430
932
661
2419
526
4183
1936
1364
3653
2054
1579
1076
529
3647
1462
3028
1200
1105
567
688
682
2582
559
3839
2558
1005
3419
4416
1440
39
2578
4207
4101
388
733
349
1865
14
3183
1418
970
1546
1427
908
3336
674
1453
2816
596
1088
2379
1884
1204
2347
449
1355
2443
2142
2246
1295
977
577
2999
1007
927
734
383
1184
594
974
2695
1805
3123
947
2076
3645
1436
2622
2544
1024
3606
1091
2481
1481
1087
2409
869
2799
1185
1052
2327
425
1480
1438
16
1841
2018
2383
520
3003
1956
99
449
3878
2578
1318
3806
238
2008
2396
9
1118
400
4177
1726
134
4409
2069
776
1833
1918
283
738
3496
201
640
1863
1242
920
3498
1305
1198
476
2756
2256
2709
705
372
650
228
104
259
2332
771
2863
566
691
2030
1180
556
2626
4443
4057
567
3717
1090
2459
647
3690
996
3494
419
2372
2874
293
182
1855
668
2711
2119
49
564
1146
3235
2500
2209
2662
121
2119
2060
925
1973
1292
2487
2686
1580
3643
824
1539
6
372
2778
1057
1084
3514
299
1720
3041
428
1771
867
739
1407
3056
3350
2317
29
2112
1028
2025
1799
223
217
1863
1171
4265
521
488
2707
3483
1334
1514
3171
2177
1872
2158
3700
2213
3398
627
3531
3213
1453
184
129
1007
178
543
1151
1734
932
2532
905
109
2541
1696
3876
3548
2912
3090
2893
3966
3366
791
2366
1044
501
3795
1544
1481
249
2891
1529
1203
796
2378
419
2695
2547
199
931
893
1287
3084
2982
290
349
143
4239
3285
341
2851
1383
479
1845
157
983
384
4280
551
3741
469
1101
519
762
613
1622
293
1793
977
134
1974
461
4237
29
3590
1344
463
960
2435
1883
2300
3703
1884
749
2298
1153
3893
82
787
1874
1214
1032
2061
824
3711
1321
2645
2893
2275
2641
1862
386
2034
98
3431
1624
714
996
843
615
1162
539
1519
2806
1671
952
2711
1500
1641
569
2643
2695
451
2409
473
810
2608
479
2873
1284
184
127
1523
3342
914
667
3681
725
1036
2915
3129
2997
1425
1461
458
422
4245
3791
2506
413
61
1192
2446
506
2322
3992
2140
882
1748
774
1826
1783
0
1320
3938
956
2675
498
763
1052
4558
2970
594
329
197
2762
3352
1730
659
1362
3653
547
3832
391
448
2175
34
1489
1481
2172
3858
2399
2174
1083
3958
685
750
373
96
295
2701
1333
1026
2466
473
3705
154
1593
2748
2883
360
2955
678
4479
120
1681
922
836
1954
201
928
490
2477
249
3393
869
1146
760
291
477
3514
2036
901
464
410
1285
3187
694
265
1662
1406
1200
2593
3533
2513
2864
668
565
1616
631
2829
1732
1417
1110
1688
658
3849
1873
1169
420
88
161
2394
2019
781
2316
408
2365
1456
1414
270
1466
1291
2681
3013
2927
2605
443
764
1412
584
209
665
218
105
85
3487
2558
2737
943
3377
1292
1263
608
1793
278
871
2117
332
1181
1122
1013
240
1150
815
2087
587
3204
225
35
253
3450
1160
988
3264
804
2208
1815
774
1147
2871
2708
3791
251
838
139
1701
1036
434
40
3855
1427
165
3302
751
48
1546
969
3480
